evaluations raw_y
1 -1974.0000000000
4 -1973.0000000000
5 -1972.0000000000
6 -1971.0000000000
7 -1970.0000000000
8 -1969.0000000000
9 -1968.0000000000
10 -1967.0000000000
11 -1966.0000000000
12 -1965.0000000000
13 -1964.0000000000
14 -1963.0000000000
15 -1962.0000000000
16 -1961.0000000000
17 -1960.0000000000
18 -1959.0000000000
19 -1958.0000000000
20 -1957.0000000000
21 -1956.0000000000
22 -1955.0000000000
23 -1954.0000000000
24 -1953.0000000000
25 -1952.0000000000
26 -1951.0000000000
27 -1950.0000000000
28 -1949.0000000000
29 -1948.0000000000
30 -1947.0000000000
31 -1946.0000000000
32 -1945.0000000000
33 -1944.0000000000
34 -1943.0000000000
35 -1942.0000000000
36 -1941.0000000000
37 -1940.0000000000
38 -1939.0000000000
39 -1938.0000000000
40 -1937.0000000000
41 -1936.0000000000
42 -1935.0000000000
43 -1934.0000000000
44 -1933.0000000000
45 -1932.0000000000
46 -1931.0000000000
47 -1930.0000000000
48 -1929.0000000000
49 -1928.0000000000
50 -1927.0000000000
51 -1926.0000000000
52 -1925.0000000000
53 -1924.0000000000
54 -1923.0000000000
55 -1922.0000000000
56 -1921.0000000000
57 -1920.0000000000
58 -1919.0000000000
59 -1918.0000000000
60 -1917.0000000000
61 -1916.0000000000
62 -1915.0000000000
63 -1914.0000000000
64 -1913.0000000000
65 -1912.0000000000
66 -1911.0000000000
67 -1910.0000000000
68 -1909.0000000000
69 -1908.0000000000
70 -1907.0000000000
71 -1906.0000000000
72 -1905.0000000000
73 -1904.0000000000
74 -1903.0000000000
75 -1902.0000000000
76 -1901.0000000000
77 -1900.0000000000
78 -1899.0000000000
79 -1898.0000000000
80 -1897.0000000000
81 -1896.0000000000
82 -1895.0000000000
83 -1894.0000000000
84 -1893.0000000000
85 -1892.0000000000
86 -1891.0000000000
87 -1890.0000000000
88 -1889.0000000000
89 -1888.0000000000
90 -1887.0000000000
91 -1886.0000000000
92 -1885.0000000000
93 -1884.0000000000
94 -1883.0000000000
95 -1882.0000000000
96 -1881.0000000000
97 -1880.0000000000
98 -1879.0000000000
99 -1878.0000000000
100 -1877.0000000000
101 -1876.0000000000
102 -1875.0000000000
103 -1874.0000000000
104 -1873.0000000000
105 -1872.0000000000
106 -1871.0000000000
107 -1870.0000000000
108 -1869.0000000000
109 -1868.0000000000
110 -1867.0000000000
111 -1866.0000000000
112 -1865.0000000000
113 -1864.0000000000
114 -1863.0000000000
115 -1862.0000000000
116 -1861.0000000000
117 -1860.0000000000
118 -1859.0000000000
119 -1858.0000000000
120 -1857.0000000000
121 -1856.0000000000
122 -1855.0000000000
123 -1854.0000000000
124 -1853.0000000000
125 -1852.0000000000
126 -1851.0000000000
127 -1850.0000000000
128 -1849.0000000000
129 -1848.0000000000
130 -1847.0000000000
131 -1846.0000000000
132 -1845.0000000000
133 -1844.0000000000
134 -1843.0000000000
135 -1842.0000000000
136 -1841.0000000000
137 -1840.0000000000
138 -1839.0000000000
139 -1838.0000000000
140 -1837.0000000000
141 -1836.0000000000
142 -1835.0000000000
143 -1834.0000000000
144 -1833.0000000000
145 -1832.0000000000
146 -1831.0000000000
147 -1830.0000000000
148 -1829.0000000000
149 -1828.0000000000
150 -1827.0000000000
151 -1826.0000000000
152 -1825.0000000000
153 -1824.0000000000
154 -1823.0000000000
155 -1822.0000000000
156 -1821.0000000000
157 -1820.0000000000
158 -1819.0000000000
159 -1818.0000000000
160 -1817.0000000000
161 -1816.0000000000
162 -1815.0000000000
163 -1814.0000000000
164 -1813.0000000000
165 -1812.0000000000
166 -1811.0000000000
167 -1810.0000000000
168 -1809.0000000000
169 -1808.0000000000
170 -1807.0000000000
171 -1806.0000000000
172 -1805.0000000000
173 -1804.0000000000
174 -1803.0000000000
175 -1802.0000000000
176 -1801.0000000000
177 -1800.0000000000
178 -1799.0000000000
179 -1798.0000000000
180 -1797.0000000000
181 -1796.0000000000
182 -1795.0000000000
183 -1794.0000000000
184 -1793.0000000000
185 -1792.0000000000
186 -1791.0000000000
187 -1790.0000000000
188 -1789.0000000000
189 -1788.0000000000
190 -1787.0000000000
191 -1786.0000000000
192 -1785.0000000000
193 -1784.0000000000
194 -1783.0000000000
195 -1782.0000000000
196 -1781.0000000000
197 -1780.0000000000
198 -1779.0000000000
199 -1778.0000000000
200 -1777.0000000000
201 -1776.0000000000
202 -1775.0000000000
203 -1774.0000000000
204 -1773.0000000000
205 -1772.0000000000
206 -1771.0000000000
207 -1770.0000000000
208 -1769.0000000000
209 -1768.0000000000
210 -1767.0000000000
211 -1766.0000000000
212 -1765.0000000000
213 -1764.0000000000
214 -1763.0000000000
215 -1762.0000000000
216 -1761.0000000000
217 -1760.0000000000
218 -1759.0000000000
219 -1758.0000000000
220 -1757.0000000000
221 -1756.0000000000
222 -1755.0000000000
223 -1754.0000000000
224 -1753.0000000000
225 -1752.0000000000
226 -1751.0000000000
227 -1750.0000000000
228 -1749.0000000000
229 -1748.0000000000
230 -1747.0000000000
231 -1746.0000000000
232 -1745.0000000000
233 -1744.0000000000
234 -1743.0000000000
235 -1742.0000000000
236 -1741.0000000000
237 -1740.0000000000
238 -1739.0000000000
239 -1738.0000000000
240 -1737.0000000000
241 -1736.0000000000
242 -1735.0000000000
243 -1734.0000000000
244 -1733.0000000000
245 -1732.0000000000
246 -1731.0000000000
247 -1730.0000000000
248 -1729.0000000000
249 -1728.0000000000
250 -1727.0000000000
251 -1726.0000000000
252 -1725.0000000000
253 -1724.0000000000
254 -1723.0000000000
255 -1722.0000000000
256 -1721.0000000000
257 -1720.0000000000
258 -1719.0000000000
259 -1718.0000000000
260 -1717.0000000000
261 -1716.0000000000
262 -1715.0000000000
263 -1714.0000000000
264 -1713.0000000000
265 -1712.0000000000
266 -1711.0000000000
267 -1710.0000000000
268 -1709.0000000000
269 -1708.0000000000
270 -1707.0000000000
271 -1706.0000000000
272 -1705.0000000000
273 -1704.0000000000
274 -1703.0000000000
275 -1702.0000000000
276 -1701.0000000000
277 -1700.0000000000
278 -1699.0000000000
279 -1698.0000000000
280 -1697.0000000000
281 -1696.0000000000
282 -1695.0000000000
283 -1694.0000000000
284 -1693.0000000000
285 -1692.0000000000
286 -1691.0000000000
287 -1690.0000000000
288 -1689.0000000000
289 -1688.0000000000
290 -1687.0000000000
291 -1686.0000000000
292 -1685.0000000000
293 -1684.0000000000
294 -1683.0000000000
295 -1682.0000000000
296 -1681.0000000000
297 -1680.0000000000
298 -1679.0000000000
299 -1678.0000000000
300 -1677.0000000000
301 -1676.0000000000
302 -1675.0000000000
303 -1674.0000000000
304 -1673.0000000000
305 -1672.0000000000
306 -1671.0000000000
307 -1670.0000000000
308 -1669.0000000000
309 -1668.0000000000
310 -1667.0000000000
311 -1666.0000000000
312 -1665.0000000000
313 -1664.0000000000
314 -1663.0000000000
315 -1662.0000000000
316 -1661.0000000000
317 -1660.0000000000
318 -1659.0000000000
319 -1658.0000000000
320 -1657.0000000000
321 -1656.0000000000
322 -1655.0000000000
323 -1654.0000000000
324 -1653.0000000000
325 -1652.0000000000
326 -1651.0000000000
327 -1650.0000000000
328 -1649.0000000000
329 -1648.0000000000
330 -1647.0000000000
331 -1646.0000000000
332 -1645.0000000000
333 -1644.0000000000
334 -1643.0000000000
335 -1642.0000000000
336 -1641.0000000000
337 -1640.0000000000
338 -1639.0000000000
339 -1638.0000000000
340 -1637.0000000000
341 -1636.0000000000
342 -1635.0000000000
343 -1634.0000000000
344 -1633.0000000000
345 -1632.0000000000
346 -1631.0000000000
347 -1630.0000000000
348 -1629.0000000000
349 -1628.0000000000
350 -1627.0000000000
351 -1626.0000000000
352 -1625.0000000000
353 -1624.0000000000
354 -1623.0000000000
355 -1622.0000000000
356 -1621.0000000000
357 -1620.0000000000
358 -1619.0000000000
359 -1618.0000000000
360 -1617.0000000000
361 -1616.0000000000
362 -1615.0000000000
363 -1614.0000000000
364 -1613.0000000000
365 -1612.0000000000
366 -1611.0000000000
367 -1610.0000000000
368 -1609.0000000000
369 -1608.0000000000
370 -1607.0000000000
371 -1606.0000000000
372 -1605.0000000000
373 -1604.0000000000
374 -1603.0000000000
375 -1602.0000000000
376 -1601.0000000000
377 -1600.0000000000
378 -1599.0000000000
379 -1598.0000000000
380 -1597.0000000000
381 -1596.0000000000
382 -1595.0000000000
383 -1594.0000000000
384 -1593.0000000000
385 -1592.0000000000
386 -1591.0000000000
387 -1590.0000000000
388 -1589.0000000000
389 -1588.0000000000
390 -1587.0000000000
391 -1586.0000000000
392 -1585.0000000000
393 -1584.0000000000
394 -1583.0000000000
395 -1582.0000000000
396 -1581.0000000000
397 -1580.0000000000
398 -1579.0000000000
399 -1578.0000000000
400 -1577.0000000000
401 -1576.0000000000
402 -1575.0000000000
403 -1574.0000000000
404 -1573.0000000000
405 -1572.0000000000
406 -1571.0000000000
407 -1570.0000000000
408 -1569.0000000000
409 -1568.0000000000
410 -1567.0000000000
411 -1566.0000000000
412 -1565.0000000000
413 -1564.0000000000
414 -1563.0000000000
415 -1562.0000000000
416 -1561.0000000000
417 -1560.0000000000
418 -1559.0000000000
419 -1558.0000000000
420 -1557.0000000000
421 -1556.0000000000
422 -1555.0000000000
423 -1554.0000000000
424 -1553.0000000000
425 -1552.0000000000
426 -1551.0000000000
427 -1550.0000000000
428 -1549.0000000000
429 -1548.0000000000
430 -1547.0000000000
431 -1546.0000000000
432 -1545.0000000000
433 -1544.0000000000
434 -1543.0000000000
435 -1542.0000000000
436 -1541.0000000000
437 -1540.0000000000
438 -1539.0000000000
439 -1538.0000000000
440 -1537.0000000000
441 -1536.0000000000
442 -1535.0000000000
443 -1534.0000000000
444 -1533.0000000000
445 -1532.0000000000
446 -1531.0000000000
447 -1530.0000000000
448 -1529.0000000000
449 -1528.0000000000
450 -1527.0000000000
451 -1526.0000000000
452 -1525.0000000000
453 -1524.0000000000
454 -1523.0000000000
455 -1522.0000000000
456 -1521.0000000000
457 -1520.0000000000
458 -1519.0000000000
459 -1518.0000000000
460 -1517.0000000000
461 -1516.0000000000
462 -1515.0000000000
463 -1514.0000000000
464 -1513.0000000000
465 -1512.0000000000
466 -1511.0000000000
467 -1510.0000000000
468 -1509.0000000000
469 -1508.0000000000
470 -1507.0000000000
471 -1506.0000000000
472 -1505.0000000000
473 -1504.0000000000
474 -1503.0000000000
475 -1502.0000000000
476 -1501.0000000000
477 -1500.0000000000
478 -1499.0000000000
479 -1498.0000000000
480 -1497.0000000000
481 -1496.0000000000
482 -1495.0000000000
483 -1494.0000000000
484 -1493.0000000000
485 -1492.0000000000
486 -1491.0000000000
487 -1490.0000000000
488 -1489.0000000000
489 -1488.0000000000
490 -1487.0000000000
491 -1486.0000000000
492 -1485.0000000000
493 -1484.0000000000
494 -1483.0000000000
495 -1482.0000000000
496 -1481.0000000000
497 -1480.0000000000
498 -1479.0000000000
499 -1478.0000000000
500 -1477.0000000000
501 -1476.0000000000
502 -1475.0000000000
503 -1474.0000000000
504 -1473.0000000000
505 -1472.0000000000
506 -1471.0000000000
507 -1470.0000000000
508 -1469.0000000000
509 -1468.0000000000
510 -1467.0000000000
511 -1466.0000000000
512 -1465.0000000000
513 -1464.0000000000
514 -1463.0000000000
515 -1462.0000000000
516 -1461.0000000000
517 -1460.0000000000
518 -1459.0000000000
519 -1458.0000000000
520 -1457.0000000000
521 -1456.0000000000
522 -1455.0000000000
523 -1454.0000000000
524 -1453.0000000000
525 -1452.0000000000
526 -1451.0000000000
527 -1450.0000000000
528 -1449.0000000000
529 -1448.0000000000
530 -1447.0000000000
531 -1446.0000000000
532 -1445.0000000000
533 -1444.0000000000
534 -1443.0000000000
535 -1442.0000000000
536 -1441.0000000000
537 -1440.0000000000
538 -1439.0000000000
539 -1438.0000000000
540 -1437.0000000000
541 -1436.0000000000
542 -1435.0000000000
543 -1434.0000000000
544 -1433.0000000000
545 -1432.0000000000
546 -1431.0000000000
547 -1430.0000000000
548 -1429.0000000000
549 -1428.0000000000
550 -1427.0000000000
551 -1426.0000000000
552 -1425.0000000000
553 -1424.0000000000
554 -1423.0000000000
555 -1422.0000000000
556 -1421.0000000000
557 -1420.0000000000
558 -1419.0000000000
559 -1418.0000000000
560 -1417.0000000000
561 -1416.0000000000
562 -1415.0000000000
563 -1414.0000000000
564 -1413.0000000000
565 -1412.0000000000
566 -1411.0000000000
567 -1410.0000000000
568 -1409.0000000000
569 -1408.0000000000
570 -1407.0000000000
571 -1406.0000000000
572 -1405.0000000000
573 -1404.0000000000
574 -1403.0000000000
575 -1402.0000000000
576 -1401.0000000000
577 -1400.0000000000
578 -1399.0000000000
579 -1398.0000000000
580 -1397.0000000000
581 -1396.0000000000
582 -1395.0000000000
583 -1394.0000000000
584 -1393.0000000000
585 -1392.0000000000
586 -1391.0000000000
587 -1390.0000000000
588 -1389.0000000000
589 -1388.0000000000
590 -1387.0000000000
591 -1386.0000000000
592 -1385.0000000000
593 -1384.0000000000
594 -1383.0000000000
595 -1382.0000000000
596 -1381.0000000000
597 -1380.0000000000
598 -1379.0000000000
599 -1378.0000000000
600 -1377.0000000000
601 -1376.0000000000
602 -1375.0000000000
603 -1374.0000000000
604 -1373.0000000000
605 -1372.0000000000
606 -1371.0000000000
607 -1370.0000000000
608 -1369.0000000000
609 -1368.0000000000
610 -1367.0000000000
611 -1366.0000000000
612 -1365.0000000000
613 -1364.0000000000
614 -1363.0000000000
615 -1362.0000000000
616 -1361.0000000000
617 -1360.0000000000
618 -1359.0000000000
619 -1358.0000000000
620 -1357.0000000000
621 -1356.0000000000
622 -1355.0000000000
623 -1354.0000000000
624 -1353.0000000000
625 -1352.0000000000
626 -1351.0000000000
627 -1350.0000000000
628 -1349.0000000000
629 -1348.0000000000
630 -1347.0000000000
631 -1346.0000000000
632 -1345.0000000000
633 -1344.0000000000
634 -1343.0000000000
635 -1342.0000000000
636 -1341.0000000000
637 -1340.0000000000
638 -1339.0000000000
639 -1338.0000000000
640 -1337.0000000000
641 -1336.0000000000
642 -1335.0000000000
643 -1334.0000000000
644 -1333.0000000000
645 -1332.0000000000
646 -1331.0000000000
647 -1330.0000000000
648 -1329.0000000000
649 -1328.0000000000
650 -1327.0000000000
651 -1326.0000000000
652 -1325.0000000000
653 -1324.0000000000
654 -1323.0000000000
655 -1322.0000000000
656 -1321.0000000000
657 -1320.0000000000
658 -1319.0000000000
659 -1318.0000000000
660 -1317.0000000000
661 -1316.0000000000
662 -1315.0000000000
663 -1314.0000000000
664 -1313.0000000000
665 -1312.0000000000
666 -1311.0000000000
667 -1310.0000000000
668 -1309.0000000000
669 -1308.0000000000
670 -1307.0000000000
671 -1306.0000000000
672 -1305.0000000000
673 -1304.0000000000
674 -1303.0000000000
675 -1302.0000000000
676 -1301.0000000000
677 -1300.0000000000
678 -1299.0000000000
679 -1298.0000000000
680 -1297.0000000000
681 -1296.0000000000
682 -1295.0000000000
683 -1294.0000000000
684 -1293.0000000000
685 -1292.0000000000
686 -1291.0000000000
687 -1290.0000000000
688 -1289.0000000000
689 -1288.0000000000
690 -1287.0000000000
691 -1286.0000000000
692 -1285.0000000000
693 -1284.0000000000
694 -1283.0000000000
695 -1282.0000000000
696 -1281.0000000000
697 -1280.0000000000
698 -1279.0000000000
699 -1278.0000000000
700 -1277.0000000000
701 -1276.0000000000
702 -1275.0000000000
703 -1274.0000000000
704 -1273.0000000000
705 -1272.0000000000
706 -1271.0000000000
707 -1270.0000000000
708 -1269.0000000000
709 -1268.0000000000
710 -1267.0000000000
711 -1266.0000000000
712 -1265.0000000000
713 -1264.0000000000
714 -1263.0000000000
715 -1262.0000000000
716 -1261.0000000000
717 -1260.0000000000
718 -1259.0000000000
719 -1258.0000000000
720 -1257.0000000000
721 -1256.0000000000
722 -1255.0000000000
723 -1254.0000000000
724 -1253.0000000000
725 -1252.0000000000
726 -1251.0000000000
727 -1250.0000000000
728 -1249.0000000000
729 -1248.0000000000
730 -1247.0000000000
731 -1246.0000000000
732 -1245.0000000000
733 -1244.0000000000
734 -1243.0000000000
735 -1242.0000000000
736 -1241.0000000000
737 -1240.0000000000
738 -1239.0000000000
739 -1238.0000000000
740 -1237.0000000000
741 -1236.0000000000
742 -1235.0000000000
743 -1234.0000000000
744 -1233.0000000000
745 -1232.0000000000
746 -1231.0000000000
747 -1230.0000000000
748 -1229.0000000000
749 -1228.0000000000
750 -1227.0000000000
751 -1226.0000000000
752 -1225.0000000000
753 -1224.0000000000
754 -1223.0000000000
755 -1222.0000000000
756 -1221.0000000000
757 -1220.0000000000
758 -1219.0000000000
759 -1218.0000000000
760 -1217.0000000000
761 -1216.0000000000
762 -1215.0000000000
763 -1214.0000000000
764 -1213.0000000000
765 -1212.0000000000
766 -1211.0000000000
767 -1210.0000000000
768 -1209.0000000000
769 -1208.0000000000
770 -1207.0000000000
771 -1206.0000000000
772 -1205.0000000000
773 -1204.0000000000
774 -1203.0000000000
775 -1202.0000000000
776 -1201.0000000000
777 -1200.0000000000
778 -1199.0000000000
779 -1198.0000000000
780 -1197.0000000000
781 -1196.0000000000
782 -1195.0000000000
783 -1194.0000000000
784 -1193.0000000000
785 -1192.0000000000
786 -1191.0000000000
787 -1190.0000000000
788 -1189.0000000000
789 -1188.0000000000
790 -1187.0000000000
791 -1186.0000000000
792 -1185.0000000000
793 -1184.0000000000
794 -1183.0000000000
795 -1182.0000000000
796 -1181.0000000000
797 -1180.0000000000
798 -1179.0000000000
799 -1178.0000000000
800 -1177.0000000000
801 -1176.0000000000
802 -1175.0000000000
803 -1174.0000000000
804 -1173.0000000000
805 -1172.0000000000
806 -1171.0000000000
807 -1170.0000000000
808 -1169.0000000000
809 -1168.0000000000
810 -1167.0000000000
811 -1166.0000000000
812 -1165.0000000000
813 -1164.0000000000
814 -1163.0000000000
815 -1162.0000000000
816 -1161.0000000000
817 -1160.0000000000
818 -1159.0000000000
819 -1158.0000000000
820 -1157.0000000000
821 -1156.0000000000
822 -1155.0000000000
823 -1154.0000000000
824 -1153.0000000000
825 -1152.0000000000
826 -1151.0000000000
827 -1150.0000000000
828 -1149.0000000000
829 -1148.0000000000
830 -1147.0000000000
831 -1146.0000000000
832 -1145.0000000000
833 -1144.0000000000
834 -1143.0000000000
835 -1142.0000000000
836 -1141.0000000000
837 -1140.0000000000
838 -1139.0000000000
839 -1138.0000000000
840 -1137.0000000000
841 -1136.0000000000
842 -1135.0000000000
843 -1134.0000000000
844 -1133.0000000000
845 -1132.0000000000
846 -1131.0000000000
847 -1130.0000000000
848 -1129.0000000000
849 -1128.0000000000
850 -1127.0000000000
851 -1126.0000000000
852 -1125.0000000000
853 -1124.0000000000
854 -1123.0000000000
855 -1122.0000000000
856 -1121.0000000000
857 -1120.0000000000
858 -1119.0000000000
859 -1118.0000000000
860 -1117.0000000000
861 -1116.0000000000
862 -1115.0000000000
863 -1114.0000000000
864 -1113.0000000000
865 -1112.0000000000
866 -1111.0000000000
867 -1110.0000000000
868 -1109.0000000000
869 -1108.0000000000
870 -1107.0000000000
871 -1106.0000000000
872 -1105.0000000000
873 -1104.0000000000
874 -1103.0000000000
875 -1102.0000000000
876 -1101.0000000000
877 -1100.0000000000
878 -1099.0000000000
879 -1098.0000000000
880 -1097.0000000000
881 -1096.0000000000
882 -1095.0000000000
883 -1094.0000000000
884 -1093.0000000000
885 -1092.0000000000
886 -1091.0000000000
887 -1090.0000000000
888 -1089.0000000000
889 -1088.0000000000
890 -1087.0000000000
891 -1086.0000000000
892 -1085.0000000000
893 -1084.0000000000
894 -1083.0000000000
895 -1082.0000000000
896 -1081.0000000000
897 -1080.0000000000
898 -1079.0000000000
899 -1078.0000000000
900 -1077.0000000000
901 -1076.0000000000
902 -1075.0000000000
903 -1074.0000000000
904 -1073.0000000000
905 -1072.0000000000
906 -1071.0000000000
907 -1070.0000000000
908 -1069.0000000000
909 -1068.0000000000
910 -1067.0000000000
911 -1066.0000000000
912 -1065.0000000000
913 -1064.0000000000
914 -1063.0000000000
915 -1062.0000000000
916 -1061.0000000000
917 -1060.0000000000
918 -1059.0000000000
919 -1058.0000000000
920 -1057.0000000000
921 -1056.0000000000
922 -1055.0000000000
923 -1054.0000000000
924 -1053.0000000000
925 -1052.0000000000
926 -1051.0000000000
927 -1050.0000000000
928 -1049.0000000000
929 -1048.0000000000
930 -1047.0000000000
931 -1046.0000000000
932 -1045.0000000000
933 -1044.0000000000
934 -1043.0000000000
935 -1042.0000000000
936 -1041.0000000000
937 -1040.0000000000
938 -1039.0000000000
939 -1038.0000000000
940 -1037.0000000000
941 -1036.0000000000
942 -1035.0000000000
943 -1034.0000000000
944 -1033.0000000000
945 -1032.0000000000
946 -1031.0000000000
947 -1030.0000000000
948 -1029.0000000000
949 -1028.0000000000
950 -1027.0000000000
951 -1026.0000000000
952 -1025.0000000000
953 -1024.0000000000
954 -1023.0000000000
955 -1022.0000000000
956 -1021.0000000000
957 -1020.0000000000
958 -1019.0000000000
959 -1018.0000000000
960 -1017.0000000000
961 -1016.0000000000
962 -1015.0000000000
963 -1014.0000000000
964 -1013.0000000000
965 -1012.0000000000
966 -1011.0000000000
967 -1010.0000000000
968 -1009.0000000000
969 -1008.0000000000
970 -1007.0000000000
971 -1006.0000000000
972 -1005.0000000000
973 -1004.0000000000
974 -1003.0000000000
975 -1002.0000000000
976 -1001.0000000000
977 -1000.0000000000
978 -999.0000000000
979 -998.0000000000
980 -997.0000000000
981 -996.0000000000
982 -995.0000000000
983 -994.0000000000
984 -993.0000000000
985 -992.0000000000
986 -991.0000000000
987 -990.0000000000
988 -989.0000000000
989 -988.0000000000
990 -987.0000000000
991 -986.0000000000
992 -985.0000000000
993 -984.0000000000
994 -983.0000000000
995 -982.0000000000
996 -981.0000000000
997 -980.0000000000
998 -979.0000000000
999 -978.0000000000
1000 -977.0000000000
1001 -976.0000000000
1002 -975.0000000000
1003 -974.0000000000
1004 -973.0000000000
1005 -972.0000000000
1006 -971.0000000000
1007 -970.0000000000
1008 -969.0000000000
1009 -968.0000000000
1010 -967.0000000000
1011 -966.0000000000
1012 -965.0000000000
1013 -964.0000000000
1014 -963.0000000000
1015 -962.0000000000
1016 -961.0000000000
1017 -960.0000000000
1018 -959.0000000000
1019 -958.0000000000
1020 -957.0000000000
1021 -956.0000000000
1022 -955.0000000000
1023 -954.0000000000
1024 -953.0000000000
1025 -952.0000000000
1026 -951.0000000000
1027 -950.0000000000
1028 -949.0000000000
1029 -948.0000000000
1030 -947.0000000000
1031 -946.0000000000
1032 -945.0000000000
1033 -944.0000000000
1034 -943.0000000000
1035 -942.0000000000
1036 -941.0000000000
1037 -940.0000000000
1038 -939.0000000000
1039 -938.0000000000
1040 -937.0000000000
1041 -936.0000000000
1042 -935.0000000000
1043 -934.0000000000
1044 -933.0000000000
1045 -932.0000000000
1046 -931.0000000000
1047 -930.0000000000
1048 -929.0000000000
1049 -928.0000000000
1050 -927.0000000000
1051 -926.0000000000
1052 -925.0000000000
1053 -924.0000000000
1054 -923.0000000000
1055 -922.0000000000
1056 -921.0000000000
1057 -920.0000000000
1058 -919.0000000000
1059 -918.0000000000
1060 -917.0000000000
1061 -916.0000000000
1062 -915.0000000000
1063 -914.0000000000
1064 -913.0000000000
1065 -912.0000000000
1066 -911.0000000000
1067 -910.0000000000
1068 -909.0000000000
1069 -908.0000000000
1070 -907.0000000000
1071 -906.0000000000
1072 -905.0000000000
1073 -904.0000000000
1074 -903.0000000000
1075 -902.0000000000
1076 -901.0000000000
1077 -900.0000000000
1078 -899.0000000000
1079 -898.0000000000
1080 -897.0000000000
1081 -896.0000000000
1082 -895.0000000000
1083 -894.0000000000
1084 -893.0000000000
1085 -892.0000000000
1086 -891.0000000000
1087 -890.0000000000
1088 -889.0000000000
1089 -888.0000000000
1090 -887.0000000000
1091 -886.0000000000
1092 -885.0000000000
1093 -884.0000000000
1094 -883.0000000000
1095 -882.0000000000
1096 -881.0000000000
1097 -880.0000000000
1098 -879.0000000000
1099 -878.0000000000
1100 -877.0000000000
1101 -876.0000000000
1102 -875.0000000000
1103 -874.0000000000
1104 -873.0000000000
1105 -872.0000000000
1106 -871.0000000000
1107 -870.0000000000
1108 -869.0000000000
1109 -868.0000000000
1110 -867.0000000000
1111 -866.0000000000
1112 -865.0000000000
1113 -864.0000000000
1114 -863.0000000000
1115 -862.0000000000
1116 -861.0000000000
1117 -860.0000000000
1118 -859.0000000000
1119 -858.0000000000
1120 -857.0000000000
1121 -856.0000000000
1122 -855.0000000000
1123 -854.0000000000
1124 -853.0000000000
1125 -852.0000000000
1126 -851.0000000000
1127 -850.0000000000
1128 -849.0000000000
1129 -848.0000000000
1130 -847.0000000000
1131 -846.0000000000
1132 -845.0000000000
1133 -844.0000000000
1134 -843.0000000000
1135 -842.0000000000
1136 -841.0000000000
1137 -840.0000000000
1138 -839.0000000000
1139 -838.0000000000
1140 -837.0000000000
1141 -836.0000000000
1142 -835.0000000000
1143 -834.0000000000
1144 -833.0000000000
1145 -832.0000000000
1146 -831.0000000000
1147 -830.0000000000
1148 -829.0000000000
1149 -828.0000000000
1150 -827.0000000000
1151 -826.0000000000
1152 -825.0000000000
1153 -824.0000000000
1154 -823.0000000000
1155 -822.0000000000
1156 -821.0000000000
1157 -820.0000000000
1158 -819.0000000000
1159 -818.0000000000
1160 -817.0000000000
1161 -816.0000000000
1162 -815.0000000000
1163 -814.0000000000
1164 -813.0000000000
1165 -812.0000000000
1166 -811.0000000000
1167 -810.0000000000
1168 -809.0000000000
1169 -808.0000000000
1170 -807.0000000000
1171 -806.0000000000
1172 -805.0000000000
1173 -804.0000000000
1174 -803.0000000000
1175 -802.0000000000
1176 -801.0000000000
1177 -800.0000000000
1178 -799.0000000000
1179 -798.0000000000
1180 -797.0000000000
1181 -796.0000000000
1182 -795.0000000000
1183 -794.0000000000
1184 -793.0000000000
1185 -792.0000000000
1186 -791.0000000000
1187 -790.0000000000
1188 -789.0000000000
1189 -788.0000000000
1190 -787.0000000000
1191 -786.0000000000
1192 -785.0000000000
1193 -784.0000000000
1194 -783.0000000000
1195 -782.0000000000
1196 -781.0000000000
1197 -780.0000000000
1198 -779.0000000000
1199 -778.0000000000
1200 -777.0000000000
1201 -776.0000000000
1202 -775.0000000000
1203 -774.0000000000
1204 -773.0000000000
1205 -772.0000000000
1206 -771.0000000000
1207 -770.0000000000
1208 -769.0000000000
1209 -768.0000000000
1210 -767.0000000000
1211 -766.0000000000
1212 -765.0000000000
1213 -764.0000000000
1214 -763.0000000000
1215 -762.0000000000
1216 -761.0000000000
1217 -760.0000000000
1218 -759.0000000000
1219 -758.0000000000
1220 -757.0000000000
1221 -756.0000000000
1222 -755.0000000000
1223 -754.0000000000
1224 -753.0000000000
1225 -752.0000000000
1226 -751.0000000000
1227 -750.0000000000
1228 -749.0000000000
1229 -748.0000000000
1230 -747.0000000000
1231 -746.0000000000
1232 -745.0000000000
1233 -744.0000000000
1234 -743.0000000000
1235 -742.0000000000
1236 -741.0000000000
1237 -740.0000000000
1238 -739.0000000000
1239 -738.0000000000
1240 -737.0000000000
1241 -736.0000000000
1242 -735.0000000000
1243 -734.0000000000
1244 -733.0000000000
1245 -732.0000000000
1246 -731.0000000000
1247 -730.0000000000
1248 -729.0000000000
1249 -728.0000000000
1250 -727.0000000000
1251 -726.0000000000
1252 -725.0000000000
1253 -724.0000000000
1254 -723.0000000000
1255 -722.0000000000
1256 -721.0000000000
1257 -720.0000000000
1258 -719.0000000000
1259 -718.0000000000
1260 -717.0000000000
1261 -716.0000000000
1262 -715.0000000000
1263 -714.0000000000
1264 -713.0000000000
1265 -712.0000000000
1266 -711.0000000000
1267 -710.0000000000
1268 -709.0000000000
1269 -708.0000000000
1270 -707.0000000000
1271 -706.0000000000
1272 -705.0000000000
1273 -704.0000000000
1274 -703.0000000000
1275 -702.0000000000
1276 -701.0000000000
1277 -700.0000000000
1278 -699.0000000000
1279 -698.0000000000
1280 -697.0000000000
1281 -696.0000000000
1282 -695.0000000000
1283 -694.0000000000
1284 -693.0000000000
1285 -692.0000000000
1286 -691.0000000000
1287 -690.0000000000
1288 -689.0000000000
1289 -688.0000000000
1290 -687.0000000000
1291 -686.0000000000
1292 -685.0000000000
1293 -684.0000000000
1294 -683.0000000000
1295 -682.0000000000
1296 -681.0000000000
1297 -680.0000000000
1298 -679.0000000000
1299 -678.0000000000
1300 -677.0000000000
1301 -676.0000000000
1302 -675.0000000000
1303 -674.0000000000
1304 -673.0000000000
1305 -672.0000000000
1306 -671.0000000000
1307 -670.0000000000
1308 -669.0000000000
1309 -668.0000000000
1310 -667.0000000000
1311 -666.0000000000
1312 -665.0000000000
1313 -664.0000000000
1314 -663.0000000000
1315 -662.0000000000
1316 -661.0000000000
1317 -660.0000000000
1318 -659.0000000000
1319 -658.0000000000
1320 -657.0000000000
1321 -656.0000000000
1322 -655.0000000000
1323 -654.0000000000
1324 -653.0000000000
1325 -652.0000000000
1326 -651.0000000000
1327 -650.0000000000
1328 -649.0000000000
1329 -648.0000000000
1330 -647.0000000000
1331 -646.0000000000
1332 -645.0000000000
1333 -644.0000000000
1334 -643.0000000000
1335 -642.0000000000
1336 -641.0000000000
1337 -640.0000000000
1338 -639.0000000000
1339 -638.0000000000
1340 -637.0000000000
1341 -636.0000000000
1342 -635.0000000000
1343 -634.0000000000
1344 -633.0000000000
1345 -632.0000000000
1346 -631.0000000000
1347 -630.0000000000
1348 -629.0000000000
1349 -628.0000000000
1350 -627.0000000000
1351 -626.0000000000
1352 -625.0000000000
1353 -624.0000000000
1354 -623.0000000000
1355 -622.0000000000
1356 -621.0000000000
1357 -620.0000000000
1358 -619.0000000000
1359 -618.0000000000
1360 -617.0000000000
1361 -616.0000000000
1362 -615.0000000000
1363 -614.0000000000
1364 -613.0000000000
1365 -612.0000000000
1366 -611.0000000000
1367 -610.0000000000
1368 -609.0000000000
1369 -608.0000000000
1370 -607.0000000000
1371 -606.0000000000
1372 -605.0000000000
1373 -604.0000000000
1374 -603.0000000000
1375 -602.0000000000
1376 -601.0000000000
1377 -600.0000000000
1378 -599.0000000000
1379 -598.0000000000
1380 -597.0000000000
1381 -596.0000000000
1382 -595.0000000000
1383 -594.0000000000
1384 -593.0000000000
1385 -592.0000000000
1386 -591.0000000000
1387 -590.0000000000
1388 -589.0000000000
1389 -588.0000000000
1390 -587.0000000000
1391 -586.0000000000
1392 -585.0000000000
1393 -584.0000000000
1394 -583.0000000000
1395 -582.0000000000
1396 -581.0000000000
1397 -580.0000000000
1398 -579.0000000000
1399 -578.0000000000
1400 -577.0000000000
1401 -576.0000000000
1402 -575.0000000000
1403 -574.0000000000
1404 -573.0000000000
1405 -572.0000000000
1406 -571.0000000000
1407 -570.0000000000
1408 -569.0000000000
1409 -568.0000000000
1410 -567.0000000000
1411 -566.0000000000
1412 -565.0000000000
1413 -564.0000000000
1414 -563.0000000000
1415 -562.0000000000
1416 -561.0000000000
1417 -560.0000000000
1418 -559.0000000000
1419 -558.0000000000
1420 -557.0000000000
1421 -556.0000000000
1422 -555.0000000000
1423 -554.0000000000
1424 -553.0000000000
1425 -552.0000000000
1426 -551.0000000000
1427 -550.0000000000
1428 -549.0000000000
1429 -548.0000000000
1430 -547.0000000000
1431 -546.0000000000
1432 -545.0000000000
1433 -544.0000000000
1434 -543.0000000000
1435 -542.0000000000
1436 -541.0000000000
1437 -540.0000000000
1438 -539.0000000000
1439 -538.0000000000
1440 -537.0000000000
1441 -536.0000000000
1442 -535.0000000000
1443 -534.0000000000
1444 -533.0000000000
1445 -532.0000000000
1446 -531.0000000000
1447 -530.0000000000
1448 -529.0000000000
1449 -528.0000000000
1450 -527.0000000000
1451 -526.0000000000
1452 -525.0000000000
1453 -524.0000000000
1454 -523.0000000000
1455 -522.0000000000
1456 -521.0000000000
1457 -520.0000000000
1458 -519.0000000000
1459 -518.0000000000
1460 -517.0000000000
1461 -516.0000000000
1462 -515.0000000000
1463 -514.0000000000
1464 -513.0000000000
1465 -512.0000000000
1466 -511.0000000000
1467 -510.0000000000
1468 -509.0000000000
1469 -508.0000000000
1470 -507.0000000000
1471 -506.0000000000
1472 -505.0000000000
1473 -504.0000000000
1474 -503.0000000000
1475 -502.0000000000
1476 -501.0000000000
1477 -500.0000000000
1478 -499.0000000000
1479 -498.0000000000
1480 -497.0000000000
1481 -496.0000000000
1482 -495.0000000000
1483 -494.0000000000
1484 -493.0000000000
1485 -492.0000000000
1486 -491.0000000000
1487 -490.0000000000
1488 -489.0000000000
1489 -488.0000000000
1490 -487.0000000000
1491 -486.0000000000
1492 -485.0000000000
1493 -484.0000000000
1494 -483.0000000000
1495 -482.0000000000
1496 -481.0000000000
1497 -480.0000000000
1498 -479.0000000000
1499 -478.0000000000
1500 -477.0000000000
1501 -476.0000000000
1502 -475.0000000000
1503 -474.0000000000
1504 -473.0000000000
1505 -472.0000000000
1506 -471.0000000000
1507 -470.0000000000
1508 -469.0000000000
1509 -468.0000000000
1510 -467.0000000000
1511 -466.0000000000
1512 -465.0000000000
1513 -464.0000000000
1514 -463.0000000000
1515 -462.0000000000
1516 -461.0000000000
1517 -460.0000000000
1518 -459.0000000000
1519 -458.0000000000
1520 -457.0000000000
1521 -456.0000000000
1522 -455.0000000000
1523 -454.0000000000
1524 -453.0000000000
1525 -452.0000000000
1526 -451.0000000000
1527 -450.0000000000
1528 -449.0000000000
1529 -448.0000000000
1530 -447.0000000000
1531 -446.0000000000
1532 -445.0000000000
1533 -444.0000000000
1534 -443.0000000000
1535 -442.0000000000
1536 -441.0000000000
1537 -440.0000000000
1538 -439.0000000000
1539 -438.0000000000
1540 -437.0000000000
1541 -436.0000000000
1542 -435.0000000000
1543 -434.0000000000
1544 -433.0000000000
1545 -432.0000000000
1546 -431.0000000000
1547 -430.0000000000
1548 -429.0000000000
1549 -428.0000000000
1550 -427.0000000000
1551 -426.0000000000
1552 -425.0000000000
1553 -424.0000000000
1554 -423.0000000000
1555 -422.0000000000
1556 -421.0000000000
1557 -420.0000000000
1558 -419.0000000000
1559 -418.0000000000
1560 -417.0000000000
1561 -416.0000000000
1562 -415.0000000000
1563 -414.0000000000
1564 -413.0000000000
1565 -412.0000000000
1566 -411.0000000000
1567 -410.0000000000
1568 -409.0000000000
1569 -408.0000000000
1570 -407.0000000000
1571 -406.0000000000
1572 -405.0000000000
1573 -404.0000000000
1574 -403.0000000000
1575 -402.0000000000
1576 -401.0000000000
1577 -400.0000000000
1578 -399.0000000000
1579 -398.0000000000
1580 -397.0000000000
1581 -396.0000000000
1582 -395.0000000000
1583 -394.0000000000
1584 -393.0000000000
1585 -392.0000000000
1586 -391.0000000000
1587 -390.0000000000
1588 -389.0000000000
1589 -388.0000000000
1590 -387.0000000000
1591 -386.0000000000
1592 -385.0000000000
1593 -384.0000000000
1594 -383.0000000000
1595 -382.0000000000
1596 -381.0000000000
1597 -380.0000000000
1598 -379.0000000000
1599 -378.0000000000
1600 -377.0000000000
1601 -376.0000000000
1602 -375.0000000000
1603 -374.0000000000
1604 -373.0000000000
1605 -372.0000000000
1606 -371.0000000000
1607 -370.0000000000
1608 -369.0000000000
1609 -368.0000000000
1610 -367.0000000000
1611 -366.0000000000
1612 -365.0000000000
1613 -364.0000000000
1614 -363.0000000000
1615 -362.0000000000
1616 -361.0000000000
1617 -360.0000000000
1618 -359.0000000000
1619 -358.0000000000
1620 -357.0000000000
1621 -356.0000000000
1622 -355.0000000000
1623 -354.0000000000
1624 -353.0000000000
1625 -352.0000000000
1626 -351.0000000000
1627 -350.0000000000
1628 -349.0000000000
1629 -348.0000000000
1630 -347.0000000000
1631 -346.0000000000
1632 -345.0000000000
1633 -344.0000000000
1634 -343.0000000000
1635 -342.0000000000
1636 -341.0000000000
1637 -340.0000000000
1638 -339.0000000000
1639 -338.0000000000
1640 -337.0000000000
1641 -336.0000000000
1642 -335.0000000000
1643 -334.0000000000
1644 -333.0000000000
1645 -332.0000000000
1646 -331.0000000000
1647 -330.0000000000
1648 -329.0000000000
1649 -328.0000000000
1650 -327.0000000000
1651 -326.0000000000
1652 -325.0000000000
1653 -324.0000000000
1654 -323.0000000000
1655 -322.0000000000
1656 -321.0000000000
1657 -320.0000000000
1658 -319.0000000000
1659 -318.0000000000
1660 -317.0000000000
1661 -316.0000000000
1662 -315.0000000000
1663 -314.0000000000
1664 -313.0000000000
1665 -312.0000000000
1666 -311.0000000000
1667 -310.0000000000
1668 -309.0000000000
1669 -308.0000000000
1670 -307.0000000000
1671 -306.0000000000
1672 -305.0000000000
1673 -304.0000000000
1674 -303.0000000000
1675 -302.0000000000
1676 -301.0000000000
1677 -300.0000000000
1678 -299.0000000000
1679 -298.0000000000
1680 -297.0000000000
1681 -296.0000000000
1682 -295.0000000000
1683 -294.0000000000
1684 -293.0000000000
1685 -292.0000000000
1686 -291.0000000000
1687 -290.0000000000
1688 -289.0000000000
1689 -288.0000000000
1690 -287.0000000000
1691 -286.0000000000
1692 -285.0000000000
1693 -284.0000000000
1694 -283.0000000000
1695 -282.0000000000
1696 -281.0000000000
1697 -280.0000000000
1698 -279.0000000000
1699 -278.0000000000
1700 -277.0000000000
1701 -276.0000000000
1702 -275.0000000000
1703 -274.0000000000
1704 -273.0000000000
1705 -272.0000000000
1706 -271.0000000000
1707 -270.0000000000
1708 -269.0000000000
1709 -268.0000000000
1710 -267.0000000000
1711 -266.0000000000
1712 -265.0000000000
1713 -264.0000000000
1714 -263.0000000000
1715 -262.0000000000
1716 -261.0000000000
1717 -260.0000000000
1718 -259.0000000000
1719 -258.0000000000
1720 -257.0000000000
1721 -256.0000000000
1722 -255.0000000000
1723 -254.0000000000
1724 -253.0000000000
1725 -252.0000000000
1726 -251.0000000000
1727 -250.0000000000
1728 -249.0000000000
1729 -248.0000000000
1730 -247.0000000000
1731 -246.0000000000
1732 -245.0000000000
1733 -244.0000000000
1734 -243.0000000000
1735 -242.0000000000
1736 -241.0000000000
1737 -240.0000000000
1738 -239.0000000000
1739 -238.0000000000
1740 -237.0000000000
1741 -236.0000000000
1742 -235.0000000000
1743 -234.0000000000
1744 -233.0000000000
1745 -232.0000000000
1746 -231.0000000000
1747 -230.0000000000
1748 -229.0000000000
1749 -228.0000000000
1750 -227.0000000000
1751 -226.0000000000
1752 -225.0000000000
1753 -224.0000000000
1754 -223.0000000000
1755 -222.0000000000
1756 -221.0000000000
1757 -220.0000000000
1758 -219.0000000000
1759 -218.0000000000
1760 -217.0000000000
1761 -216.0000000000
1762 -215.0000000000
1763 -214.0000000000
1764 -213.0000000000
1765 -212.0000000000
1766 -211.0000000000
1767 -210.0000000000
1768 -209.0000000000
1769 -208.0000000000
1770 -207.0000000000
1771 -206.0000000000
1772 -205.0000000000
1773 -204.0000000000
1774 -203.0000000000
1775 -202.0000000000
1776 -201.0000000000
1777 -200.0000000000
1778 -199.0000000000
1779 -198.0000000000
1780 -197.0000000000
1781 -196.0000000000
1782 -195.0000000000
1783 -194.0000000000
1784 -193.0000000000
1785 -192.0000000000
1786 -191.0000000000
1787 -190.0000000000
1788 -189.0000000000
1789 -188.0000000000
1790 -187.0000000000
1791 -186.0000000000
1792 -185.0000000000
1793 -184.0000000000
1794 -183.0000000000
1795 -182.0000000000
1796 -181.0000000000
1797 -180.0000000000
1798 -179.0000000000
1799 -178.0000000000
1800 -177.0000000000
1801 -176.0000000000
1802 -175.0000000000
1803 -174.0000000000
1804 -173.0000000000
1805 -172.0000000000
1806 -171.0000000000
1807 -170.0000000000
1808 -169.0000000000
1809 -168.0000000000
1810 -167.0000000000
1811 -166.0000000000
1812 -165.0000000000
1813 -164.0000000000
1814 -163.0000000000
1815 -162.0000000000
1816 -161.0000000000
1817 -160.0000000000
1818 -159.0000000000
1819 -158.0000000000
1820 -157.0000000000
1821 -156.0000000000
1822 -155.0000000000
1823 -154.0000000000
1824 -153.0000000000
1825 -152.0000000000
1826 -151.0000000000
1827 -150.0000000000
1828 -149.0000000000
1829 -148.0000000000
1830 -147.0000000000
1831 -146.0000000000
1832 -145.0000000000
1833 -144.0000000000
1834 -143.0000000000
1835 -142.0000000000
1836 -141.0000000000
1837 -140.0000000000
1838 -139.0000000000
1839 -138.0000000000
1840 -137.0000000000
1841 -136.0000000000
1842 -135.0000000000
1843 -134.0000000000
1844 -133.0000000000
1845 -132.0000000000
1846 -131.0000000000
1847 -130.0000000000
1848 -129.0000000000
1849 -128.0000000000
1850 -127.0000000000
1851 -126.0000000000
1852 -125.0000000000
1853 -124.0000000000
1854 -123.0000000000
1855 -122.0000000000
1856 -121.0000000000
1857 -120.0000000000
1858 -119.0000000000
1859 -118.0000000000
1860 -117.0000000000
1861 -116.0000000000
1862 -115.0000000000
1863 -114.0000000000
1864 -113.0000000000
1865 -112.0000000000
1866 -111.0000000000
1867 -110.0000000000
1868 -109.0000000000
1869 -108.0000000000
1870 -107.0000000000
1871 -106.0000000000
1872 -105.0000000000
1873 -104.0000000000
1874 -103.0000000000
1875 -102.0000000000
1876 -101.0000000000
1877 -100.0000000000
1878 -99.0000000000
1879 -98.0000000000
1880 -97.0000000000
1881 -96.0000000000
1882 -95.0000000000
1883 -94.0000000000
1884 -93.0000000000
1885 -92.0000000000
1886 -91.0000000000
1887 -90.0000000000
1888 -89.0000000000
1889 -88.0000000000
1890 -87.0000000000
1891 -86.0000000000
1892 -85.0000000000
1893 -84.0000000000
1894 -83.0000000000
1895 -82.0000000000
1896 -81.0000000000
1897 -80.0000000000
1898 -79.0000000000
1899 -78.0000000000
1900 -77.0000000000
1901 -76.0000000000
1902 -75.0000000000
1903 -74.0000000000
1904 -73.0000000000
1905 -72.0000000000
1906 -71.0000000000
1907 -70.0000000000
1908 -69.0000000000
1909 -68.0000000000
1910 -67.0000000000
1911 -66.0000000000
1912 -65.0000000000
1913 -64.0000000000
1914 -63.0000000000
1915 -62.0000000000
1916 -61.0000000000
1917 -60.0000000000
1918 -59.0000000000
1919 -58.0000000000
1920 -57.0000000000
1921 -56.0000000000
1922 -55.0000000000
1923 -54.0000000000
1924 -53.0000000000
1925 -52.0000000000
1926 -51.0000000000
1927 -50.0000000000
1928 -49.0000000000
1929 -48.0000000000
1930 -47.0000000000
1931 -46.0000000000
1932 -45.0000000000
1933 -44.0000000000
1934 -43.0000000000
1935 -42.0000000000
1936 -41.0000000000
1937 -40.0000000000
1938 -39.0000000000
1939 -38.0000000000
1940 -37.0000000000
1941 -36.0000000000
1942 -35.0000000000
1943 -34.0000000000
1944 -33.0000000000
1945 -32.0000000000
1946 -31.0000000000
1947 -30.0000000000
1948 -29.0000000000
1949 -28.0000000000
1950 -27.0000000000
1951 -26.0000000000
1952 -25.0000000000
1953 -24.0000000000
1954 -23.0000000000
1955 -22.0000000000
1956 -21.0000000000
1957 -20.0000000000
1958 -19.0000000000
1959 -18.0000000000
1960 -17.0000000000
1961 -16.0000000000
1962 -15.0000000000
1963 -14.0000000000
1964 -13.0000000000
1965 -12.0000000000
1966 -11.0000000000
1967 -10.0000000000
1968 -9.0000000000
1969 -8.0000000000
1970 -7.0000000000
1971 -6.0000000000
1972 -5.0000000000
1973 -4.0000000000
1974 -3.0000000000
1975 -2.0000000000
1976 -1.0000000000
1977 35.5500000000
3953 37.6700000000
3956 39.3600000000
6736 -1206.0000000000
