evaluations raw_y
1 -278.0000000000
10 -276.0000000000
12 -275.0000000000
34 -274.0000000000
65 -273.0000000000
89 -272.0000000000
115 -271.0000000000
119 -270.0000000000
133 -268.0000000000
148 -266.0000000000
184 -265.0000000000
257 -264.0000000000
364 -263.0000000000
588 -262.0000000000
598 -261.0000000000
621 -259.0000000000
635 -257.0000000000
684 -254.0000000000
694 -253.0000000000
753 -252.0000000000
780 -251.0000000000
829 -250.0000000000
912 -248.0000000000
1070 -246.0000000000
1082 -244.0000000000
1159 -243.0000000000
1196 -242.0000000000
1257 -241.0000000000
1412 -240.0000000000
1644 -239.0000000000
1985 -238.0000000000
2019 -237.0000000000
2051 -236.0000000000
2116 -235.0000000000
2251 -234.0000000000
2529 -232.0000000000
2658 -231.0000000000
2879 -230.0000000000
2990 -228.0000000000
3095 -227.0000000000
3182 -226.0000000000
3485 -224.0000000000
3591 -223.0000000000
3623 -222.0000000000
3624 -221.0000000000
3764 -220.0000000000
3794 -218.0000000000
3868 -217.0000000000
3957 -215.0000000000
4029 -214.0000000000
4234 -213.0000000000
4235 -212.0000000000
4413 -210.0000000000
5856 -209.0000000000
5936 -207.0000000000
5961 -206.0000000000
6292 -205.0000000000
7292 -204.0000000000
7365 -203.0000000000
7499 -202.0000000000
7577 -201.0000000000
7724 -200.0000000000
7755 -198.0000000000
7998 -197.0000000000
8018 -196.0000000000
9460 -195.0000000000
9709 -194.0000000000
9841 -192.0000000000
9848 -191.0000000000
10000 -240.0000000000
evaluations raw_y
1 -295.0000000000
2 -294.0000000000
3 -293.0000000000
7 -290.0000000000
54 -289.0000000000
76 -288.0000000000
89 -287.0000000000
122 -285.0000000000
125 -284.0000000000
133 -283.0000000000
189 -281.0000000000
385 -280.0000000000
426 -279.0000000000
476 -278.0000000000
519 -277.0000000000
557 -276.0000000000
591 -275.0000000000
672 -274.0000000000
736 -273.0000000000
746 -272.0000000000
776 -271.0000000000
898 -270.0000000000
997 -269.0000000000
1066 -268.0000000000
1158 -267.0000000000
1263 -265.0000000000
1286 -263.0000000000
1374 -261.0000000000
1390 -260.0000000000
1669 -258.0000000000
1944 -257.0000000000
1978 -256.0000000000
2071 -255.0000000000
2132 -254.0000000000
2609 -253.0000000000
2688 -251.0000000000
2896 -250.0000000000
3149 -249.0000000000
3366 -248.0000000000
3453 -246.0000000000
3504 -245.0000000000
3537 -243.0000000000
3593 -242.0000000000
3904 -241.0000000000
4121 -240.0000000000
4244 -239.0000000000
4317 -238.0000000000
4356 -237.0000000000
4419 -236.0000000000
4497 -235.0000000000
4889 -234.0000000000
4986 -233.0000000000
5085 -232.0000000000
5149 -231.0000000000
5236 -230.0000000000
5252 -229.0000000000
5584 -228.0000000000
5733 -226.0000000000
5769 -225.0000000000
5921 -223.0000000000
6916 -221.0000000000
7020 -220.0000000000
7222 -218.0000000000
7671 -215.0000000000
8131 -214.0000000000
8825 -213.0000000000
8969 -212.0000000000
8980 -211.0000000000
9114 -210.0000000000
9180 -209.0000000000
9934 -208.0000000000
10000 -225.0000000000
evaluations raw_y
1 -289.0000000000
4 -288.0000000000
10 -287.0000000000
17 -286.0000000000
19 -285.0000000000
30 -284.0000000000
34 -281.0000000000
66 -280.0000000000
70 -279.0000000000
77 -277.0000000000
94 -276.0000000000
96 -275.0000000000
112 -274.0000000000
147 -273.0000000000
159 -272.0000000000
202 -271.0000000000
226 -270.0000000000
268 -269.0000000000
315 -268.0000000000
462 -267.0000000000
465 -265.0000000000
474 -263.0000000000
482 -262.0000000000
514 -260.0000000000
577 -259.0000000000
582 -258.0000000000
587 -257.0000000000
598 -255.0000000000
652 -254.0000000000
712 -252.0000000000
807 -251.0000000000
901 -250.0000000000
1131 -249.0000000000
1253 -248.0000000000
1260 -247.0000000000
1306 -246.0000000000
1397 -245.0000000000
1982 -244.0000000000
2328 -243.0000000000
2440 -242.0000000000
2657 -241.0000000000
2803 -240.0000000000
2835 -239.0000000000
3199 -238.0000000000
3253 -237.0000000000
3315 -236.0000000000
3361 -235.0000000000
3562 -234.0000000000
3869 -232.0000000000
4069 -231.0000000000
4546 -229.0000000000
4740 -227.0000000000
5568 -226.0000000000
5639 -225.0000000000
5647 -224.0000000000
6034 -223.0000000000
6262 -222.0000000000
6384 -221.0000000000
6385 -220.0000000000
7344 -219.0000000000
7536 -218.0000000000
7857 -217.0000000000
7984 -216.0000000000
8029 -215.0000000000
8509 -214.0000000000
8908 -213.0000000000
9040 -212.0000000000
9181 -211.0000000000
9423 -210.0000000000
9670 -209.0000000000
10000 -284.0000000000
evaluations raw_y
1 -289.0000000000
9 -288.0000000000
13 -285.0000000000
25 -284.0000000000
36 -283.0000000000
38 -282.0000000000
40 -281.0000000000
46 -279.0000000000
100 -278.0000000000
124 -277.0000000000
138 -275.0000000000
157 -274.0000000000
183 -273.0000000000
200 -272.0000000000
304 -271.0000000000
340 -270.0000000000
351 -269.0000000000
385 -268.0000000000
514 -267.0000000000
554 -265.0000000000
614 -264.0000000000
656 -263.0000000000
687 -260.0000000000
831 -259.0000000000
934 -258.0000000000
1101 -257.0000000000
1118 -256.0000000000
1369 -255.0000000000
1401 -254.0000000000
1554 -253.0000000000
1560 -252.0000000000
1800 -249.0000000000
2145 -248.0000000000
2247 -246.0000000000
2298 -245.0000000000
2331 -244.0000000000
2445 -243.0000000000
2594 -242.0000000000
2736 -241.0000000000
2798 -240.0000000000
2912 -239.0000000000
3142 -235.0000000000
3604 -233.0000000000
3975 -232.0000000000
4136 -231.0000000000
4169 -230.0000000000
4686 -229.0000000000
4762 -228.0000000000
4946 -227.0000000000
5038 -226.0000000000
5365 -225.0000000000
5433 -224.0000000000
5642 -222.0000000000
5756 -221.0000000000
5777 -220.0000000000
6087 -218.0000000000
6600 -217.0000000000
7062 -216.0000000000
7295 -215.0000000000
7349 -214.0000000000
7756 -213.0000000000
8069 -212.0000000000
8118 -211.0000000000
9017 -210.0000000000
9027 -209.0000000000
9121 -206.0000000000
9186 -205.0000000000
9261 -204.0000000000
9566 -202.0000000000
10000 -231.0000000000
evaluations raw_y
1 -264.0000000000
2 -263.0000000000
15 -262.0000000000
22 -261.0000000000
82 -260.0000000000
104 -259.0000000000
109 -258.0000000000
124 -257.0000000000
127 -256.0000000000
139 -254.0000000000
177 -253.0000000000
184 -251.0000000000
207 -250.0000000000
210 -249.0000000000
212 -247.0000000000
278 -246.0000000000
334 -245.0000000000
393 -244.0000000000
554 -239.0000000000
628 -238.0000000000
749 -237.0000000000
859 -236.0000000000
930 -235.0000000000
995 -234.0000000000
1282 -233.0000000000
1296 -232.0000000000
1332 -231.0000000000
1457 -230.0000000000
1620 -229.0000000000
1894 -228.0000000000
1947 -227.0000000000
1965 -226.0000000000
1997 -225.0000000000
2033 -224.0000000000
2245 -223.0000000000
2353 -222.0000000000
2407 -220.0000000000
2477 -219.0000000000
2839 -218.0000000000
2907 -217.0000000000
2928 -216.0000000000
3298 -215.0000000000
3378 -214.0000000000
3469 -213.0000000000
3504 -212.0000000000
3743 -211.0000000000
4111 -209.0000000000
4116 -208.0000000000
4329 -206.0000000000
4412 -205.0000000000
4502 -204.0000000000
4555 -203.0000000000
4594 -202.0000000000
4709 -200.0000000000
4712 -199.0000000000
4740 -198.0000000000
4972 -197.0000000000
5279 -196.0000000000
5451 -195.0000000000
5766 -194.0000000000
5825 -193.0000000000
5945 -192.0000000000
6042 -191.0000000000
7054 -190.0000000000
7197 -189.0000000000
7397 -188.0000000000
7419 -184.0000000000
9451 -183.0000000000
9516 -182.0000000000
9767 -181.0000000000
10000 -198.0000000000
evaluations raw_y
1 -291.0000000000
5 -290.0000000000
7 -289.0000000000
28 -288.0000000000
29 -287.0000000000
61 -285.0000000000
80 -284.0000000000
97 -281.0000000000
98 -280.0000000000
124 -278.0000000000
139 -277.0000000000
141 -276.0000000000
142 -275.0000000000
175 -274.0000000000
184 -272.0000000000
189 -271.0000000000
308 -270.0000000000
411 -269.0000000000
468 -268.0000000000
500 -267.0000000000
855 -266.0000000000
952 -265.0000000000
1040 -264.0000000000
1336 -263.0000000000
1413 -262.0000000000
1481 -261.0000000000
1552 -260.0000000000
1649 -258.0000000000
1881 -257.0000000000
2048 -256.0000000000
2145 -255.0000000000
2225 -254.0000000000
2554 -253.0000000000
2686 -252.0000000000
2742 -251.0000000000
2978 -250.0000000000
3023 -249.0000000000
3123 -248.0000000000
3326 -247.0000000000
3368 -246.0000000000
3421 -244.0000000000
3517 -243.0000000000
4004 -242.0000000000
4200 -241.0000000000
4272 -240.0000000000
4323 -239.0000000000
4573 -238.0000000000
4740 -236.0000000000
4796 -235.0000000000
4976 -234.0000000000
5079 -233.0000000000
5209 -232.0000000000
5254 -231.0000000000
5413 -230.0000000000
6120 -229.0000000000
6156 -228.0000000000
6253 -227.0000000000
6556 -226.0000000000
6699 -225.0000000000
7107 -224.0000000000
7542 -223.0000000000
7654 -222.0000000000
8075 -220.0000000000
8301 -219.0000000000
8453 -216.0000000000
8619 -215.0000000000
8687 -214.0000000000
9035 -213.0000000000
10000 -280.0000000000
evaluations raw_y
1 -289.0000000000
3 -287.0000000000
6 -286.0000000000
9 -285.0000000000
18 -284.0000000000
45 -282.0000000000
77 -281.0000000000
244 -280.0000000000
250 -279.0000000000
287 -278.0000000000
325 -277.0000000000
357 -276.0000000000
402 -273.0000000000
423 -272.0000000000
484 -271.0000000000
536 -269.0000000000
618 -268.0000000000
628 -267.0000000000
655 -266.0000000000
716 -263.0000000000
754 -262.0000000000
886 -260.0000000000
1049 -259.0000000000
1075 -258.0000000000
1148 -257.0000000000
1354 -256.0000000000
1358 -255.0000000000
1400 -253.0000000000
1445 -251.0000000000
1482 -250.0000000000
1562 -249.0000000000
1572 -248.0000000000
1940 -247.0000000000
2134 -246.0000000000
2196 -245.0000000000
2250 -244.0000000000
2530 -243.0000000000
2541 -240.0000000000
2553 -238.0000000000
2664 -237.0000000000
2860 -236.0000000000
2977 -235.0000000000
3035 -234.0000000000
3072 -233.0000000000
3347 -232.0000000000
3517 -231.0000000000
3519 -230.0000000000
4050 -229.0000000000
4137 -226.0000000000
4693 -225.0000000000
4711 -223.0000000000
4805 -222.0000000000
4931 -221.0000000000
5236 -220.0000000000
5815 -219.0000000000
5862 -218.0000000000
6092 -216.0000000000
6189 -215.0000000000
6314 -214.0000000000
6366 -213.0000000000
6387 -211.0000000000
6962 -210.0000000000
7053 -208.0000000000
7527 -206.0000000000
7984 -205.0000000000
9786 -204.0000000000
9877 -203.0000000000
10000 -272.0000000000
evaluations raw_y
1 -291.0000000000
4 -290.0000000000
5 -289.0000000000
7 -286.0000000000
27 -285.0000000000
30 -284.0000000000
40 -283.0000000000
49 -282.0000000000
97 -281.0000000000
109 -280.0000000000
133 -278.0000000000
221 -277.0000000000
259 -275.0000000000
404 -274.0000000000
476 -273.0000000000
572 -272.0000000000
659 -271.0000000000
691 -270.0000000000
709 -269.0000000000
719 -268.0000000000
826 -267.0000000000
840 -266.0000000000
885 -265.0000000000
1035 -264.0000000000
1197 -263.0000000000
1220 -262.0000000000
1240 -261.0000000000
1378 -260.0000000000
1436 -258.0000000000
1577 -257.0000000000
1582 -255.0000000000
1752 -254.0000000000
2062 -253.0000000000
2180 -252.0000000000
2264 -250.0000000000
2279 -249.0000000000
2461 -247.0000000000
2709 -245.0000000000
3059 -243.0000000000
3239 -242.0000000000
3461 -241.0000000000
3739 -239.0000000000
3841 -238.0000000000
3890 -236.0000000000
4791 -235.0000000000
4846 -234.0000000000
4923 -232.0000000000
5045 -231.0000000000
5063 -230.0000000000
5339 -229.0000000000
5469 -228.0000000000
5692 -227.0000000000
5742 -226.0000000000
5936 -225.0000000000
6171 -224.0000000000
6317 -222.0000000000
6502 -221.0000000000
6632 -220.0000000000
7293 -219.0000000000
7525 -218.0000000000
8045 -217.0000000000
8076 -216.0000000000
8114 -215.0000000000
8118 -214.0000000000
8384 -213.0000000000
8480 -212.0000000000
8586 -210.0000000000
8684 -209.0000000000
9472 -208.0000000000
9592 -207.0000000000
9687 -206.0000000000
9834 -205.0000000000
10000 -263.0000000000
evaluations raw_y
1 -280.0000000000
4 -279.0000000000
6 -278.0000000000
20 -277.0000000000
21 -276.0000000000
28 -275.0000000000
52 -274.0000000000
79 -273.0000000000
111 -272.0000000000
117 -270.0000000000
132 -269.0000000000
138 -267.0000000000
177 -266.0000000000
190 -264.0000000000
250 -263.0000000000
380 -262.0000000000
535 -261.0000000000
562 -260.0000000000
604 -258.0000000000
631 -257.0000000000
779 -256.0000000000
899 -254.0000000000
957 -253.0000000000
959 -252.0000000000
1132 -251.0000000000
1171 -250.0000000000
1204 -249.0000000000
1218 -248.0000000000
1308 -247.0000000000
1419 -246.0000000000
1559 -245.0000000000
1579 -243.0000000000
1631 -242.0000000000
1781 -241.0000000000
1921 -240.0000000000
1939 -239.0000000000
2474 -238.0000000000
3117 -237.0000000000
3434 -235.0000000000
3522 -234.0000000000
3848 -233.0000000000
3916 -232.0000000000
3948 -231.0000000000
4256 -230.0000000000
4640 -229.0000000000
4713 -228.0000000000
4764 -227.0000000000
4870 -225.0000000000
4920 -224.0000000000
5023 -223.0000000000
5268 -222.0000000000
5317 -221.0000000000
5388 -220.0000000000
6077 -219.0000000000
6209 -218.0000000000
6264 -217.0000000000
6380 -216.0000000000
6532 -215.0000000000
6993 -214.0000000000
6998 -213.0000000000
7140 -212.0000000000
7189 -211.0000000000
7418 -210.0000000000
7588 -209.0000000000
7731 -208.0000000000
8163 -207.0000000000
8546 -206.0000000000
8908 -205.0000000000
9402 -202.0000000000
9561 -201.0000000000
9895 -200.0000000000
10000 -209.0000000000
evaluations raw_y
1 -281.0000000000
4 -280.0000000000
14 -277.0000000000
34 -276.0000000000
41 -275.0000000000
83 -274.0000000000
87 -273.0000000000
103 -272.0000000000
114 -271.0000000000
118 -269.0000000000
136 -268.0000000000
173 -267.0000000000
241 -264.0000000000
353 -263.0000000000
358 -262.0000000000
422 -261.0000000000
459 -260.0000000000
526 -259.0000000000
687 -258.0000000000
698 -257.0000000000
984 -256.0000000000
985 -255.0000000000
1151 -254.0000000000
1602 -251.0000000000
1633 -250.0000000000
1733 -249.0000000000
1739 -248.0000000000
1803 -247.0000000000
1811 -246.0000000000
1814 -243.0000000000
2035 -242.0000000000
2171 -241.0000000000
2428 -239.0000000000
2473 -238.0000000000
2840 -237.0000000000
2896 -236.0000000000
2980 -235.0000000000
3200 -234.0000000000
3271 -233.0000000000
3404 -231.0000000000
4516 -230.0000000000
4563 -229.0000000000
4630 -227.0000000000
4958 -225.0000000000
5071 -224.0000000000
5093 -223.0000000000
5298 -222.0000000000
5421 -221.0000000000
5450 -219.0000000000
5469 -218.0000000000
5501 -217.0000000000
5736 -216.0000000000
5784 -215.0000000000
5853 -214.0000000000
6079 -213.0000000000
6407 -211.0000000000
6409 -210.0000000000
6726 -209.0000000000
7078 -207.0000000000
7198 -205.0000000000
7584 -204.0000000000
8143 -203.0000000000
8213 -202.0000000000
8651 -201.0000000000
8777 -200.0000000000
9184 -199.0000000000
9347 -198.0000000000
9435 -197.0000000000
9919 -196.0000000000
10000 -214.0000000000
evaluations raw_y
1 -305.0000000000
2 -304.0000000000
10 -303.0000000000
29 -302.0000000000
31 -301.0000000000
71 -300.0000000000
73 -299.0000000000
90 -296.0000000000
107 -295.0000000000
110 -294.0000000000
131 -292.0000000000
137 -291.0000000000
144 -290.0000000000
147 -288.0000000000
199 -287.0000000000
220 -285.0000000000
315 -284.0000000000
344 -283.0000000000
359 -281.0000000000
375 -280.0000000000
376 -279.0000000000
415 -278.0000000000
458 -277.0000000000
502 -276.0000000000
563 -275.0000000000
637 -274.0000000000
698 -273.0000000000
785 -272.0000000000
829 -270.0000000000
1074 -267.0000000000
1184 -266.0000000000
1276 -264.0000000000
1348 -263.0000000000
1409 -262.0000000000
1410 -261.0000000000
1552 -259.0000000000
2015 -257.0000000000
2359 -254.0000000000
2593 -253.0000000000
2827 -252.0000000000
3218 -250.0000000000
3224 -249.0000000000
3430 -248.0000000000
3588 -247.0000000000
3928 -246.0000000000
4158 -244.0000000000
4228 -243.0000000000
4280 -242.0000000000
4452 -241.0000000000
4583 -240.0000000000
4803 -239.0000000000
4904 -238.0000000000
5091 -236.0000000000
5158 -235.0000000000
5423 -234.0000000000
5425 -233.0000000000
6213 -231.0000000000
7645 -229.0000000000
8231 -228.0000000000
8361 -227.0000000000
8823 -226.0000000000
9069 -223.0000000000
9092 -222.0000000000
9253 -221.0000000000
9292 -220.0000000000
9387 -219.0000000000
9846 -218.0000000000
9958 -217.0000000000
9989 -215.0000000000
10000 -291.0000000000
evaluations raw_y
1 -286.0000000000
4 -285.0000000000
11 -284.0000000000
24 -282.0000000000
38 -281.0000000000
64 -280.0000000000
65 -279.0000000000
66 -278.0000000000
111 -277.0000000000
157 -276.0000000000
170 -275.0000000000
173 -274.0000000000
186 -272.0000000000
190 -271.0000000000
216 -270.0000000000
249 -269.0000000000
259 -268.0000000000
373 -266.0000000000
465 -265.0000000000
485 -264.0000000000
509 -263.0000000000
635 -262.0000000000
663 -260.0000000000
795 -259.0000000000
955 -258.0000000000
995 -256.0000000000
1003 -255.0000000000
1017 -254.0000000000
1246 -253.0000000000
1397 -252.0000000000
1442 -251.0000000000
1669 -250.0000000000
1731 -249.0000000000
1812 -248.0000000000
1857 -247.0000000000
1877 -245.0000000000
1909 -244.0000000000
2011 -243.0000000000
2134 -240.0000000000
2153 -239.0000000000
2215 -236.0000000000
2353 -235.0000000000
2521 -234.0000000000
2632 -232.0000000000
2752 -231.0000000000
2792 -229.0000000000
2947 -228.0000000000
3013 -227.0000000000
3392 -226.0000000000
3422 -225.0000000000
3459 -224.0000000000
3773 -223.0000000000
3933 -222.0000000000
4111 -221.0000000000
4598 -219.0000000000
4644 -218.0000000000
4656 -217.0000000000
4819 -216.0000000000
4882 -213.0000000000
4991 -212.0000000000
5014 -210.0000000000
5130 -209.0000000000
6339 -208.0000000000
6367 -207.0000000000
6560 -206.0000000000
6608 -205.0000000000
6919 -203.0000000000
7204 -202.0000000000
7623 -200.0000000000
7841 -199.0000000000
8330 -198.0000000000
8336 -197.0000000000
8474 -194.0000000000
9273 -193.0000000000
9420 -192.0000000000
9445 -191.0000000000
9703 -190.0000000000
9962 -189.0000000000
10000 -272.0000000000
evaluations raw_y
1 -293.0000000000
2 -292.0000000000
6 -291.0000000000
10 -290.0000000000
37 -288.0000000000
67 -287.0000000000
81 -286.0000000000
126 -285.0000000000
142 -284.0000000000
162 -283.0000000000
212 -282.0000000000
270 -281.0000000000
275 -280.0000000000
316 -279.0000000000
353 -278.0000000000
359 -276.0000000000
444 -275.0000000000
495 -274.0000000000
510 -272.0000000000
587 -271.0000000000
602 -270.0000000000
605 -269.0000000000
637 -268.0000000000
662 -266.0000000000
894 -265.0000000000
905 -263.0000000000
1109 -262.0000000000
1432 -261.0000000000
1508 -260.0000000000
1540 -259.0000000000
1560 -258.0000000000
1638 -257.0000000000
1685 -256.0000000000
1766 -255.0000000000
1818 -253.0000000000
1827 -252.0000000000
1841 -251.0000000000
1916 -250.0000000000
2005 -248.0000000000
2345 -247.0000000000
2512 -246.0000000000
2820 -245.0000000000
3242 -244.0000000000
3463 -242.0000000000
3543 -241.0000000000
3776 -240.0000000000
3984 -239.0000000000
4142 -238.0000000000
4179 -237.0000000000
4323 -236.0000000000
4413 -235.0000000000
4593 -234.0000000000
4828 -232.0000000000
5166 -231.0000000000
5422 -229.0000000000
5735 -228.0000000000
5878 -227.0000000000
6515 -226.0000000000
6864 -224.0000000000
7079 -223.0000000000
7323 -222.0000000000
7371 -221.0000000000
7417 -219.0000000000
7662 -218.0000000000
7987 -217.0000000000
8002 -215.0000000000
8136 -214.0000000000
8278 -213.0000000000
8347 -212.0000000000
8804 -210.0000000000
8874 -209.0000000000
9037 -208.0000000000
9438 -207.0000000000
9585 -206.0000000000
9617 -204.0000000000
10000 -265.0000000000
evaluations raw_y
1 -296.0000000000
3 -295.0000000000
5 -294.0000000000
10 -293.0000000000
43 -292.0000000000
61 -291.0000000000
69 -289.0000000000
110 -288.0000000000
141 -286.0000000000
189 -285.0000000000
198 -284.0000000000
206 -283.0000000000
229 -282.0000000000
233 -281.0000000000
278 -280.0000000000
321 -279.0000000000
514 -277.0000000000
608 -276.0000000000
754 -275.0000000000
779 -274.0000000000
801 -272.0000000000
988 -271.0000000000
990 -270.0000000000
1003 -269.0000000000
1123 -268.0000000000
1137 -267.0000000000
1156 -266.0000000000
1276 -265.0000000000
1346 -263.0000000000
1502 -262.0000000000
1873 -260.0000000000
1918 -259.0000000000
1925 -257.0000000000
2026 -256.0000000000
2040 -255.0000000000
2076 -254.0000000000
2079 -253.0000000000
2179 -252.0000000000
2273 -251.0000000000
2572 -250.0000000000
2666 -249.0000000000
3164 -248.0000000000
3342 -247.0000000000
3501 -246.0000000000
3739 -245.0000000000
4131 -244.0000000000
4221 -242.0000000000
4309 -241.0000000000
4391 -240.0000000000
4629 -239.0000000000
4725 -238.0000000000
4827 -237.0000000000
5759 -236.0000000000
5888 -234.0000000000
6032 -233.0000000000
6276 -232.0000000000
6718 -230.0000000000
7188 -229.0000000000
7387 -227.0000000000
7692 -226.0000000000
7963 -225.0000000000
8207 -224.0000000000
8222 -222.0000000000
9450 -221.0000000000
9535 -220.0000000000
9538 -219.0000000000
9683 -218.0000000000
9813 -217.0000000000
9960 -216.0000000000
10000 -242.0000000000
evaluations raw_y
1 -294.0000000000
13 -293.0000000000
14 -292.0000000000
22 -291.0000000000
27 -290.0000000000
32 -288.0000000000
44 -287.0000000000
80 -286.0000000000
89 -284.0000000000
119 -282.0000000000
168 -281.0000000000
262 -280.0000000000
357 -279.0000000000
362 -278.0000000000
399 -277.0000000000
458 -276.0000000000
466 -275.0000000000
475 -274.0000000000
517 -272.0000000000
536 -270.0000000000
543 -269.0000000000
590 -268.0000000000
732 -267.0000000000
738 -266.0000000000
910 -265.0000000000
912 -264.0000000000
997 -263.0000000000
1220 -262.0000000000
1375 -261.0000000000
1605 -260.0000000000
1762 -259.0000000000
1844 -257.0000000000
2193 -256.0000000000
2203 -255.0000000000
2262 -254.0000000000
2482 -252.0000000000
2869 -251.0000000000
2873 -250.0000000000
3328 -249.0000000000
3590 -248.0000000000
3597 -247.0000000000
3677 -246.0000000000
3916 -245.0000000000
4388 -244.0000000000
4441 -243.0000000000
4587 -242.0000000000
4711 -241.0000000000
5501 -240.0000000000
5667 -239.0000000000
6081 -238.0000000000
6448 -236.0000000000
7089 -235.0000000000
7447 -234.0000000000
7451 -233.0000000000
7858 -232.0000000000
7976 -231.0000000000
8191 -229.0000000000
8499 -228.0000000000
8943 -227.0000000000
9261 -225.0000000000
9391 -224.0000000000
9569 -222.0000000000
9789 -221.0000000000
9824 -220.0000000000
10000 -245.0000000000
evaluations raw_y
1 -285.0000000000
2 -283.0000000000
6 -282.0000000000
7 -281.0000000000
27 -279.0000000000
44 -278.0000000000
75 -277.0000000000
116 -276.0000000000
121 -275.0000000000
142 -274.0000000000
155 -273.0000000000
169 -271.0000000000
194 -270.0000000000
214 -269.0000000000
222 -268.0000000000
282 -267.0000000000
307 -266.0000000000
337 -265.0000000000
439 -264.0000000000
586 -263.0000000000
699 -262.0000000000
726 -261.0000000000
801 -260.0000000000
840 -259.0000000000
862 -258.0000000000
990 -257.0000000000
1098 -256.0000000000
1374 -255.0000000000
1401 -254.0000000000
1427 -252.0000000000
1460 -251.0000000000
1654 -249.0000000000
1681 -248.0000000000
1916 -247.0000000000
2013 -246.0000000000
2056 -245.0000000000
2172 -244.0000000000
2225 -243.0000000000
2493 -242.0000000000
2599 -241.0000000000
2667 -239.0000000000
2732 -237.0000000000
2889 -236.0000000000
3132 -235.0000000000
3308 -234.0000000000
3335 -233.0000000000
3738 -232.0000000000
3754 -231.0000000000
3844 -230.0000000000
3874 -229.0000000000
3941 -227.0000000000
3949 -226.0000000000
4264 -225.0000000000
4405 -224.0000000000
4509 -223.0000000000
4608 -222.0000000000
4717 -221.0000000000
4754 -220.0000000000
5011 -219.0000000000
5186 -218.0000000000
5667 -217.0000000000
6083 -216.0000000000
6212 -215.0000000000
6557 -213.0000000000
7557 -212.0000000000
7694 -211.0000000000
7714 -209.0000000000
8291 -208.0000000000
8827 -206.0000000000
9073 -204.0000000000
9384 -203.0000000000
9804 -202.0000000000
9906 -199.0000000000
10000 -255.0000000000
evaluations raw_y
1 -280.0000000000
3 -279.0000000000
9 -278.0000000000
11 -276.0000000000
12 -275.0000000000
38 -274.0000000000
50 -272.0000000000
59 -270.0000000000
97 -269.0000000000
109 -268.0000000000
138 -266.0000000000
380 -265.0000000000
409 -264.0000000000
423 -263.0000000000
457 -262.0000000000
458 -261.0000000000
543 -260.0000000000
568 -259.0000000000
578 -258.0000000000
588 -257.0000000000
645 -256.0000000000
653 -255.0000000000
681 -254.0000000000
711 -253.0000000000
823 -252.0000000000
973 -251.0000000000
1144 -249.0000000000
1266 -248.0000000000
1267 -247.0000000000
1315 -245.0000000000
1488 -244.0000000000
1692 -243.0000000000
1714 -242.0000000000
1902 -241.0000000000
2014 -240.0000000000
2070 -239.0000000000
2135 -238.0000000000
2174 -237.0000000000
2284 -236.0000000000
2401 -234.0000000000
2820 -233.0000000000
2835 -232.0000000000
2933 -231.0000000000
3085 -230.0000000000
3341 -229.0000000000
3748 -228.0000000000
3777 -226.0000000000
3827 -225.0000000000
4300 -224.0000000000
4619 -223.0000000000
4815 -222.0000000000
4984 -221.0000000000
5196 -219.0000000000
5415 -218.0000000000
5460 -217.0000000000
7128 -215.0000000000
7288 -213.0000000000
7663 -212.0000000000
7710 -211.0000000000
7892 -210.0000000000
8059 -209.0000000000
8088 -208.0000000000
8102 -207.0000000000
8140 -206.0000000000
8487 -205.0000000000
9012 -204.0000000000
10000 -216.0000000000
evaluations raw_y
1 -281.0000000000
3 -280.0000000000
4 -279.0000000000
30 -278.0000000000
34 -276.0000000000
110 -275.0000000000
142 -274.0000000000
168 -273.0000000000
180 -271.0000000000
260 -270.0000000000
296 -269.0000000000
307 -267.0000000000
332 -266.0000000000
378 -265.0000000000
445 -262.0000000000
454 -261.0000000000
617 -260.0000000000
626 -259.0000000000
676 -258.0000000000
733 -257.0000000000
735 -255.0000000000
774 -254.0000000000
783 -253.0000000000
821 -251.0000000000
887 -250.0000000000
955 -249.0000000000
1000 -248.0000000000
1053 -247.0000000000
1193 -246.0000000000
1277 -245.0000000000
1372 -244.0000000000
1499 -243.0000000000
1777 -242.0000000000
1930 -241.0000000000
1992 -240.0000000000
1997 -239.0000000000
2568 -238.0000000000
2674 -237.0000000000
2859 -235.0000000000
3408 -234.0000000000
3458 -233.0000000000
3498 -232.0000000000
3680 -231.0000000000
3792 -230.0000000000
3902 -229.0000000000
3916 -228.0000000000
4163 -227.0000000000
4420 -226.0000000000
4480 -225.0000000000
4769 -224.0000000000
4826 -223.0000000000
5091 -222.0000000000
5392 -221.0000000000
5683 -220.0000000000
5698 -219.0000000000
5947 -217.0000000000
6222 -216.0000000000
6247 -215.0000000000
6433 -214.0000000000
6798 -213.0000000000
7541 -212.0000000000
7991 -211.0000000000
8056 -210.0000000000
8228 -209.0000000000
8815 -208.0000000000
9342 -206.0000000000
9569 -205.0000000000
9589 -204.0000000000
9618 -203.0000000000
9699 -201.0000000000
10000 -223.0000000000
evaluations raw_y
1 -300.0000000000
2 -299.0000000000
29 -298.0000000000
32 -297.0000000000
40 -296.0000000000
63 -295.0000000000
138 -294.0000000000
141 -292.0000000000
208 -288.0000000000
227 -287.0000000000
252 -286.0000000000
261 -285.0000000000
326 -284.0000000000
343 -283.0000000000
386 -281.0000000000
478 -280.0000000000
499 -279.0000000000
552 -278.0000000000
607 -277.0000000000
638 -276.0000000000
705 -275.0000000000
863 -273.0000000000
915 -272.0000000000
926 -271.0000000000
1156 -270.0000000000
1262 -269.0000000000
1343 -268.0000000000
1386 -267.0000000000
1532 -266.0000000000
1601 -265.0000000000
1612 -264.0000000000
1696 -263.0000000000
1769 -262.0000000000
1819 -261.0000000000
1836 -260.0000000000
1892 -258.0000000000
1896 -257.0000000000
2132 -256.0000000000
2433 -254.0000000000
2454 -253.0000000000
2541 -252.0000000000
2546 -251.0000000000
2569 -249.0000000000
2775 -248.0000000000
2863 -247.0000000000
3027 -245.0000000000
3078 -244.0000000000
3172 -243.0000000000
3176 -242.0000000000
3178 -241.0000000000
3249 -240.0000000000
3320 -239.0000000000
3610 -238.0000000000
3643 -237.0000000000
3760 -236.0000000000
3942 -234.0000000000
4043 -233.0000000000
4243 -232.0000000000
4492 -231.0000000000
5240 -230.0000000000
5480 -228.0000000000
5655 -227.0000000000
5743 -226.0000000000
5987 -224.0000000000
6672 -223.0000000000
7599 -222.0000000000
7662 -221.0000000000
8279 -220.0000000000
9200 -219.0000000000
9556 -218.0000000000
10000 -220.0000000000
evaluations raw_y
1 -289.0000000000
2 -288.0000000000
3 -286.0000000000
8 -285.0000000000
18 -284.0000000000
37 -282.0000000000
80 -280.0000000000
84 -277.0000000000
115 -275.0000000000
145 -274.0000000000
174 -273.0000000000
194 -272.0000000000
215 -271.0000000000
237 -270.0000000000
251 -269.0000000000
260 -268.0000000000
265 -267.0000000000
277 -266.0000000000
290 -265.0000000000
311 -264.0000000000
328 -263.0000000000
430 -262.0000000000
431 -260.0000000000
440 -259.0000000000
451 -257.0000000000
507 -255.0000000000
580 -254.0000000000
629 -253.0000000000
647 -252.0000000000
758 -250.0000000000
1150 -248.0000000000
1264 -246.0000000000
1438 -245.0000000000
1630 -244.0000000000
1751 -243.0000000000
1945 -242.0000000000
2058 -241.0000000000
2289 -240.0000000000
2367 -239.0000000000
2517 -238.0000000000
2693 -237.0000000000
2992 -236.0000000000
3084 -235.0000000000
3139 -234.0000000000
3217 -233.0000000000
3338 -232.0000000000
3384 -231.0000000000
3586 -230.0000000000
3655 -229.0000000000
3670 -228.0000000000
3774 -227.0000000000
3862 -226.0000000000
4270 -225.0000000000
4386 -224.0000000000
4436 -222.0000000000
5133 -219.0000000000
5224 -218.0000000000
5390 -217.0000000000
5507 -216.0000000000
5699 -215.0000000000
5812 -214.0000000000
6069 -213.0000000000
6223 -212.0000000000
6361 -211.0000000000
6406 -208.0000000000
7244 -207.0000000000
7405 -206.0000000000
7443 -205.0000000000
7502 -204.0000000000
8770 -203.0000000000
8794 -202.0000000000
8892 -201.0000000000
8960 -200.0000000000
9185 -199.0000000000
9257 -198.0000000000
9473 -197.0000000000
9541 -196.0000000000
10000 -209.0000000000
evaluations raw_y
1 -287.0000000000
4 -286.0000000000
9 -283.0000000000
30 -282.0000000000
32 -281.0000000000
42 -278.0000000000
62 -277.0000000000
69 -276.0000000000
154 -275.0000000000
183 -274.0000000000
205 -273.0000000000
212 -272.0000000000
294 -271.0000000000
312 -270.0000000000
325 -266.0000000000
375 -264.0000000000
396 -262.0000000000
508 -260.0000000000
511 -259.0000000000
598 -258.0000000000
695 -257.0000000000
757 -255.0000000000
762 -254.0000000000
870 -253.0000000000
912 -252.0000000000
991 -250.0000000000
1206 -249.0000000000
1289 -248.0000000000
1419 -247.0000000000
1544 -246.0000000000
1668 -245.0000000000
1688 -244.0000000000
1961 -242.0000000000
2125 -241.0000000000
2141 -239.0000000000
2602 -237.0000000000
2679 -236.0000000000
2682 -235.0000000000
2769 -234.0000000000
2983 -233.0000000000
3129 -232.0000000000
3236 -231.0000000000
3639 -230.0000000000
3742 -229.0000000000
3750 -228.0000000000
3835 -227.0000000000
4658 -225.0000000000
4707 -223.0000000000
5018 -222.0000000000
5204 -221.0000000000
5259 -220.0000000000
5263 -219.0000000000
5314 -218.0000000000
5896 -217.0000000000
6074 -216.0000000000
6199 -215.0000000000
6238 -214.0000000000
6309 -212.0000000000
6709 -211.0000000000
7086 -210.0000000000
7917 -209.0000000000
8273 -208.0000000000
8320 -207.0000000000
8361 -206.0000000000
9241 -205.0000000000
9278 -204.0000000000
10000 -273.0000000000
evaluations raw_y
1 -269.0000000000
11 -268.0000000000
17 -267.0000000000
26 -266.0000000000
67 -265.0000000000
155 -264.0000000000
171 -263.0000000000
177 -261.0000000000
203 -260.0000000000
230 -259.0000000000
259 -258.0000000000
261 -257.0000000000
363 -256.0000000000
435 -254.0000000000
449 -253.0000000000
535 -252.0000000000
589 -251.0000000000
622 -250.0000000000
656 -249.0000000000
732 -248.0000000000
797 -246.0000000000
810 -244.0000000000
812 -241.0000000000
834 -240.0000000000
880 -239.0000000000
901 -238.0000000000
965 -237.0000000000
1284 -236.0000000000
1365 -235.0000000000
1449 -234.0000000000
1654 -233.0000000000
1760 -232.0000000000
1875 -231.0000000000
2073 -230.0000000000
2074 -229.0000000000
2162 -228.0000000000
2599 -227.0000000000
2718 -226.0000000000
3137 -225.0000000000
3238 -224.0000000000
3256 -222.0000000000
3843 -221.0000000000
4162 -219.0000000000
4597 -218.0000000000
5400 -217.0000000000
5542 -216.0000000000
5823 -215.0000000000
6280 -213.0000000000
6882 -212.0000000000
7623 -211.0000000000
7839 -209.0000000000
7910 -208.0000000000
8007 -207.0000000000
8242 -205.0000000000
9135 -203.0000000000
9565 -202.0000000000
9953 -201.0000000000
10000 -229.0000000000
evaluations raw_y
1 -296.0000000000
2 -295.0000000000
3 -294.0000000000
4 -293.0000000000
7 -292.0000000000
10 -291.0000000000
14 -290.0000000000
16 -289.0000000000
26 -287.0000000000
72 -286.0000000000
120 -285.0000000000
165 -284.0000000000
292 -282.0000000000
293 -281.0000000000
325 -279.0000000000
406 -276.0000000000
430 -275.0000000000
444 -274.0000000000
475 -272.0000000000
624 -271.0000000000
695 -270.0000000000
758 -267.0000000000
807 -266.0000000000
866 -265.0000000000
928 -264.0000000000
1014 -263.0000000000
1049 -261.0000000000
1206 -260.0000000000
1246 -259.0000000000
1376 -258.0000000000
1398 -257.0000000000
1507 -256.0000000000
1512 -255.0000000000
1728 -254.0000000000
1735 -253.0000000000
2009 -252.0000000000
2270 -251.0000000000
2309 -249.0000000000
2372 -248.0000000000
2406 -247.0000000000
2431 -246.0000000000
2598 -245.0000000000
2600 -244.0000000000
2724 -243.0000000000
2762 -240.0000000000
3089 -239.0000000000
3173 -237.0000000000
3623 -236.0000000000
3838 -234.0000000000
3917 -232.0000000000
4335 -229.0000000000
5434 -228.0000000000
5749 -227.0000000000
6551 -226.0000000000
6635 -225.0000000000
7276 -223.0000000000
7321 -222.0000000000
7382 -221.0000000000
7799 -220.0000000000
7983 -219.0000000000
8259 -218.0000000000
8314 -217.0000000000
8336 -216.0000000000
8585 -212.0000000000
9062 -211.0000000000
9336 -210.0000000000
9425 -209.0000000000
9489 -208.0000000000
9503 -207.0000000000
9609 -206.0000000000
9643 -205.0000000000
9747 -203.0000000000
9855 -201.0000000000
10000 -202.0000000000
evaluations raw_y
1 -292.0000000000
2 -290.0000000000
3 -289.0000000000
11 -288.0000000000
12 -287.0000000000
15 -286.0000000000
18 -285.0000000000
22 -283.0000000000
45 -282.0000000000
55 -281.0000000000
76 -280.0000000000
91 -279.0000000000
127 -278.0000000000
138 -277.0000000000
166 -276.0000000000
200 -274.0000000000
331 -273.0000000000
340 -272.0000000000
343 -270.0000000000
357 -269.0000000000
379 -268.0000000000
380 -267.0000000000
439 -266.0000000000
583 -264.0000000000
686 -263.0000000000
812 -260.0000000000
855 -259.0000000000
930 -257.0000000000
1049 -256.0000000000
1153 -255.0000000000
1164 -254.0000000000
1524 -252.0000000000
1553 -251.0000000000
1678 -250.0000000000
1718 -249.0000000000
2039 -248.0000000000
2124 -247.0000000000
2395 -246.0000000000
2416 -245.0000000000
2472 -244.0000000000
2585 -243.0000000000
2758 -242.0000000000
2914 -241.0000000000
3197 -240.0000000000
3220 -239.0000000000
3481 -238.0000000000
3809 -237.0000000000
3856 -236.0000000000
4083 -235.0000000000
4444 -234.0000000000
4897 -233.0000000000
5043 -232.0000000000
5053 -231.0000000000
5065 -230.0000000000
5434 -229.0000000000
5686 -228.0000000000
5693 -227.0000000000
6076 -225.0000000000
6644 -224.0000000000
6770 -223.0000000000
7015 -222.0000000000
7383 -221.0000000000
7507 -220.0000000000
7872 -219.0000000000
8130 -218.0000000000
8141 -217.0000000000
8315 -216.0000000000
8722 -215.0000000000
8924 -213.0000000000
9011 -212.0000000000
9443 -211.0000000000
9980 -210.0000000000
10000 -272.0000000000
evaluations raw_y
1 -281.0000000000
2 -280.0000000000
8 -279.0000000000
16 -276.0000000000
83 -274.0000000000
106 -273.0000000000
115 -272.0000000000
146 -271.0000000000
148 -270.0000000000
154 -268.0000000000
197 -267.0000000000
199 -266.0000000000
203 -265.0000000000
233 -264.0000000000
264 -263.0000000000
272 -262.0000000000
295 -261.0000000000
351 -258.0000000000
369 -256.0000000000
421 -255.0000000000
499 -254.0000000000
566 -253.0000000000
582 -251.0000000000
660 -249.0000000000
742 -248.0000000000
796 -247.0000000000
819 -246.0000000000
844 -245.0000000000
897 -244.0000000000
1106 -242.0000000000
1211 -241.0000000000
1251 -240.0000000000
1385 -238.0000000000
1422 -237.0000000000
1469 -236.0000000000
1488 -235.0000000000
1663 -232.0000000000
1693 -231.0000000000
1758 -229.0000000000
1886 -228.0000000000
2394 -227.0000000000
2462 -226.0000000000
2921 -225.0000000000
3170 -224.0000000000
4039 -222.0000000000
4180 -219.0000000000
4231 -218.0000000000
4454 -217.0000000000
4883 -216.0000000000
5027 -215.0000000000
5160 -214.0000000000
5211 -213.0000000000
5380 -212.0000000000
5533 -211.0000000000
5646 -209.0000000000
6218 -208.0000000000
6896 -206.0000000000
7246 -205.0000000000
7691 -204.0000000000
8932 -203.0000000000
9218 -202.0000000000
9734 -200.0000000000
10000 -218.0000000000
evaluations raw_y
1 -271.0000000000
6 -270.0000000000
8 -269.0000000000
10 -268.0000000000
43 -267.0000000000
79 -266.0000000000
81 -265.0000000000
87 -264.0000000000
131 -262.0000000000
149 -261.0000000000
155 -260.0000000000
180 -258.0000000000
205 -256.0000000000
246 -255.0000000000
256 -253.0000000000
514 -251.0000000000
652 -250.0000000000
692 -249.0000000000
728 -248.0000000000
741 -247.0000000000
1014 -246.0000000000
1134 -245.0000000000
1213 -244.0000000000
1429 -243.0000000000
1501 -242.0000000000
1618 -240.0000000000
1620 -239.0000000000
1669 -238.0000000000
1859 -235.0000000000
1924 -234.0000000000
2086 -232.0000000000
2098 -230.0000000000
2102 -229.0000000000
2218 -228.0000000000
2232 -227.0000000000
2496 -226.0000000000
2508 -224.0000000000
2532 -222.0000000000
2631 -221.0000000000
2713 -220.0000000000
2739 -218.0000000000
2924 -215.0000000000
2948 -214.0000000000
2969 -213.0000000000
4229 -212.0000000000
4470 -210.0000000000
4754 -208.0000000000
5197 -207.0000000000
5281 -206.0000000000
5363 -205.0000000000
5524 -204.0000000000
5540 -203.0000000000
5581 -202.0000000000
6545 -201.0000000000
6665 -200.0000000000
6844 -199.0000000000
6958 -197.0000000000
7049 -196.0000000000
7209 -195.0000000000
7564 -194.0000000000
8347 -193.0000000000
8706 -192.0000000000
8886 -190.0000000000
9043 -189.0000000000
9249 -188.0000000000
9444 -187.0000000000
9780 -186.0000000000
10000 -208.0000000000
evaluations raw_y
1 -289.0000000000
5 -287.0000000000
12 -284.0000000000
20 -283.0000000000
28 -281.0000000000
55 -280.0000000000
60 -279.0000000000
77 -278.0000000000
89 -277.0000000000
110 -276.0000000000
140 -274.0000000000
171 -273.0000000000
198 -272.0000000000
271 -271.0000000000
305 -270.0000000000
332 -269.0000000000
454 -268.0000000000
494 -267.0000000000
551 -266.0000000000
722 -265.0000000000
766 -264.0000000000
828 -263.0000000000
840 -262.0000000000
883 -261.0000000000
1001 -260.0000000000
1195 -259.0000000000
1216 -258.0000000000
1233 -257.0000000000
1273 -256.0000000000
1277 -254.0000000000
1292 -253.0000000000
1344 -252.0000000000
1500 -251.0000000000
1573 -250.0000000000
1615 -249.0000000000
1705 -247.0000000000
1748 -246.0000000000
1757 -244.0000000000
1900 -242.0000000000
2071 -241.0000000000
2193 -240.0000000000
2235 -239.0000000000
2417 -237.0000000000
2755 -236.0000000000
3109 -235.0000000000
3538 -233.0000000000
3545 -232.0000000000
3571 -230.0000000000
3990 -228.0000000000
4215 -227.0000000000
4753 -226.0000000000
5245 -225.0000000000
5668 -223.0000000000
6032 -220.0000000000
6203 -218.0000000000
6239 -217.0000000000
6398 -216.0000000000
6414 -215.0000000000
7260 -213.0000000000
7653 -212.0000000000
7830 -211.0000000000
8171 -210.0000000000
8404 -209.0000000000
8514 -208.0000000000
8520 -207.0000000000
8765 -206.0000000000
8886 -205.0000000000
8895 -204.0000000000
10000 -205.0000000000
evaluations raw_y
1 -281.0000000000
2 -280.0000000000
24 -279.0000000000
46 -277.0000000000
54 -275.0000000000
73 -274.0000000000
87 -273.0000000000
99 -272.0000000000
129 -271.0000000000
137 -269.0000000000
173 -268.0000000000
212 -267.0000000000
215 -265.0000000000
223 -264.0000000000
234 -263.0000000000
242 -262.0000000000
250 -261.0000000000
258 -260.0000000000
271 -258.0000000000
320 -257.0000000000
325 -255.0000000000
500 -254.0000000000
556 -252.0000000000
577 -251.0000000000
586 -250.0000000000
898 -249.0000000000
1030 -247.0000000000
1102 -246.0000000000
1285 -243.0000000000
1463 -242.0000000000
1514 -241.0000000000
1538 -239.0000000000
1590 -238.0000000000
1640 -237.0000000000
1707 -236.0000000000
1849 -234.0000000000
2011 -233.0000000000
2054 -232.0000000000
2153 -231.0000000000
2179 -230.0000000000
2228 -229.0000000000
2351 -228.0000000000
2401 -227.0000000000
2633 -225.0000000000
2731 -224.0000000000
3434 -223.0000000000
3436 -221.0000000000
3722 -220.0000000000
3841 -219.0000000000
4250 -218.0000000000
4692 -217.0000000000
4729 -216.0000000000
5153 -215.0000000000
5183 -214.0000000000
5380 -213.0000000000
5979 -212.0000000000
6066 -211.0000000000
6907 -208.0000000000
7351 -207.0000000000
7490 -206.0000000000
7500 -204.0000000000
7561 -203.0000000000
7579 -202.0000000000
7633 -201.0000000000
7683 -200.0000000000
8562 -199.0000000000
8749 -198.0000000000
9488 -197.0000000000
9652 -196.0000000000
10000 -268.0000000000
evaluations raw_y
1 -283.0000000000
2 -282.0000000000
8 -280.0000000000
27 -279.0000000000
31 -278.0000000000
35 -277.0000000000
48 -276.0000000000
60 -275.0000000000
89 -272.0000000000
107 -271.0000000000
139 -270.0000000000
154 -268.0000000000
197 -267.0000000000
207 -265.0000000000
325 -264.0000000000
339 -262.0000000000
390 -261.0000000000
455 -260.0000000000
466 -258.0000000000
538 -257.0000000000
595 -256.0000000000
669 -255.0000000000
681 -254.0000000000
713 -253.0000000000
857 -252.0000000000
1013 -251.0000000000
1111 -249.0000000000
1246 -248.0000000000
1253 -247.0000000000
1312 -246.0000000000
1336 -245.0000000000
1478 -243.0000000000
1633 -242.0000000000
1657 -241.0000000000
1716 -240.0000000000
2000 -239.0000000000
2108 -238.0000000000
2237 -237.0000000000
2271 -236.0000000000
2330 -234.0000000000
2370 -233.0000000000
2478 -231.0000000000
2488 -230.0000000000
2791 -229.0000000000
2904 -227.0000000000
2916 -226.0000000000
3074 -225.0000000000
3261 -223.0000000000
3283 -221.0000000000
3436 -220.0000000000
3483 -217.0000000000
3653 -216.0000000000
4193 -215.0000000000
4432 -214.0000000000
4651 -213.0000000000
4754 -212.0000000000
4777 -210.0000000000
4908 -209.0000000000
5223 -208.0000000000
5467 -207.0000000000
5753 -205.0000000000
6418 -204.0000000000
6543 -203.0000000000
7032 -202.0000000000
7167 -201.0000000000
7230 -199.0000000000
7288 -197.0000000000
7292 -196.0000000000
7712 -195.0000000000
7765 -193.0000000000
7962 -192.0000000000
8071 -191.0000000000
8896 -190.0000000000
8947 -189.0000000000
9096 -188.0000000000
9309 -187.0000000000
10000 -205.0000000000
evaluations raw_y
1 -277.0000000000
4 -276.0000000000
15 -275.0000000000
16 -274.0000000000
26 -273.0000000000
64 -272.0000000000
91 -271.0000000000
123 -270.0000000000
169 -269.0000000000
203 -268.0000000000
210 -267.0000000000
225 -266.0000000000
228 -263.0000000000
289 -262.0000000000
312 -261.0000000000
319 -260.0000000000
362 -259.0000000000
365 -258.0000000000
404 -256.0000000000
492 -255.0000000000
533 -254.0000000000
538 -253.0000000000
586 -252.0000000000
614 -251.0000000000
653 -250.0000000000
675 -248.0000000000
700 -247.0000000000
710 -246.0000000000
845 -245.0000000000
856 -244.0000000000
981 -243.0000000000
1231 -242.0000000000
1299 -240.0000000000
1377 -238.0000000000
1382 -237.0000000000
1921 -236.0000000000
2171 -234.0000000000
2259 -233.0000000000
2382 -232.0000000000
2430 -231.0000000000
2786 -230.0000000000
2957 -229.0000000000
3211 -228.0000000000
3306 -226.0000000000
3563 -225.0000000000
3584 -224.0000000000
3933 -221.0000000000
4424 -220.0000000000
4712 -219.0000000000
4853 -218.0000000000
4947 -217.0000000000
5273 -215.0000000000
5329 -214.0000000000
5403 -213.0000000000
5470 -212.0000000000
5652 -211.0000000000
5899 -209.0000000000
6491 -208.0000000000
6630 -207.0000000000
6696 -206.0000000000
7289 -205.0000000000
7417 -204.0000000000
7595 -203.0000000000
7932 -202.0000000000
7960 -201.0000000000
8463 -200.0000000000
8501 -199.0000000000
8542 -198.0000000000
8780 -197.0000000000
8814 -195.0000000000
9885 -194.0000000000
10000 -258.0000000000
