evaluations raw_y
1 709551.2557795568
5 709584.4830408143
6 710545.8119182166
20 710597.3669004926
36 711714.7629569420
46 711816.1127900017
60 712133.6611306310
82 712161.7643367739
119 712424.4822550502
128 712739.3297398054
177 713133.1907762079
218 713669.4386507955
266 713752.9033661325
271 713825.5109947477
365 714708.5106537911
397 714865.4281198436
417 714884.1365051188
429 714960.2615592540
451 715899.1103911739
512 716690.0980119145
526 716739.4825574460
544 718136.0024785660
598 718665.3578555629
633 720573.4944965792
755 722303.5900068975
760 722722.6257246141
774 722834.7735954579
802 723278.7939312628
816 724019.5310766397
827 724319.3092107844
872 724908.7802565151
892 725306.0259583090
968 726771.9827159146
1215 727352.7855048223
1244 727771.5170418202
1303 727822.8466969068
1422 728180.4630114652
1499 728423.6033600635
1593 729239.1241319590
1639 729436.4488954692
1760 729612.5059027162
1932 729847.0458531851
2014 730251.4064455490
2228 731129.5887514806
2447 731582.4846920243
2523 732586.8208941249
2548 733159.7979811740
2607 733278.8268881066
2633 733359.6929465919
2656 733512.6887649269
2779 733755.3312192222
2859 733805.9141265383
2894 734700.5720345762
3233 735161.2332368871
3321 735591.4656300222
3335 735613.9685853934
3433 736372.7688689586
3763 736447.5288023306
3797 737281.6845188526
3999 737801.7800209569
4075 738282.4950455006
4156 738422.7254344230
4339 739006.7543511229
4363 739212.5798194770
4618 739864.4497008850
4980 740318.1185721406
5071 740579.7647144529
5081 740768.2039663551
5324 741219.8600476844
5341 741442.5067582747
5476 741652.0560739888
5555 742199.5981653954
5694 742747.9392331361
5734 743393.9712027544
5776 743687.6001286742
5844 743931.2489719187
5871 745217.0617720267
6285 745554.0148778275
6593 746395.2112252645
6628 746718.1902301612
6672 747704.0073697369
6954 747926.6541912226
7211 748614.1665043345
7229 748684.8117677571
7238 748802.0137818529
7292 748925.3537749812
7408 749026.3489954647
7539 749293.5660736308
7658 749533.2692261768
7665 750008.9470730190
7915 750155.4273828645
7970 750421.1130184090
8041 751242.5137032858
8580 752507.4186736499
8746 753321.0102789624
9705 753746.7960594769
9766 754033.5784095256
9920 755114.5646700159
10000 748910.1415328874
evaluations raw_y
1 680531.1974090749
6 680653.6696691711
9 681576.6626683385
10 681857.0295925450
27 682388.4858653934
50 684699.2962249126
67 685688.9698154565
80 685950.2122800727
82 686745.6295962263
94 687516.9718560573
140 688244.7259929825
200 688423.9559040036
317 688456.8659401841
318 688949.3211333774
323 689044.7108770816
331 689402.9635028759
382 690761.8358820860
419 691756.3919596092
437 691851.3411569530
508 691861.8330464647
543 692382.0329989633
631 693771.0046343689
693 693799.8063368691
759 693894.1519360843
792 694447.1835099980
805 694549.3392035094
829 694567.6859300126
865 695022.3028511335
970 695583.6667596997
1042 695638.2384106943
1051 695860.6707601561
1068 696414.5839361516
1161 696971.4394052743
1288 697640.3587071393
1377 697861.1374786579
1467 698090.3470639013
1566 698361.5772606508
1660 698934.5531735935
1704 699251.9980348635
1786 699648.3159961938
1840 699825.1516212251
1849 700489.0574685478
1850 700923.8544722956
1957 701071.8618414374
1976 701872.7925244974
1995 702543.7554907292
2139 703036.7209541838
2336 703319.9723829475
2383 704267.4787328360
2430 704465.2420614582
2478 705251.7012938819
2611 705438.7333607158
2620 705705.2832420800
2742 705926.6295751259
2754 706613.3902996853
2949 706960.2373229276
2995 707265.2441449467
3174 707576.3644819030
3192 708281.7727481100
3254 708534.8713174893
3256 708935.7807187981
3278 709333.3907954434
3567 709860.2535041503
3838 710051.1023867398
3911 711452.6590394510
4300 711752.2593202030
4527 712364.5690768862
4740 713537.9996504999
4807 715637.9985848597
4840 716494.7506523798
5298 716537.4256947411
5460 716743.7484204622
5579 716797.0838191155
5615 717651.9002207179
5716 717877.3109824534
5856 719644.9804894608
6022 720029.7665327580
6036 720167.9476186344
6151 721011.5131780423
6252 721348.2394422432
6754 722000.3854293113
7207 722115.4790634308
7248 722310.8050403293
7286 722725.7355390452
7482 723240.9506622824
7486 724136.7608174655
7860 724836.0414230444
8214 724900.1250759896
8236 725814.9423831933
8278 725926.7372835989
8307 726228.5337873757
8403 727009.1204462000
8524 727660.3793711846
8776 728805.8848873657
9139 729211.5945468607
9168 729445.3646569499
9183 730136.4901591492
9784 730173.1251796916
9904 730196.9336591690
10000 688318.6669641833
evaluations raw_y
1 709184.1282783460
6 709379.2808869164
25 709960.3776161604
43 710613.5071155435
51 710647.3206104512
53 710903.6220587586
89 711642.8012659762
130 711662.6195991333
140 711985.6722103179
151 713063.0266476778
206 713752.3384385338
340 713935.1172309804
346 714482.5439600435
419 715027.6919349936
472 715485.3866045524
494 716043.9250152031
507 717070.3369678609
524 718050.4409335015
569 718644.8223054146
796 719037.7393402007
806 719083.6134251306
820 719147.9150470233
865 719596.1139126577
883 719950.8065680874
884 719971.2239322023
893 720013.4210474652
963 720324.8669567546
1098 720889.6794026410
1282 720941.1470713151
1287 722693.7647941392
1368 723654.1089261252
1370 724129.8189296754
1452 725140.6705986301
1495 725154.7490083869
1508 725297.3733533487
1653 725936.2491809691
1654 726305.2870514572
1771 727170.1217656846
1916 727476.4780457112
1975 727537.0347472264
2127 728194.9823407364
2312 728602.2594679731
2364 728650.0001131193
2414 728739.4891188891
2536 729598.9850726811
2562 730134.2752033545
2767 730213.2461282754
2786 731895.0415387774
2808 732095.9570719787
2826 732921.2827962537
2968 733247.5735359462
3050 733451.6876404459
3120 735015.0447520558
3304 735944.3821465577
3908 736554.5985560208
3945 736642.2440808662
3975 736647.1959963511
4150 736977.7169165225
4159 737142.0856017272
4243 737535.3011622168
4259 738144.6681578989
4280 738427.0329904207
4387 738981.2194185086
4525 739048.3792725179
4566 739477.2968768341
4877 739667.2825012952
5079 739809.0619882823
5183 740461.9483295345
5356 740526.5146731467
5489 741450.1622772148
5824 742692.8246124969
5963 743344.5325511388
6036 743765.4346763575
6190 743984.6376505307
6340 744677.0647797245
6408 744696.5017742355
6701 744822.8007671876
6833 745195.0146017302
6947 745213.0845541025
7245 745622.5105762430
7674 745941.1617528535
7693 746054.3852542682
7845 746601.5683271209
8518 746666.7128737690
8592 746720.7103911219
8717 746749.2347991414
8880 747169.4084379884
9160 747412.3918626658
9266 747418.8847380053
9328 747717.1199470273
9707 748532.3076391323
9768 749109.7738238714
9782 749455.7273936714
9927 750168.2009730915
10000 700995.1725816169
evaluations raw_y
1 678329.0758659125
3 678604.9877838296
7 679020.7432010956
22 679434.3808229236
27 679600.1790211073
30 679695.2780885095
32 680978.6416416428
33 682388.9616956668
65 682402.2319914948
117 682664.6549735902
164 683517.5258142740
245 683725.9108576600
332 684729.7379550819
357 684937.1783217409
373 685382.5082962195
489 685413.6657827419
555 685554.5498377356
567 686537.1469050723
602 686684.3873016133
647 688079.8401282751
721 688739.3522948090
803 689210.1232339633
852 689237.5390377156
873 689510.0957987715
892 689666.0050302423
911 690129.4539565752
924 690691.1676518517
1096 690955.8354187499
1121 691606.9566644452
1139 692449.4345053924
1178 693443.2597403715
1224 693545.9549105787
1318 693701.9995931995
1381 693917.8666554359
1419 694751.3616484056
1441 695254.9870994602
1445 695720.1078241988
1524 696191.1292941987
1632 696289.7810791930
1678 696567.4613037477
1693 697444.9601835205
1758 698449.0409912982
1824 698540.4158931995
1849 698956.2812182991
1960 699447.8212643994
2080 699944.4403960282
2288 700144.7427359963
2368 700681.6469889994
2416 701537.5916931995
2418 702338.2229148151
2574 702904.3945664776
2616 703256.8245211798
2813 703309.6396617478
2964 703616.3926048570
3103 704017.6219203644
3522 704962.5173897034
3923 705666.4771201526
4036 706216.6867576820
4187 706439.2242491744
4209 706499.0721889939
4367 706639.8978037875
4723 707131.4450916088
4835 707243.1883286530
4945 707337.4546734556
5137 707547.9950966983
5206 708874.0538060443
5337 709579.6665374958
5456 710457.2099375273
5949 710708.4793658986
6048 711154.8115036333
6049 712638.5525121849
6598 714053.8378228629
6928 714210.6872840587
6950 714476.8872130510
7011 714511.7664540884
7022 714804.5282431931
7075 715268.8200783182
7249 715341.3901973903
7265 715786.1540428777
7424 716569.7972338373
7638 717090.0484411190
8269 717209.1980429132
8478 717761.1105092802
8932 718411.9034242586
9086 718487.0059001357
9214 719129.9303570528
9335 719604.4321790999
9361 719833.1204448921
9830 720111.8507313641
9851 720930.6717129078
10000 707296.0852065019
evaluations raw_y
1 691594.0265674660
2 692445.8461813971
3 692699.4716837112
6 692981.1022929713
12 693315.0098491395
18 693643.4996770932
50 694805.3041028063
98 695416.9219737842
151 696055.8560110425
222 696523.4216096387
234 697454.2745138317
320 698491.0330137614
331 699909.9498099547
387 700128.7880626036
414 700920.6879553591
420 701137.5867921577
450 701229.0086743010
468 701387.6368333366
469 702253.7121397567
478 702943.6311509639
481 703845.3439068554
513 704085.3824134901
762 704666.0162440659
811 704871.5487508893
843 705863.4193180247
1033 707042.4815827730
1106 707074.5095356322
1122 708154.6970615042
1131 708170.9989626303
1137 708211.1928119045
1326 708573.1305631782
1540 709374.3788073442
1549 710238.8892284619
1598 710848.1703151964
1650 711152.5215369115
1675 712191.7318796735
1703 712923.5127327765
1892 714015.4904280822
2032 714051.5784806934
2081 714703.6533931185
2153 715012.0494196444
2283 715641.2820401880
2396 716316.0066509298
2552 716728.2617223288
2557 717757.6672478328
2558 717835.9239295227
2707 719428.4784649297
3176 719714.4560715837
3241 720137.4621955521
3249 720244.4633676783
3401 720924.1987374278
3554 721716.0323247939
3577 722402.3536116228
3884 722798.1748381396
4012 723297.5555479999
4039 724266.3667988417
4390 724471.0747966887
4426 724929.7850208029
4457 725004.7870007086
4554 725738.2127004991
4609 726672.7565443270
4877 726916.4305418821
4916 727215.8360303539
5186 727863.5570583802
5228 728131.6760512866
5253 728279.1395188894
5302 729210.1257780739
5398 729599.9747824341
5429 730010.9544264514
5548 730325.0676368912
5725 730562.1021369509
5781 730569.4906587424
5793 730606.9349345190
5800 731686.6373697554
5803 732652.8556735060
5822 733295.5611064780
5914 733847.7399409168
6797 733960.4024332741
7112 734206.6055927579
7116 734402.9958333755
7163 735179.6291277698
7421 735990.5013426959
7525 736725.6317521757
7558 736794.3327411840
7841 737052.6822467699
7855 737075.3919305418
7858 737583.1230201089
7931 737978.1039887852
8097 738184.1684923660
8370 738959.5799115765
8387 739476.4576649530
8613 739699.0100952174
8645 739978.5494340953
8834 740098.7534756248
8850 740243.2067236160
8898 741568.9062012756
9632 742912.9990585067
9806 743723.2411177178
9904 743994.5456914661
10000 704753.7174657119
evaluations raw_y
1 708818.5054421620
3 709012.7560628994
6 710263.6457001705
17 710801.0337471877
18 711058.9473875496
27 711140.9055023380
32 711208.0227298005
45 711501.0273779570
77 712090.2432475961
82 712138.9573420000
93 712346.4985000320
102 713099.3025774081
106 713687.4849685718
160 714087.5678320782
165 714273.9283396244
226 714282.9608639120
243 714988.1896960532
277 715360.2333172151
343 715510.9949340775
350 716244.9738780329
364 717125.8532113109
367 717748.8667245198
392 718544.5105937057
396 718664.2670194721
399 719288.0070858420
476 719944.7136879535
511 720268.4809115216
521 721302.3624897712
573 721843.3817251640
696 722191.0371048978
759 722552.6169762071
785 722589.1844186333
815 722645.5661764204
883 723438.8944583976
903 723616.6621532652
1028 724199.7996723747
1085 724306.7928450272
1129 724449.7102047189
1151 724579.1444362111
1154 724820.9730264985
1209 725369.6495996125
1224 726260.5668252748
1227 726671.6834253996
1252 727499.5643902656
1277 728564.0984688533
1325 728643.0874528298
1426 728791.9830555635
1429 728874.1054353636
1500 729808.9471033602
1578 729896.7447107717
1625 730072.9441763323
1664 730166.4541104898
1739 730685.4474790943
1764 731433.9536722243
1841 732093.3697784579
1939 733016.3985597714
2230 733996.1307735984
2902 734367.6281130171
2937 734696.9816126925
3093 736018.7081686042
3150 736403.5896367372
3168 736998.2036851570
3197 737124.3379330593
3246 737544.7360874842
3472 737703.4416069152
3502 738156.2751162818
3514 738382.1878429331
3540 738526.9575292455
3594 739106.5622331246
3881 739649.1230701994
3997 740111.2765991121
4234 740559.1358371729
4264 741197.0125661280
4387 741318.9685766697
4396 741391.2715279044
4669 742559.2912538776
5119 745067.3267544361
5482 745546.9250397850
5526 746188.6460001332
5784 746899.0542395798
6125 746933.3685847431
6334 747550.2073556503
6429 747849.0695131798
6770 747918.7439913485
6858 748705.2692608321
7069 748924.7631999928
7341 749115.9643489609
7570 749523.4707324274
7693 749790.0182854808
7751 749987.3216589843
7807 750592.0379033670
7864 751700.2738401276
8414 753453.2886661971
8565 753489.7142004076
8777 753952.8340849275
8980 754344.1064272342
9014 754932.4051433629
9502 755001.4060253374
9839 755852.8383660850
10000 727132.4555529626
evaluations raw_y
1 679302.2879348848
2 679422.5947521026
5 679841.7083364571
6 679850.4068934293
12 680357.4279113859
15 680611.6008061155
20 681267.8205895714
29 681915.8766734218
40 682141.0944104118
46 682917.4687821291
65 683184.7310523801
79 683430.2118971528
116 684327.6095471607
121 684367.5180060441
123 684416.0983834546
140 684596.4588477203
175 684628.2675696516
191 684649.8932858565
194 685150.6932393332
195 685494.4729826658
214 686014.2891852070
235 686368.2044600598
247 686443.6215368813
259 686616.7870873157
267 687142.7845564755
327 687278.4715485696
334 687477.4601723831
339 688296.4296600897
354 689270.6270611122
378 691076.5586608257
470 692228.9447872806
500 692402.0544204956
512 693295.5216079578
636 693729.7622940849
693 693791.2218294467
718 694330.5531008253
821 694372.4738547677
850 694862.6848800955
888 695485.5787879184
890 695792.3387522510
892 696194.8855184668
916 696610.2505542577
929 697381.3677194655
1022 697459.8753293001
1176 697639.3811485757
1185 698784.4165176352
1337 699258.7184163354
1403 700114.8464654073
1511 700159.4910529522
1512 700993.0661593848
1625 701344.7542511221
1653 701768.4355804640
1729 701966.9790192628
2002 702706.4606071960
2053 703615.4110910771
2446 704722.1177890277
2720 705005.7630492457
2776 705605.3975596312
2836 706113.2551793673
2887 707911.7162610369
3326 708731.1249312524
3820 708837.5115378625
3844 709086.4788953342
3955 709271.9445264713
3962 709420.7773241755
3967 709851.5237260167
3970 710299.0740297501
3984 710504.3472877770
4001 710703.6047067828
4154 711096.1969216819
4171 711604.8556500492
4306 711800.2933841142
4328 712150.4421773981
4331 712559.3556394890
4632 712583.7564730933
4734 713095.5908382774
4760 713873.3743418973
4795 713945.2515170636
4935 714538.1147913529
4939 715189.9888180984
5011 715332.8879809063
5280 716175.5250076947
5418 716774.4352690212
5422 717182.3354218735
5426 717217.8103042481
5458 717428.4174868286
5777 717560.8973953737
5804 717666.6061132088
5807 717868.8128614048
5833 718430.5243579253
5867 718860.7334805620
6041 718892.1765511750
6144 719081.5042829330
6174 719714.6870354731
6302 721130.0302057018
6314 721224.6087352429
6708 721452.9783568266
7071 721862.0350336184
7089 722388.8749776438
7632 722433.5117768582
7858 723076.6173223698
7980 723262.9112787648
8114 723633.4886558541
8553 724099.4322711737
8666 725398.8212776306
8671 725972.1948021956
8760 726717.6656506836
8771 728280.3616483404
9623 728822.9610527934
9758 729595.9883551651
9892 729695.9756813699
9895 730824.5939448401
10000 726718.9169432187
evaluations raw_y
1 714134.4372918610
9 714417.4361112126
11 714918.1749407931
12 714968.4343138330
15 715534.8057941557
45 715980.5085450899
51 716449.5005767290
65 717099.5582772231
71 718539.1058289780
94 719512.3912037448
102 720416.6587710846
237 720584.6418202699
249 721184.1554584795
257 721850.5275631110
282 721935.6514789376
305 722940.1236236810
328 723296.1042803080
340 724465.9686141672
438 725449.7700778230
439 725535.2356281792
468 727212.9224838567
488 727749.9975002035
490 728073.7532053922
502 728910.4465650669
594 730326.8362605050
1098 730375.0440434222
1169 730472.3854082109
1211 730846.9354731264
1248 731034.4406148660
1249 731405.9754747925
1329 731865.7147222639
1403 731951.6440487374
1423 732729.5143845611
1429 733307.4494716862
1474 733987.1252280482
1565 735358.2212398527
1695 735439.6452980512
1704 735643.8642724467
1903 735897.5569948137
1918 735994.9001444505
1956 736987.2589025812
2036 737598.1109035889
2090 737761.5561717935
2099 738259.8133588943
2272 739661.5884328127
2275 740274.4350596140
2420 740341.8142402641
2460 741036.3760514628
2490 741132.8874187319
2606 741153.2958698558
2684 741532.5542432280
2714 743174.5426740929
2721 743211.0056563810
2892 743933.1598734481
2921 744747.9160095912
3020 745542.4167073889
3067 745805.8110859586
3278 745953.2678166666
3288 746901.0389352634
3674 747800.2134777042
3696 748402.7300999219
3761 748455.8674739673
3983 748963.6253298022
4065 749242.6499603189
4075 749243.4925754261
4434 749382.1796847861
4514 750244.9426604457
4783 751121.9671738013
4805 751228.5424668128
5200 752267.8551424749
5203 753468.1438332301
5693 754518.2977234081
5812 755240.7363467898
6336 755721.5474449145
6414 756299.6043642373
6502 756540.1053104372
6806 756636.6248556833
6817 756855.4116860756
6985 757008.4633832731
7273 757270.9979357660
7403 758189.5344437931
7431 758574.3394347545
7731 758950.7383758107
7778 759880.7147272698
7915 760087.0665607880
8376 761016.9336909759
8444 761551.9298572040
8614 762578.7221191041
8947 763025.2661220566
9003 763186.5649757221
9136 763322.6739546509
9417 763563.6274419060
9555 764141.0172346948
9943 764441.7785094015
10000 703159.1406112965
evaluations raw_y
1 711480.9030098524
5 712111.8555566962
12 713139.8010389075
29 713368.8867064406
47 713966.5768704813
49 714697.1422805983
72 716188.7510971910
80 716820.4115933552
125 717358.6134824340
151 717695.8505468746
180 717915.1767236601
239 718653.9260769663
286 719410.7738880699
441 720095.6106710210
470 720723.6970892127
665 721027.6786948720
708 721259.1063489296
786 721981.5554430592
870 722554.1152549710
925 722808.2807227807
936 722913.7817149918
957 724248.7159320748
971 724431.8435209050
992 724652.2756703732
1063 725068.1113576572
1084 725531.2203818583
1198 726497.8168350060
1391 727134.6436863592
1450 727907.7137033711
1490 727912.0972498677
1504 727946.1429350127
1574 728092.2399827079
1638 728447.6279672912
1819 728804.2555193736
1868 729261.2327963479
1937 731112.6965535617
2081 731788.4341283282
2120 732659.7090476229
2262 733249.1485947893
2280 734764.3120704265
2365 735191.2572471962
2644 736086.9384086505
2976 736120.1512009291
3134 736957.9015854010
3163 737087.1170575303
3190 737605.7554925069
3247 737874.6644278418
3311 738592.3022517115
3400 739136.1287924492
3542 739219.2117129801
3645 740042.2093833224
3915 740050.1482972362
4010 740536.3928935860
4143 741492.9538208123
4265 741911.8795789194
4295 741949.7776070564
4507 742409.0634756968
4699 743784.2663044963
4718 744082.8427286453
4880 744871.3408565141
5227 745100.9576793236
5354 745827.9486626785
5600 746232.4343641695
5703 746438.3495431980
5729 746811.3957133844
5746 747357.5715550390
5778 748128.4730433089
6200 748458.7921780233
6313 748991.0077242499
6332 749598.4394819338
6455 749808.0085393982
6458 750321.5822350109
6460 750827.2669532696
6824 750836.3089315707
6929 750971.5388762439
6984 751500.9231899843
7087 751826.0303454840
7251 752806.7941672161
8239 752824.3909145326
8280 753459.6250360340
8292 753633.5942622049
8994 754624.4006587596
9141 754624.9302517823
9982 754837.7070040872
10000 737001.6136010598
evaluations raw_y
1 702980.9988659001
2 704336.0494531600
14 704448.5594974563
24 704864.7083792692
38 705184.4822474817
46 705493.2220431019
48 706444.3719493789
58 708051.8679439644
103 708702.6731516971
104 709458.1057563293
123 709840.9083116471
131 710141.1105068205
134 710600.4639547629
187 711086.7936533927
230 711405.0570991959
235 712842.6732562588
356 713255.4705236091
400 713337.2197147502
443 713752.7350389791
446 713838.4169717735
490 714546.9121813308
494 715284.2477127300
535 715748.3454932792
565 716013.1566455392
580 716167.8527422359
646 716280.6283922999
717 717489.8563492381
1054 717630.6666217016
1146 718030.7181579346
1241 718676.5619528898
1272 719286.3418769587
1308 719329.8218135906
1324 719714.4351707170
1471 720369.5349617358
1508 720930.0796144387
1536 720935.6908901472
1768 721545.7494163811
1774 721879.5934460966
1801 721973.3869366926
1914 721992.3917602045
1965 723033.6376317395
1997 723105.6319450815
1999 723919.2800384407
2336 724216.7454598403
2382 725014.9340156310
2491 725809.8051998590
2688 726521.5032395329
2983 726590.6766212810
2990 727206.1158945240
3100 727240.7968171618
3130 727805.1079326196
3270 727986.2558263326
3396 728508.0021588906
3664 729095.6940978771
3689 729400.3981285401
3703 730049.0920950952
3885 730852.3443930533
3920 731102.7537683557
3972 731887.8249380807
4138 732053.3972063216
4331 732206.3710617140
4513 732239.9329036435
4702 732283.1734536639
4811 732637.9304255275
4827 733228.4553506431
4940 733319.4645034338
5356 733816.4173048240
5469 733978.0716652296
5486 734710.2320518905
5592 735282.8640597855
5646 735593.3793020337
5861 736318.0276358901
5887 736717.7741219393
6050 736779.4752268541
6089 736997.0319237574
6125 737365.6815275352
6357 737518.2127594672
6379 737638.3226277580
6414 737812.8772062360
6479 737926.7971756004
6676 738273.6745805778
6805 738416.0662582595
6896 738491.6548659143
7511 738620.3840319095
7523 739461.5253650850
7738 739508.4440539781
7820 739579.9620948164
7833 740013.6992322159
7851 740169.1963872804
7973 740575.5704741378
8013 740615.1424861337
8025 740964.2223157266
8188 741323.1295536067
8328 741604.4038674878
8511 741875.2654689576
8544 742163.2193206869
8635 742587.0718880896
8798 742620.7548279396
8871 742688.5002121504
8969 742808.6353652972
9028 743236.2000465534
9081 743316.3002889688
9103 743338.8886188117
9144 743981.8110767730
9226 744464.9205107754
9230 745350.7022252851
9580 745811.8556631128
9670 746185.1480634750
9821 746621.5761074465
9839 746861.7834910713
10000 738729.0535804996
evaluations raw_y
1 700958.0077492057
3 701346.6628509212
6 702193.3813117581
33 703363.8057580354
40 703514.4478754717
69 705147.8237823842
82 705473.9537076602
100 706214.6890223151
113 706795.7546375256
120 707236.3157638644
128 707373.3970635725
153 707471.0118559604
158 708972.6704820448
163 709162.3490492514
171 709204.2336978605
191 709980.8216836061
240 710182.0148013947
302 710573.3367548328
444 710734.3970776006
466 711056.7512035067
479 711340.8969453174
494 711670.2826696829
611 712302.8764464335
616 712398.1308707735
673 712874.5089195675
814 713654.1689065270
891 713770.9126972854
938 713904.5679410446
975 714384.8484047900
1028 715233.8178429622
1056 715823.5745974211
1223 715867.5396446917
1237 716635.7028488310
1305 717610.7766969627
1386 718083.2532392417
1791 718523.8069455117
1922 719282.5331368556
2081 720448.4757758456
2148 720524.1838448151
2490 720923.8361079909
2546 721126.6693149408
2547 721389.3504231772
2572 721749.8748945845
2602 722582.7393109449
3046 722587.5426870205
3048 722830.5270427082
3080 723761.2275340152
3314 724564.4935631732
3597 724935.8795257566
3811 725269.6164495274
4211 725856.5174560377
4325 725930.3106549652
4333 726124.1707377631
4367 726194.8570293931
4398 726463.4404474758
4554 726804.3650935248
4630 727023.7884021502
4847 727165.3602470856
4976 728836.5614909772
5174 729643.7358306713
5294 730014.1688059435
5458 730500.5369472899
5602 731206.0116877777
5832 731380.6684210334
5882 731983.2039687622
6013 732297.1679770451
6018 732345.1512554272
6026 732914.0435158216
6040 732969.3362967232
6182 733696.0911228339
6383 734112.0103102311
6583 734400.3129300730
6935 734662.9073629860
7081 735296.0550175263
7440 736089.5619523397
7784 737045.6058045313
7901 737622.7856068937
8080 737655.7804057492
8093 738139.1358892904
8153 738997.1402233304
8652 739176.5140051509
8741 740167.2675130004
8971 740194.9041132028
9039 741615.9702473525
9543 741802.9197148312
9794 741880.5068543575
10000 691086.8068484454
evaluations raw_y
1 717060.5735481463
5 717470.6802509694
16 717645.3944980019
22 717973.8814227999
24 718418.0344561018
40 718465.5699709675
67 720268.2611653073
70 720677.6544643259
130 720736.6574099680
146 721180.4715552256
191 721850.4255033666
217 722036.5775416127
237 722096.3794477496
255 722180.3278426105
261 722536.3107812896
275 723333.9356460344
346 723527.2015169797
366 724282.8099044492
387 724519.1542470087
421 724970.6088545828
462 725369.6230508479
531 726060.6747134000
542 727644.9907011774
572 727645.9518946669
713 727794.3501054022
754 729041.0723730427
801 729571.5520877076
826 729729.5188942344
845 729869.0543717295
872 730471.6975935359
965 730539.2939858314
1011 731747.2124374887
1112 732617.8121692367
1317 733444.6757413982
1394 734091.7457155543
1409 734873.3378802971
1641 735027.0312732690
1778 735921.3983787997
1793 736458.7585292923
1820 737290.0116527794
2117 737781.6778634678
2329 737908.9351758766
2461 737994.8606607870
2531 739338.1295501969
2642 739636.6935840581
2674 739887.7351644397
2787 740928.0558342999
2821 741552.4542741323
3218 742131.3795237243
3266 742722.1901809976
3406 742938.2064906080
3418 743496.7500394345
3469 744132.8207419204
3546 744362.2327143404
4292 744497.3244491862
4362 745211.8678236257
4576 745873.9702912971
4761 746048.1477283749
4906 746320.3354454683
4952 746765.4986737330
5015 747011.9424560519
5190 747665.5478441194
5682 747959.2970698195
5856 747988.9512960627
5982 748017.1309168112
6063 748680.1560943183
6209 749712.7249791111
6545 750570.2814777818
6692 751267.0101798888
6810 751773.8026421635
6824 752267.5287500256
6830 752603.3945508869
7265 752737.2969747260
7440 752760.8271988982
7495 753406.9451834729
7563 753611.7874895035
7735 753740.1250712172
8038 754137.5469306012
8179 755033.0639469052
8563 755382.2978390569
8595 755568.3648580507
8923 755682.2613230722
8968 756633.9295412765
9090 756815.2151626690
9128 756867.5548294085
9351 757082.6291810665
9411 758070.4598307688
9484 758220.0577171319
10000 750084.9044930593
evaluations raw_y
1 682707.2196078174
11 683258.6856527292
15 683324.5923872233
24 683946.8984164676
37 685051.9859840382
81 685059.6393998314
87 686148.1867112436
99 687577.4354113337
221 687654.9666524251
243 687889.9999453854
266 688057.2700736504
364 688914.1051332817
388 689823.5844442161
425 690229.7596700581
442 691057.0998763703
533 691348.9518668971
546 691713.7512225028
605 691814.1356410736
608 692263.5672060809
632 692368.3504320518
639 693274.8622554025
652 693926.4964118454
685 693944.8306565126
703 694482.2451075468
715 694996.7844818848
760 695600.4252186305
799 696343.3502903756
876 696751.4951425620
1006 697007.6511029361
1169 697197.5196905212
1183 697485.2712020277
1215 697703.4860732869
1232 698044.0995549052
1236 698318.7864130043
1250 698846.1628919671
1265 698883.1857883926
1279 699320.2161725033
1339 699328.5215792797
1384 699778.3614785671
1417 699829.3280158801
1439 700129.5443136280
1558 700651.5725205421
1724 701096.0906204147
1837 701108.9255077632
2013 701669.4388860130
2204 702050.8739421268
2226 702383.9203068664
2228 703086.7707034490
2240 703332.1097034528
2259 703671.6075505930
2578 704080.4522341546
2596 704186.1377736324
2652 704914.0728111312
2699 705277.7303529972
2856 706417.4445139226
2948 707114.1979197508
3202 707148.8943461534
3310 707838.6572502812
3507 708483.4446311300
3584 708544.5492631570
3600 709040.9724388024
3618 710529.8873100732
3731 710530.2348056273
3752 711458.6206468637
3932 713098.7157754803
4099 713103.4943823381
4125 714529.5172221028
4168 715210.8237227972
4305 716094.2052837298
4323 717611.5584246898
4364 718559.1165582435
4551 718663.1357531613
4615 718951.7145927931
4643 719593.4369154872
4675 719688.3836627725
4697 719971.8208191586
4789 720165.4054237638
4793 720683.7067075735
4885 721445.7398410457
5176 723176.5229093152
5541 724062.4255800754
5849 725015.4549471698
5906 725683.3501088893
6040 725755.0017153526
6054 725855.1105329153
6068 726190.7256078699
6202 726393.9651396897
6247 726482.8207494178
6305 726612.3006955414
6329 726825.2531686125
6419 727062.4866201781
6431 727912.9146377236
7143 728604.0707900265
7325 728830.1673353054
7468 729733.5222449378
7816 730009.6382910976
7872 730503.5286360533
7930 731130.2348325276
8551 731237.8497895998
8696 732116.9007715659
8913 733777.6679284029
9262 734213.3775303499
9336 734756.9991242818
9468 734956.4232102736
9792 735433.2309583335
10000 697100.8771227213
evaluations raw_y
1 678000.0343501557
3 678521.7882890179
7 678692.8925969847
11 678820.1814153313
21 679635.6738316293
46 680313.9515443762
61 680725.1051317973
102 680832.4911949390
117 680895.8142732584
134 680988.5774270186
170 681531.6467301435
172 681535.0258917204
204 683050.6199477271
239 683408.6851225408
316 683690.5209511960
333 684589.2794297336
349 685162.3481976012
429 685308.4698810324
468 685322.2652879290
497 686160.0819617255
569 686356.1782633457
625 686539.0194305427
638 687404.7973261361
792 688179.3046373734
799 688641.2087704991
907 688946.0192469823
1162 688985.5119397884
1268 689938.0981883048
1289 690396.6616247422
1302 691232.4280362206
1458 691593.9444304138
1504 691645.9974396543
1558 692723.8733584401
1567 693289.9237555758
1670 694220.2075761125
1708 694527.4693647886
1923 694945.4756852810
1971 695079.0624334161
1976 695287.7847836543
2028 695757.3343041657
2029 695776.8694574878
2119 695813.4799596304
2375 696529.4408433461
2441 696620.9679614349
2483 696787.7481501978
2634 697575.3952732173
2640 698081.4810000673
2762 698877.1957120184
2825 699030.2797269224
2914 699589.8461436033
2941 699693.5419176511
3000 700297.7714761621
3021 700596.4034755963
3065 701176.7178456683
3291 701560.6300903282
3422 702053.8289464560
3516 702058.5266425702
3575 702061.3590851621
3673 703313.8090580179
3905 703337.1389170240
3944 703952.3012528491
4328 704183.6064749034
4341 705337.6139659572
4507 706106.4766815031
4661 706824.7743684620
4820 707166.2729076267
5126 708649.9869878717
5310 709102.3804209926
5487 709268.8023809534
5593 709405.5560352793
5681 709535.8500168660
5841 709744.5212023878
5869 709977.0438343203
5899 711483.2965004550
6058 711854.6568505472
6605 712091.6344904451
6829 713787.8239852540
6863 715285.5269304313
6931 715937.4409791024
7167 715972.2875396931
8051 716420.3301732156
8080 716689.0182098745
8216 717445.4023839087
8451 717780.5306893254
8452 718480.7274843752
8638 719152.4236958449
8647 719808.4584708126
8654 720006.7987829599
8869 720219.0545535354
9061 720353.7011729178
9373 720422.1559313382
9491 721315.7274517049
9651 721545.3448080467
9991 721556.6946538165
10000 705555.8306032933
evaluations raw_y
1 683629.1106258642
4 683637.3826463191
5 683745.7344231377
6 684312.7961187698
34 684365.5647875099
40 685679.3862582729
47 686917.0952315715
76 687058.1761673449
122 687505.6251731652
124 687917.1320033263
131 688184.4868854743
138 688399.8902945278
161 689065.8295261941
173 689343.7476963189
192 689612.3710183124
240 690013.7192560160
279 690434.0653956113
284 691030.2817452209
316 691236.7358767003
326 692590.3971714755
413 692796.7445405291
434 692887.6256071193
460 693611.5421307124
483 694319.9090364570
537 694600.2105298147
582 694739.5688481637
593 694758.1266154146
666 695727.5238829704
675 696700.5051693171
816 697363.3977540955
874 697377.5957413139
875 698170.3105984497
909 698383.2173017022
1003 698886.5005191849
1015 698971.7970655323
1220 700341.8632133843
1416 700514.1064562980
1468 701013.5039016389
1509 701646.4828925346
1522 702881.7300606245
1566 703628.0084718954
1768 704057.5776338375
1996 704599.1769253109
2008 704827.3567525917
2154 705802.6512787156
2253 706437.0988435311
2328 706612.1123645522
2430 706781.2822753153
2559 706910.8580414837
2565 707421.6190916693
2660 708836.3843666423
2702 709781.2898466561
2721 711298.4381897795
3110 711491.7042735623
3198 712166.1920277179
3432 712503.8204607932
3586 712893.1424200843
3639 713821.9763226139
3705 715235.0973806510
3913 715332.1039315971
3940 715379.3011190328
4160 715395.5823704834
4579 715497.0299180318
4631 715653.9683436254
4684 716273.0850418521
4729 716966.0078314542
4814 717111.7666153199
4892 717374.5736164808
4937 717920.1603715802
5407 718736.0036042950
5431 718747.2689644129
5466 719435.3227297062
5658 720332.9042967123
5807 722151.5444566624
6128 722223.1565344852
6155 722592.0913827416
6331 722652.8638639317
6337 722927.9577944718
6384 723852.1064784456
6514 724668.2904702253
6710 725079.5372923296
6963 725455.1436578553
7083 725747.4973237341
7131 726007.0408159698
7408 726923.2026431853
7439 727190.1092067491
7515 727845.9621106528
7545 728447.0950780065
7953 729046.3698091879
7954 730805.3336410209
8029 731076.3858651845
8669 731439.2695803741
8814 732448.4323837287
8946 732732.3330130272
9359 733011.0469190531
9516 733205.3235823819
9589 733347.7244597789
9937 733606.0449544550
10000 716020.1443460245
evaluations raw_y
1 696526.8876777081
8 696951.3960259504
16 697882.9830294984
20 698858.1422228387
38 699917.9964626012
47 700399.1437563838
60 700790.6267331567
75 701533.4155214501
140 702192.0488050488
141 703107.1512999876
156 703687.0671909909
161 703735.4963822376
169 704070.5998505367
183 705579.8282635293
198 705949.4495938956
204 706890.7622652503
205 707108.9523463355
247 707243.5153699070
249 707811.9534848902
323 708523.6513287186
372 708638.1157159628
390 709240.0079169252
515 710004.1333355628
619 710886.0496734967
634 710886.3681752174
641 711812.0973901246
647 711817.3151916040
742 712430.3811349651
802 713623.3268099410
837 714914.6822260517
914 715685.7715720265
1007 715718.1545748443
1065 715772.0997092341
1100 716362.9149721584
1159 716702.3466340158
1284 717647.0138851354
1347 718247.7212084082
1522 718909.7635476377
1726 719046.0529137049
1752 719163.4403458990
1772 719202.9818291250
1843 719286.7360140019
1845 720040.1251141051
1978 720429.8321910681
2000 720700.4150050126
2035 720805.8328788250
2062 720816.0778802949
2150 721107.6589362457
2175 721731.0689629106
2259 721860.4693522083
2288 722129.7890784126
2438 722204.5814652992
2502 722389.5461080996
2625 722857.2493490442
2717 723775.1110328706
2953 724189.7624800069
3033 724613.5553748984
3051 724796.8339099234
3169 726158.5320000820
3475 726426.1240421103
3561 726672.6648395049
3708 727067.7735790081
4240 727256.9985319339
4376 727499.5334568493
4408 728792.3284850278
4568 729198.1595481805
4806 729329.7554838849
4972 729973.4914482960
5112 731799.0427788133
5494 732464.8163231920
5774 732768.1237212275
6173 733484.6545898815
6751 733688.9260354680
6966 734135.4132857332
6984 734194.2349539649
7083 735157.8287610385
7270 735223.9081880297
7381 735668.6683954645
7711 736418.1701795020
7835 737015.8435739166
7893 737146.9458786235
8158 737951.5781477107
8184 738132.1581061216
8342 738435.7084301620
8375 738915.0969930970
8905 739517.5432057614
9052 739669.0762276393
9343 739925.9628605016
9390 740380.0600542345
9518 740781.1674242638
9716 740901.8002565956
9893 741536.4120276991
9994 742705.2024422450
10000 722369.0129820808
evaluations raw_y
1 682797.6050120213
2 684695.0336437137
20 685133.3315699255
36 686568.8798829310
38 686986.0423272465
47 687066.9088973049
55 687761.5939826135
122 688363.8656591545
144 689041.0347086589
176 689398.2176424955
184 690214.0086623913
350 690422.0898016470
368 690862.5273877800
373 691187.2192712864
435 691373.5071871127
548 693352.6164991313
621 693685.6276093236
634 693905.8041528080
683 694656.2331501609
788 694933.5507807165
904 695198.5642706223
913 696139.2802372212
1019 696314.4320000343
1118 696481.5828370417
1242 696977.2623513651
1520 697155.3803473893
1568 697538.6676406022
1589 697802.1884421125
1636 697838.1852221633
1758 698185.6673519090
1886 698239.8155528085
1983 698557.3399005260
2363 699257.9550789456
2580 699260.9268889802
2833 700862.3429493082
2942 701958.3446321612
3092 702255.3737624409
3547 702963.2657659507
3619 703338.0927530605
3636 703638.9980851981
3858 705059.9453704763
4435 705941.6488388163
4694 706022.8116387302
4788 706900.8874274543
4830 707334.6644258650
4966 708115.3267003087
5242 709808.7835426646
5524 710352.5940876519
5942 710505.5556963359
6057 711064.1088145993
6246 711488.5568899901
6599 712125.1363899038
6856 712744.4295976134
7058 713693.6643099618
7068 715101.5502590755
7429 715623.6669794710
7457 715921.5716423193
7605 716119.0968526866
7843 716535.2435130314
7972 716988.1221677944
7973 717086.7232853010
8113 717543.0173982288
8400 718696.1758149415
8972 718789.1790570786
9127 718858.4557739643
9445 719454.8740845227
9595 719595.3209959951
9705 720102.7021211840
10000 697072.2826451600
evaluations raw_y
1 701299.6891477875
4 701332.3522489924
11 702414.7912613214
22 702633.6152833115
63 703248.9726857333
104 704406.4370949679
110 705920.7349370841
155 706736.4509538091
160 706814.7175185289
201 707391.8882057776
213 707447.2349986461
218 707794.8407337482
244 708125.5769167498
283 708286.1772529529
299 708543.2951208559
312 708590.5201539119
326 708763.2146350706
355 709939.6803442359
356 710614.3624926857
370 710715.8167214232
435 710864.2908754441
484 711128.9803503017
530 711451.9661202804
585 711538.8750773190
595 711559.8272404769
641 711880.8810544325
670 711929.5432908434
674 712878.9875705200
710 712994.9567698560
757 713130.5489188092
776 714446.9387853087
1026 715259.7138186787
1072 715594.2150897125
1217 715718.3627852001
1332 715775.5529877611
1372 716154.5162382170
1377 716610.0024764241
1386 716728.8298489249
1451 717381.1959229234
1538 718500.1330208984
1659 719537.8239281821
1782 719653.8594058327
1963 719685.3042209649
2016 720363.2947547411
2206 721313.3083341914
2812 721692.1492703686
2904 722186.9395755789
3096 722889.9357342684
3460 723244.6610877807
3604 723740.0178288574
3676 723896.3695471862
3746 724428.2008015499
3762 725154.0361642689
4092 725718.4626865890
4105 726145.0124099628
4382 726379.9166087644
4406 726592.7148384209
4407 726782.0324749617
4413 726796.3074877025
4460 727311.0321485440
4471 727675.8194675284
4539 728294.6389955548
4683 728943.8871652264
4791 729308.6737426432
4828 729568.1994785551
4977 729582.9765958220
4994 729859.8536624368
5061 730157.2112091951
5335 730972.7219593823
5651 731644.9975096901
5707 731721.6037466859
5813 733021.7247962969
5838 733384.4410322867
6004 733606.4772003614
6364 734522.5112548046
7868 735619.2170971006
8280 736258.9077775894
8498 736698.8362647641
8515 737979.2594647697
8571 738194.4417727913
8603 738560.4775203004
8663 738780.2430843322
8683 739103.7490388332
9468 740268.0103351935
9474 740962.6284994597
9503 742054.6344955731
9580 742676.7368518148
9650 743208.9934047087
9673 743545.4626330703
9993 744784.7185620742
10000 688404.1777183148
evaluations raw_y
1 667652.7976187664
5 668386.3294909884
13 669059.0997893227
16 669237.1045043155
49 669824.8191886304
50 670164.3561658815
70 671317.2429036647
106 671351.8996567583
127 673029.6616177718
202 673590.3532238294
221 673635.0094183522
259 674076.7133464999
301 674200.4551356738
304 674253.8035612034
321 674773.0533625177
333 675473.7518854450
372 675906.5907255766
381 676741.4101652511
412 676840.5666709748
549 677082.3620904931
592 677578.5381256992
709 677807.6519145630
864 677850.7759670814
932 677865.9661298411
946 678603.3349116964
1038 678817.1472533302
1114 679066.1224905172
1122 679633.3931201563
1129 680085.3848119482
1141 680252.0756030004
1169 680387.8654653530
1203 681245.0416499393
1248 681306.4028770739
1284 681602.2694364530
1287 681729.1814497500
1337 682289.8405656082
1365 682476.1256498925
1410 682765.8141543069
1487 683122.4595496530
1542 683306.8396715462
1636 683705.8414881206
1684 684254.4408497121
1723 684589.2023727022
1771 684723.1396753712
1903 684838.3698134157
1943 685442.7447694817
2041 686939.7092922000
2168 687934.1078270948
2208 688188.3973725387
2228 688401.3064193585
2284 688744.0181636220
2648 689067.3850935891
2662 689103.0547265079
2710 689313.9887869931
2747 690013.7363743203
2958 690242.4656194907
2960 690447.9459053517
3019 691059.3486579901
3246 691369.7275756956
3412 691691.1049372485
3417 691985.7316585203
3423 692579.2023766479
3520 694370.5621320638
3531 694701.7158070945
3539 695663.2867861917
4110 696343.6544009409
4560 697511.2831944773
4590 697983.5879016626
4722 699640.1162064091
5055 700717.6063554095
5063 701504.4211604801
5246 701537.5209222152
5257 701780.5062584289
5625 702335.2826301472
5642 704304.1745986091
5784 704847.6495347561
5873 705972.3576873045
6283 706015.9813708196
6324 706030.6743648257
6632 707039.6143557609
6711 707933.3426476730
6877 709529.2922104024
6960 709573.3340878595
7035 710036.2665029647
7522 710575.2668935861
7883 711139.5531279048
8377 712692.4946720261
9499 713209.4760674426
9503 713550.4358205801
9767 713778.5287113646
10000 691501.7876734702
evaluations raw_y
1 652187.8537738565
4 652366.6937263923
11 652778.0977904504
21 652974.3423143366
25 653546.0471195007
28 653713.6572271652
29 653974.5114041988
30 654145.1025002395
39 654234.0872626810
74 654862.6180420386
93 654932.4555044937
99 655272.1490296370
101 655992.7565910269
103 656939.6934303183
153 657584.3083014253
171 658078.0781693738
208 658509.2924663690
223 658731.1202952405
266 658974.9504012672
271 659039.1343967144
306 659566.4182826406
337 660241.9975847420
368 660854.7152790205
395 661353.3082380840
423 662279.5338088565
631 662891.2827181375
652 663054.9426704722
704 663457.0710108659
753 663474.4277985177
815 664078.6986968390
863 664135.9485727705
885 665105.2861275517
923 665491.0095756860
1038 665982.1676031620
1077 666442.2371008510
1451 668108.2560200709
1541 668485.3531489065
1578 669918.0942750626
1642 670836.6964372975
1643 671572.7113642577
1707 671716.1610158065
1778 672569.0844618302
1931 672779.3708659786
2106 674226.9212037018
2227 674574.7916260486
2271 674712.5564315292
2550 675927.7126226231
2580 676206.1896454975
2628 677082.9655670283
2657 678281.2128449278
2675 678695.0771460769
2847 678813.1174221629
2971 679347.8495614005
3015 680176.1690750690
3206 680405.4887557292
3406 681066.9089956378
3439 681392.3076313660
3445 682191.9025690575
3458 682233.0385434373
3472 682580.7264869113
3540 682622.3551856821
3638 682775.3352554033
3748 683037.5820851241
3881 683355.8788722039
3986 684078.3750027176
4031 684612.3787823465
4134 685570.1967371592
4140 687120.2128351521
4798 687861.2440297761
4822 689055.3507891090
4929 689146.0025214460
5278 689920.4249766616
5327 690787.6275487537
5512 690800.6837432780
5696 691090.5019863348
5776 691623.7116612389
5966 692162.5722638451
6120 693474.9782616935
6398 694456.5352627937
6566 695311.3008986396
6720 696050.8972602164
6810 696391.5563601680
6931 696698.1393991573
6943 697282.0240658325
7034 697989.0245361441
7186 698033.7306893475
7717 698587.1600427929
7895 698703.9301535316
7898 699174.8612551567
7930 699342.8322701574
7988 699974.4964525484
8353 700076.9207312004
9255 700337.2961634513
9303 700421.6924617124
9453 700437.1848932259
9638 700527.6486303498
9666 701182.8732138318
9813 701273.9026651577
9858 701388.4319465084
9900 702167.7514837305
10000 655171.4619934096
evaluations raw_y
1 679290.1318194602
2 679563.1438654099
10 679657.4494966769
12 679963.8277641471
18 680105.9889098639
19 680363.7821436105
20 681411.4546552032
48 682416.0519941130
95 683008.5441120096
167 683800.4770469447
175 684200.8150358263
214 684744.0516956944
246 685196.8538865760
273 685595.5897725431
288 685792.9336309892
373 687720.4346018994
393 688529.4421824205
409 689178.3513244237
458 690603.2972824832
490 691172.5165020676
656 691673.2971514842
662 691850.5456588092
739 692696.8946503720
817 693680.2867199021
847 694293.9210804154
1081 694843.6445477306
1163 695459.2781641172
1265 696042.9539485415
1381 697832.7463720691
1665 698425.2299652416
1671 699261.0257812721
1735 699856.1383125433
1789 700230.5183407002
1808 700321.8522708996
1921 700950.1559389328
1925 701842.0827129160
2211 701926.1832740890
2235 702124.3780099415
2302 702219.6640602808
2486 702976.4453300695
2578 703258.7703699445
2592 703968.0869871349
2651 704510.6503423265
2694 704893.3959254358
2817 705590.2101489273
3048 705687.4721459756
3098 706416.8058024651
3458 707269.6920828616
3681 707371.3992565760
3817 707535.7925765472
4139 707563.2065387272
4314 708034.0787154282
4531 708609.3921768907
4683 709138.5305717671
5111 709800.8692005528
5311 709877.3100031825
5449 710486.7902146511
5717 710522.7926017863
5889 711264.4997135114
5950 711875.3750958365
6248 712146.5729300840
6468 712428.2176578108
6886 712506.1120082590
6895 712686.5146678204
6988 713421.7545623467
7099 713897.6210366794
7222 713974.4116826783
7274 714244.2222291788
7387 714813.5674360739
7701 715509.3916995719
7884 715708.8933571809
7987 715847.9258370153
8091 716654.7209533586
8198 716715.2510498043
8732 717509.9724501509
8777 717535.1200129999
9548 717977.1201830840
9739 718044.5208333536
9865 718679.5896592740
10000 713301.0030251025
evaluations raw_y
1 698356.8354653644
2 698604.5840992035
4 699932.1535643693
11 700578.1774622793
30 700760.9801459506
33 700905.8797016825
40 700907.2815734330
46 701127.9171087871
47 701991.5470369481
49 702023.4699782000
50 702071.4973227889
67 702720.7307854521
92 703812.1295778682
101 704419.6793305334
104 704647.3420996761
105 705390.7833410436
158 705950.0949343586
257 706282.5172129076
262 706388.7850506466
272 706809.5074363034
310 706853.6195721460
329 707269.7767525571
358 707764.0462346772
399 708757.8543963960
404 709360.4439338447
419 709618.1405750209
515 710645.7754129377
529 711338.6628018584
684 711546.6525479869
692 712534.2462021229
805 712748.2574881455
809 712810.6352782646
850 713581.8185492571
1008 713634.0903339776
1048 713909.8775151627
1064 714104.4014420393
1065 714135.2936411250
1068 715017.3754802278
1105 715105.0390288300
1174 715690.4290252007
1212 717080.4094239312
1338 717132.4525393560
1574 718066.9729576098
1577 718698.6598559120
1661 719336.3649465793
1681 719455.7469566457
1693 719653.5211981060
1794 719795.9161725326
1802 720390.0263647260
1962 720513.2950599501
2014 721149.5597798674
2152 721685.4799512584
2206 722193.3444804018
2280 722794.9144104471
2313 722971.8890823760
2457 723916.6144818217
2514 724369.2816279705
2801 724924.5623455378
2861 725065.4675464034
2868 725671.9414416958
2986 727317.8701340898
3032 728136.8363451879
3124 728321.6474598803
3227 728693.5452859666
3265 728696.5564175857
3524 728918.6051271798
3648 729817.7772984180
3746 730832.9195367483
4119 731632.5064361676
4301 732027.1589207918
4422 732756.3497753952
4463 732991.1512607526
4482 733673.7824523938
4772 733943.8777794659
4800 734089.2347476108
4885 734324.2702758819
4978 734352.6653240375
4996 735172.6462244048
5041 735217.9174633814
5079 735259.7883694351
5162 735426.7670178058
5218 736174.1162033910
5299 736764.9207255241
5445 737000.4878639855
5578 737020.7280999150
5793 737741.9297786903
5875 738408.0003961577
5880 738510.5318251030
5925 739066.7501327702
5938 739438.2772790713
5975 739698.0474369015
6220 739984.8763956947
6254 740732.1288536298
7094 741592.4263500078
7228 742530.0069923976
7737 742535.9307204981
8036 743553.1861536505
8370 745183.5678286524
8516 745926.9890777334
8904 746148.9354265989
8970 746258.0962236886
9302 746478.2896897017
9345 747156.3400537269
9465 747931.8531735656
9623 747981.5348715513
9677 748288.6068905450
9714 749225.8352019088
10000 737747.0847551258
evaluations raw_y
1 714554.7170188323
2 714666.0795931983
8 714808.2390921682
12 715027.7335653518
19 715608.2222282005
24 716320.0843338453
38 716459.7944064154
43 716848.1296467738
72 717230.6761471477
101 717648.2476705170
127 717843.1038295822
178 719016.5193096122
272 719642.4239237952
297 720182.7183759664
389 720210.4347171616
403 720935.4043475805
413 721093.6383945562
438 721516.7881848565
463 722009.5687996729
486 722958.4115458993
509 723684.2379929749
516 724293.4291450308
574 724483.7852739599
675 725034.3520866788
706 725157.8066471610
717 726621.2500216652
961 727989.2256009453
1202 728214.3155639106
1348 728270.5821050925
1368 728901.3591718621
1388 728918.8325270308
1476 729385.4230064289
1491 729546.6385923250
1494 730303.1315741459
1588 730796.9900321916
1728 730844.1159315130
1847 731044.4954551074
1873 731401.9977553309
1929 732132.7259123850
1934 732738.4978508608
2123 733380.1752240316
2251 733633.4361743423
2649 733919.1706202951
2655 734173.8884208580
2820 734178.8991699105
2822 734757.7667375698
2836 735039.5691567468
2883 735160.4105526652
3009 736355.1772058195
3383 736483.2471669890
3451 737599.6444615434
3608 737971.8332103185
3766 738515.4079543600
3842 738998.2916072914
3849 739012.2991783598
3900 739119.0010277992
3906 739280.7687026578
3971 739637.3741668370
3999 739697.0287775090
4116 740085.3380956901
4499 740367.7878452172
4563 740948.7260910568
4656 741120.6595078477
4780 741190.0538875246
4867 742200.6842600474
5097 742706.6111048160
5631 742864.5301614249
5673 742939.0426923186
5700 742949.0058444624
5814 743705.6550832489
6672 743841.9268254044
6705 744476.5318552763
6736 744786.3491160041
6842 746514.4762757368
7234 747236.4310888125
7259 747945.5985334223
7377 748584.4269093195
7480 749242.8038809936
8542 749306.5418152240
8882 749392.6258251052
9038 750248.8165088394
9096 750298.3027768994
9339 750530.2917052101
9612 750596.9922309675
9623 751393.5898283062
9738 751394.5982708114
10000 737521.7494362395
evaluations raw_y
1 689045.0670688341
4 690792.5958163207
5 691783.2636417483
82 691866.5431713635
131 692238.3745075347
139 692893.4401408837
145 693169.1688960224
147 693383.5328292958
157 693801.8845106304
182 694414.0004076445
197 694832.9975137202
204 695749.5696014108
249 695845.6235707195
322 696114.1544410636
365 696798.4888619384
436 696849.0008287035
501 696856.5224549287
509 697590.3536010040
547 697634.8437745683
604 698447.8628253321
629 698499.2432136167
636 699446.5647435073
650 699730.8964369833
717 699744.9170066594
732 700160.5558364897
733 700240.9183635303
802 700395.2231613346
860 700497.8023341899
904 700638.4132515449
923 701724.5589569830
1040 703224.0465934670
1109 705156.0413635491
1152 705250.9730925480
1189 705713.7896381418
1263 706055.0400388718
1268 706147.1934090281
1369 706909.1113701615
1416 707469.7721744329
1472 707765.2687082280
1635 707845.3921196334
1815 708093.5037399974
1831 708952.7118198790
1971 709007.8744958143
2023 709536.3975593847
2412 709623.7776607934
2465 709880.5157752759
2559 711225.9170587498
2619 711732.0377520523
2632 711771.9377282053
2860 711919.8507838220
2902 712015.5132116276
3062 713798.4057708038
3184 714411.6546411322
3243 714675.8248924058
3765 715530.6887564489
3873 715664.7275708490
4013 715964.2117062084
4185 717171.9207510952
4193 717576.0333416326
4267 717644.6779565118
4305 717907.3863875878
4316 718075.9915900741
4555 718303.5868820954
4619 718880.1544369757
4983 719409.8415619292
5127 720476.0242565032
5811 720602.5104774866
6257 721511.1103847814
6432 722341.1287259376
6675 722970.3637725236
6708 723519.1866451477
6764 724918.8617173566
7355 725744.2852953781
7502 726178.5477077344
7595 726290.1704659367
7753 726579.2481113797
7779 726718.7593905571
7921 726806.4509241815
8043 727316.8963523891
8324 727357.3797722305
8413 727618.1924733516
8457 728179.2197660268
8470 728469.9955895417
8721 728658.4630564585
8754 730451.4217004901
8945 731197.6634315987
9647 731443.7575973327
9799 731581.7998227313
9803 731897.0160494273
10000 721756.8269143128
evaluations raw_y
1 669617.1006293874
4 671243.0064645929
11 671726.8870808342
16 671745.4181473827
19 672635.3804716172
28 673051.3681865408
49 673879.6287423241
61 676332.7310438510
103 678589.4490188423
171 679051.1270622797
174 679742.5780670902
193 680478.6074852860
234 681192.1887022868
252 681624.4491326719
320 681846.2327871446
457 682544.3927655024
529 683076.3804054181
530 683814.5258159803
547 683879.4469367950
594 684024.4763242272
633 684379.0424402021
647 685135.6012702213
693 685293.1291798295
714 685986.4124534487
732 686567.0924087731
771 687535.9987057488
896 688790.9215245197
975 688967.7147843399
1143 689192.6021113866
1225 689222.2322010106
1303 690145.3715838232
1436 690835.9566533227
1603 692337.1555446428
1699 692899.4597470011
1745 693452.8282475389
1967 694006.3774220197
1969 694601.3536554528
2033 695405.8693526924
2244 695438.9804254072
2247 696004.4031602007
2269 696364.2743719487
2408 696781.5506320756
2539 696909.2003020275
2568 698136.4755380329
2662 698758.3077265805
2732 699520.7650562968
2926 700036.4992663388
2953 700978.2998463731
3122 701907.0639689210
3143 702681.9695983084
3191 703324.7888700208
3260 703666.7375380386
3361 704141.4605389558
3464 704485.0943820183
3498 704619.8852404960
3637 705174.6647152394
3697 705684.6357987903
3787 706578.3724532018
3808 707566.5438494753
4094 708166.0351200212
4139 708699.3484529763
4427 709201.6785131905
4844 709962.9964193559
4904 710684.3376358914
5442 710828.0251086681
5488 711576.2197786903
5599 711694.7487756307
5727 712078.6988725127
5877 712565.3824437604
5886 713075.5054746100
5905 713214.9099495419
5939 713589.9453099191
6320 713990.3679440351
6519 714194.5173787031
6738 714235.7133494715
6991 714974.4512205811
7140 715499.3505475093
7326 715691.3914946290
7447 716434.7450183899
7455 716824.8390858937
7489 717038.7326636207
7551 717187.7780915538
7757 717390.8903493034
8196 717752.2574354912
8261 718357.4688823506
8317 719697.1513867002
8911 720194.7494831542
9261 720260.8381087133
9342 720364.9135712560
9397 721124.0640896007
9426 721186.8526755256
9533 721405.3265485455
9805 721528.7315868263
10000 684126.3152835964
evaluations raw_y
1 701039.3756378954
2 701660.3215417524
9 702648.4074959699
17 703041.1401698308
36 704173.4754701288
44 704382.1824446359
57 705139.6733563774
90 705430.5883999264
132 705986.2698332346
142 706385.7959440924
164 706482.4453821575
176 706490.4656580864
190 706606.5255296269
192 707036.1771259262
210 707276.3864641280
235 707540.0136527152
238 708157.0345957315
265 708468.4433575958
314 708746.8821404233
354 709046.4024232774
401 709062.8055701626
430 709349.6811448273
434 709855.6430390722
508 710037.3454499680
557 710676.7427923062
665 710890.3992246874
681 712469.2095254064
698 713165.0310197644
771 714990.2115665214
860 715591.3922629093
872 716144.4093733956
896 716680.0678346799
906 717433.8257730820
948 717488.5009195794
1011 718319.0859130636
1044 718836.0663984315
1139 719217.6344315194
1187 719777.7412613871
1260 719850.0668445756
1298 720100.7221596690
1326 720741.0586013695
1514 720800.6934884582
1573 722668.1159648424
1846 722734.8060195250
2016 722938.3627991623
2150 723236.3115937317
2255 723314.5410184702
2291 723623.9256704467
2305 723725.0120857116
2397 724599.2143697618
2408 724643.3556037972
2813 725155.2131235559
3009 725318.6286634542
3429 726973.2878609912
3605 728277.6065111293
3638 728410.1761239298
3836 729368.6332476883
4050 729523.8551772891
4129 729955.3796258837
4180 730305.5480853316
4276 730993.8301277730
4354 731185.8414378995
4708 732397.9175480102
4750 732874.4389544578
4811 733484.9947818910
4891 733688.1121592878
4901 734681.2543891137
5000 734943.0348353975
5131 735636.9749077876
5261 735836.8240971570
5303 737085.0895316565
5305 737986.1503729218
5309 738228.7480381065
5312 738441.5443574736
5502 738844.1576462045
5505 738875.2917731004
5670 739182.1449783780
5700 739705.1015337531
5739 740124.5873981938
5902 740639.6906344334
5980 741506.8154271696
6027 742873.5666751937
6127 743080.9546133706
6648 743393.9618313164
6749 743992.3833884815
7075 744570.6672189455
7135 745919.1424602730
7379 746035.9729458410
7485 746732.6999305771
7989 747043.5186487456
8049 747381.6891398210
8310 748187.4471668500
8343 748563.3344363141
8502 750417.1811986875
8620 751272.4014819661
9309 751297.2925162459
9380 751407.3386115310
9430 752558.1626151924
9534 752620.6433089785
10000 719909.3203726816
evaluations raw_y
1 688028.0313383240
16 688252.5682604020
18 688471.7037205356
19 688626.9800937213
20 689022.2392864950
24 689893.1523526217
51 690266.9271422290
78 691022.4416244989
79 691472.1243007908
82 692120.0668611594
94 692962.3555529180
104 693932.1755227750
134 694570.1090727737
188 695543.4505339592
219 695803.6970125618
257 696555.2228553855
416 697092.6451765251
547 697264.4949689307
550 697574.0590759121
660 697595.4659356208
689 698543.0874068094
802 699307.9920646289
907 699912.4565429746
1042 700070.7367276424
1079 700427.6306858249
1140 700865.1363082842
1328 701042.5702144868
1377 701478.4181352437
1407 701552.1883323861
1420 703721.8166193299
1516 704512.8044329443
1842 704780.7575912073
1947 704832.5886759126
1972 705243.6959293402
2041 705325.3022763884
2100 705767.9141405119
2187 705827.4522679310
2430 706351.0636144356
2642 706636.5571887807
2739 707687.6083452094
3099 708538.0569039173
3177 708781.0420172056
3378 708905.8115416151
3397 709219.2950375242
3445 709629.4285046146
3466 710035.8089745902
3568 710137.3170806654
3776 710247.2405820664
3900 710540.9367479592
3946 711185.5040299466
3999 711453.9960578345
4079 712179.9918690085
4089 713148.8953536190
4338 714210.5917877516
4368 714218.1887263005
4372 715063.4747243491
4393 715703.6406976109
4570 715806.5450849718
4598 716894.9621685155
5000 717343.8006401022
5044 718251.8338301569
5125 718800.8053491225
5536 720622.5231276433
5700 720793.6997497325
5844 721000.8602748330
6121 721294.6495721324
6139 721678.6408590856
6238 721774.2590963508
6281 721852.7200717685
6300 722078.9439034759
6414 722883.6116685346
6735 723743.2062394146
7237 723958.0922304676
7251 725209.5248558818
7383 726088.5995991994
7669 726403.7937895663
7903 727769.0596395789
7944 728209.0257582569
8596 728901.7379515084
8655 729083.0213087916
8714 729107.5682169661
8724 729566.7062566975
8943 729732.6505663476
9235 730301.3834742450
9691 731177.3375512495
10000 707883.3395731214
evaluations raw_y
1 681318.5782761993
5 681928.8125725931
11 681940.5764802673
12 682079.3675902723
14 682442.4466746558
32 682860.3397030683
33 683841.8803972643
59 684167.9999961677
87 684428.9043220798
105 685110.0230448166
165 685245.1091738126
203 686520.1667040967
218 686665.0544203424
279 686952.7568832195
310 686969.4943900091
347 687019.1233948699
356 687455.6639412568
372 687896.8366752659
410 688522.6487366314
509 689453.7110501728
573 690299.8069145068
622 691151.0128080347
661 691475.6077123426
680 691501.6967406468
717 691861.1059707985
733 692001.5107345760
762 692962.9884756983
837 694380.2837092165
845 695319.8751144103
928 696085.2107238123
976 696142.8305460596
982 696235.0034154064
1031 696604.4365514172
1204 697289.5850305695
1316 697840.1120708582
1378 698380.6990292893
1547 699953.6280663104
1588 701457.3910204163
1589 701857.3342464787
1770 702749.2085416425
1832 702854.3322759627
1843 703504.0779105712
1929 705023.3117018107
2069 705809.1409944188
2276 705952.7872625678
2279 706236.9006665346
2394 706254.6849534231
2501 707031.8144682817
2576 707474.1076973637
2804 708028.2678912178
2929 708851.2655537085
2975 709685.1803775675
3300 709872.0689862624
3322 711035.7640369928
3540 711888.6238385123
3654 712509.4148288808
3801 713221.3306070269
4139 713358.8611311752
4155 713604.0864371335
4176 714636.7865571737
4277 715420.0308023050
4338 715592.2008455684
4432 716357.5391243338
4579 717946.8588793237
5276 717986.8535675909
5487 719098.6716152080
5838 720871.0681806710
6272 721796.7525292106
6277 721913.4910312553
6433 722460.3819765545
6488 722471.1976342077
7262 722596.0604863978
7560 722866.5402405889
7716 723435.5617585781
7896 723844.1778082972
8024 724221.5053347535
8150 724240.1615054545
8195 724726.1277941219
8772 724806.6328071137
9022 725614.9913732212
9037 726266.0006339777
9151 727612.5620735749
9586 727856.9371748150
9727 728232.8218389100
10000 724265.2050754830
evaluations raw_y
1 685415.8959399080
10 685610.7130229538
14 685617.1121084552
17 686505.8472225905
24 687150.8507442205
30 688148.1361072976
79 689032.5153817391
111 689784.2464690258
135 689934.4270045037
137 690390.9491989965
227 691211.9161472387
251 692141.4825111262
310 692190.7965143872
468 692791.4854607694
491 692915.2213053012
505 693373.7072712836
578 693688.6791493039
719 694395.2722812792
841 694620.3138213279
850 694905.7867690749
856 695445.7232745209
895 695674.3225111056
900 696722.9601488995
1025 697401.3575055334
1182 697884.6998998442
1210 698436.1460104735
1439 699315.4740414571
1544 699503.1694262287
1577 699510.0462513254
1595 700315.4279131658
1615 701171.6877272322
1616 701344.3671049736
1681 702260.7615798255
1703 702812.8170593771
1707 703030.6318967575
1813 703207.7607667507
1881 703321.7087723995
1883 704207.2950201426
1920 705035.1742188968
2123 706184.1730344692
2337 706284.2616396673
2380 706390.8760745673
2426 706694.5895015018
2531 707033.1181168591
2590 707856.1157561250
2599 708535.8133466204
2874 709048.7156923690
2993 709794.8778138238
3186 709909.3928102867
3346 711047.2288143802
3613 711106.8906582539
3695 711236.2113101680
3936 712631.9515375745
4006 712781.3343479794
4101 714035.6079329201
4120 714346.4943894999
4178 714851.0350025262
4490 716566.4828219899
5108 717034.1035366032
5273 717366.9959814546
5487 718828.9815631182
5983 718993.1738229264
6096 719145.1000669688
6161 719286.7989324225
6259 719376.4285013335
6328 719855.2207915615
6575 721446.7147081188
6821 722208.3349299778
6920 722647.6017358591
6942 723847.4181983204
7471 724028.2025504198
7620 724502.7416740452
7744 724722.3064212353
7803 725076.0529595073
8133 725326.2094277332
8224 726019.5984687216
8262 726171.3565933637
8412 726744.3329780886
8480 728332.4977280176
8516 728523.4312647574
8660 729040.7660743765
8895 729200.3151568375
9039 729261.5625043175
9244 731162.0752108803
9687 732172.1703629870
9854 733367.6708522169
9873 734298.6470267968
9973 735524.0961469671
10000 697525.8231624184
evaluations raw_y
1 693573.7851084274
4 695086.6634509505
10 695186.6506946664
17 695523.9889201765
19 695781.5892009180
38 696040.5163780632
49 697120.5706713658
80 697363.6648354579
81 697536.7129918532
99 697545.1221461387
110 698185.3109568602
118 698848.7192823237
138 699570.2002745176
139 700077.0039456199
192 700603.2308138247
222 701802.8233677614
322 701834.4261850455
383 701903.8186712412
409 702668.9160458763
422 702700.0042508297
436 703498.2136552358
456 703621.8619860267
509 703671.8964644767
572 703790.4596869099
611 703948.4708325425
623 704660.5714969992
626 704711.6708405646
656 705197.9478777659
695 705495.1324892557
760 706517.2454533781
764 706653.2462946917
781 707587.9466383206
874 708527.5502096039
977 709622.0275882219
985 710597.0996420288
1080 710861.9119039173
1141 711202.3305777741
1426 711983.8697980454
1516 712047.9888157413
1544 712622.6373254898
1662 712958.2068978454
2081 712965.3182910096
2126 713445.4444598977
2134 714021.3888914332
2284 715627.9700346324
2443 716820.4218302547
2754 717413.4267139359
2828 717694.1306308935
2923 717868.0993427691
2936 718967.8406995399
2956 719599.4740271609
3024 719611.1860936785
3257 720088.2095336894
3399 720936.7557705864
3571 721053.8635848409
3595 721098.2112602746
3809 721653.1122173433
3951 722332.8040364196
4001 723048.3451461908
4273 723777.6343732004
4327 724007.7208854050
4528 724500.4979261195
4772 725650.5573346863
4833 726622.6835469328
4893 726663.0915811474
4968 727474.2725763943
5307 727604.3968191678
5556 728048.4661784698
5707 728999.7694078347
5913 729862.5464421823
6818 730038.3968879381
7037 730089.7315319714
7104 730354.6510157179
7115 730848.9959366912
7214 730889.1723972893
7579 731632.4991760311
7651 732007.7964178004
7700 732123.9701231302
7869 732566.9089629758
7971 732853.5441647008
8051 733395.2457527418
8392 733935.0335165076
8891 734006.5381011554
8932 734347.9077928599
9161 734669.1100973644
9462 735136.2255403023
9729 736005.2562365223
9876 736061.2512063259
10000 715469.5504770621
