evaluations raw_y
1 -271915.1000000000
2 -270737.1000000000
3 -270736.1000000000
4 -270734.1000000000
5 -270730.1000000000
6 -270728.1000000000
7 -267144.1000000000
8 -265676.1000000000
9 -264986.1000000000
10 -264112.1000000000
11 -263624.1000000000
12 -263258.1000000000
13 -262286.1000000000
14 -261463.1000000000
15 -260537.1000000000
16 -259359.1000000000
17 -259034.1000000000
18 -258034.1000000000
19 -256034.1000000000
20 -254482.1000000000
21 -252154.1000000000
22 -252031.1000000000
23 -251675.1000000000
24 -251370.1000000000
25 -251182.1000000000
26 -249892.1000000000
27 -247312.1000000000
28 -246022.1000000000
29 -245883.1000000000
30 -244895.1000000000
31 -244154.1000000000
32 -243943.1000000000
33 -243521.1000000000
34 -242888.1000000000
35 -242688.1000000000
36 -242288.1000000000
37 -241034.1000000000
38 -240258.1000000000
39 -238706.1000000000
40 -235602.1000000000
41 -234652.1000000000
42 -233715.1000000000
43 -233614.1000000000
44 -233412.1000000000
45 -233008.1000000000
46 -232446.1000000000
47 -231884.1000000000
48 -230382.1000000000
49 -229852.1000000000
50 -229604.1000000000
51 -229108.1000000000
52 -228340.1000000000
53 -227727.1000000000
54 -226501.1000000000
55 -225888.1000000000
56 -224126.1000000000
57 -222364.1000000000
58 -221997.1000000000
59 -221263.1000000000
60 -219795.1000000000
61 -219385.1000000000
62 -219228.1000000000
63 -218914.1000000000
64 -218286.1000000000
65 -217815.1000000000
66 -217573.1000000000
67 -216629.1000000000
68 -215213.1000000000
69 -214491.1000000000
70 -213749.1000000000
71 -212265.1000000000
72 -211928.1000000000
73 -210158.1000000000
74 -209750.1000000000
75 -209342.1000000000
76 -206966.1000000000
77 -205778.1000000000
78 -204874.1000000000
79 -204337.1000000000
80 -203263.1000000000
81 -201115.1000000000
82 -200156.1000000000
83 -198238.1000000000
84 -195361.1000000000
85 -194969.1000000000
86 -194260.1000000000
87 -192842.1000000000
88 -191899.1000000000
89 -190013.1000000000
90 -189934.1000000000
91 -189012.1000000000
92 -187168.1000000000
93 -186807.1000000000
94 -185946.1000000000
95 -182198.1000000000
96 -179387.1000000000
97 -178633.1000000000
98 -177125.1000000000
99 -174863.1000000000
100 -173991.1000000000
101 -173355.1000000000
102 -172896.1000000000
103 -171978.1000000000
104 -170601.1000000000
105 -170319.1000000000
106 -170208.1000000000
107 -169764.1000000000
108 -169176.1000000000
109 -168588.1000000000
110 -168582.1000000000
111 -168427.1000000000
112 -168117.1000000000
113 -167497.1000000000
114 -167032.1000000000
115 -165586.1000000000
116 -164863.1000000000
117 -162694.1000000000
118 -162027.1000000000
119 -161198.1000000000
120 25532.3728679621
247 25807.5458886829
378 25900.4689508311
1937 26021.5570861141
2179 26049.3423693261
2857 26071.9098250562
3288 26452.1103576708
7160 26697.0062849274
7214 26868.4430101922
7638 26879.4503680301
8468 27000.7491285577
8941 27202.0844933950
10070 25532.3728679621
evaluations raw_y
1 -277624.1000000000
3 -277620.1000000000
4 -275828.1000000000
5 -272244.1000000000
6 -271877.1000000000
7 -271143.1000000000
8 -270453.1000000000
9 -269763.1000000000
10 -267311.1000000000
11 -266437.1000000000
12 -266193.1000000000
13 -265827.1000000000
14 -264855.1000000000
15 -263929.1000000000
16 -262629.1000000000
17 -261629.1000000000
18 -261273.1000000000
19 -260968.1000000000
20 -259748.1000000000
21 -259654.1000000000
22 -259466.1000000000
23 -258176.1000000000
24 -256886.1000000000
25 -256747.1000000000
26 -256536.1000000000
27 -256114.1000000000
28 -256014.1000000000
29 -255387.1000000000
30 -254133.1000000000
31 -253357.1000000000
32 -251805.1000000000
33 -248701.1000000000
34 -248226.1000000000
35 -246326.1000000000
36 -245389.1000000000
37 -243515.1000000000
38 -239767.1000000000
39 -238830.1000000000
40 -238729.1000000000
41 -238325.1000000000
42 -238123.1000000000
43 -237842.1000000000
44 -237280.1000000000
45 -236718.1000000000
46 -235216.1000000000
47 -233714.1000000000
48 -231594.1000000000
49 -231114.1000000000
50 -231052.1000000000
51 -231021.1000000000
52 -228569.1000000000
53 -227688.1000000000
54 -227321.1000000000
55 -225853.1000000000
56 -225486.1000000000
57 -224666.1000000000
58 -223026.1000000000
59 -222869.1000000000
60 -222555.1000000000
61 -222084.1000000000
62 -221842.1000000000
63 -221370.1000000000
64 -220426.1000000000
65 -218982.1000000000
66 -218207.1000000000
67 -217836.1000000000
68 -217499.1000000000
69 -216825.1000000000
70 -215055.1000000000
71 -213285.1000000000
72 -212877.1000000000
73 -211689.1000000000
74 -209313.1000000000
75 -208125.1000000000
76 -207899.1000000000
77 -206825.1000000000
78 -204677.1000000000
79 -204565.1000000000
80 -204453.1000000000
81 -201576.1000000000
82 -201184.1000000000
83 -200792.1000000000
84 -200083.1000000000
85 -197247.1000000000
86 -196307.1000000000
87 -194421.1000000000
88 -190649.1000000000
89 -190570.1000000000
90 -188726.1000000000
91 -186882.1000000000
92 -186521.1000000000
93 -185574.1000000000
94 -183680.1000000000
95 -182733.1000000000
96 -181872.1000000000
97 -180935.1000000000
98 -179061.1000000000
99 -178425.1000000000
100 -177507.1000000000
101 -175671.1000000000
102 -175281.1000000000
103 -174891.1000000000
104 -174750.1000000000
105 -174639.1000000000
106 -173463.1000000000
107 -172017.1000000000
108 -170571.1000000000
109 -169848.1000000000
110 -169181.1000000000
111 -167847.1000000000
112 -167018.1000000000
113 -163702.1000000000
114 -162522.1000000000
115 -160162.1000000000
116 24540.2099381422
231 25071.7909573131
465 25625.4384084329
949 25900.2099463210
2149 25949.7678021527
3621 26082.2971286929
4731 26271.0605759584
5279 26448.0085067928
6253 26600.6419089072
10003 24540.2099381422
evaluations raw_y
1 -257697.1000000000
2 -257326.1000000000
3 -255534.1000000000
4 -255167.1000000000
5 -254433.1000000000
6 -252965.1000000000
7 -252275.1000000000
8 -251049.1000000000
9 -250175.1000000000
10 -249931.1000000000
11 -249565.1000000000
12 -248593.1000000000
13 -248130.1000000000
14 -247204.1000000000
15 -246741.1000000000
16 -245563.1000000000
17 -244385.1000000000
18 -244060.1000000000
19 -243410.1000000000
20 -242410.1000000000
21 -241800.1000000000
22 -240580.1000000000
23 -240392.1000000000
24 -237812.1000000000
25 -237318.1000000000
26 -236577.1000000000
27 -236366.1000000000
28 -235522.1000000000
29 -234889.1000000000
30 -234689.1000000000
31 -233435.1000000000
32 -231915.1000000000
33 -231139.1000000000
34 -228035.1000000000
35 -227085.1000000000
36 -223337.1000000000
37 -223236.1000000000
38 -223034.1000000000
39 -222832.1000000000
40 -222551.1000000000
41 -221427.1000000000
42 -220676.1000000000
43 -217672.1000000000
44 -217424.1000000000
45 -216928.1000000000
46 -216866.1000000000
47 -214414.1000000000
48 -212652.1000000000
49 -212285.1000000000
50 -211551.1000000000
51 -210083.1000000000
52 -209263.1000000000
53 -209106.1000000000
54 -208634.1000000000
55 -207690.1000000000
56 -206206.1000000000
57 -205869.1000000000
58 -205053.1000000000
59 -204645.1000000000
60 -203457.1000000000
61 -202269.1000000000
62 -202043.1000000000
63 -201591.1000000000
64 -200517.1000000000
65 -200125.1000000000
66 -199416.1000000000
67 -198476.1000000000
68 -197533.1000000000
69 -195647.1000000000
70 -195568.1000000000
71 -195489.1000000000
72 -194567.1000000000
73 -192723.1000000000
74 -190879.1000000000
75 -189932.1000000000
76 -188985.1000000000
77 -187263.1000000000
78 -183819.1000000000
79 -181236.1000000000
80 -179362.1000000000
81 -178608.1000000000
82 -177100.1000000000
83 -174838.1000000000
84 -173966.1000000000
85 -173330.1000000000
86 -171953.1000000000
87 -171563.1000000000
88 -171452.1000000000
89 -171230.1000000000
90 -170054.1000000000
91 -169466.1000000000
92 -169460.1000000000
93 -169454.1000000000
94 -169299.1000000000
95 -168989.1000000000
96 -168524.1000000000
97 -167801.1000000000
98 -166355.1000000000
99 -163463.1000000000
100 -162017.1000000000
101 -161294.1000000000
102 25432.7950286808
3691 25498.5907904779
3812 25680.4116095359
8783 25736.5611635221
10002 22689.8529367566
evaluations raw_y
1 -267035.1000000000
3 -267034.1000000000
4 -267032.1000000000
5 -267028.1000000000
6 -267026.1000000000
7 -266130.1000000000
8 -264338.1000000000
9 -260754.1000000000
10 -260387.1000000000
11 -258919.1000000000
12 -257693.1000000000
13 -255241.1000000000
14 -254367.1000000000
15 -254245.1000000000
16 -254001.1000000000
17 -253635.1000000000
18 -252663.1000000000
19 -251840.1000000000
20 -251377.1000000000
21 -250788.1000000000
22 -249610.1000000000
23 -248960.1000000000
24 -247660.1000000000
25 -246685.1000000000
26 -245685.1000000000
27 -244909.1000000000
28 -242581.1000000000
29 -242458.1000000000
30 -242102.1000000000
31 -241797.1000000000
32 -241187.1000000000
33 -239967.1000000000
34 -239662.1000000000
35 -238372.1000000000
36 -235792.1000000000
37 -235653.1000000000
38 -235406.1000000000
39 -234418.1000000000
40 -233677.1000000000
41 -233577.1000000000
42 -233377.1000000000
43 -233277.1000000000
44 -232023.1000000000
45 -231263.1000000000
46 -230313.1000000000
47 -228413.1000000000
48 -226539.1000000000
49 -222791.1000000000
50 -222589.1000000000
51 -222185.1000000000
52 -221983.1000000000
53 -221702.1000000000
54 -220200.1000000000
55 -219140.1000000000
56 -218900.1000000000
57 -218420.1000000000
58 -218172.1000000000
59 -217676.1000000000
60 -216932.1000000000
61 -216901.1000000000
62 -216839.1000000000
63 -216808.1000000000
64 -215582.1000000000
65 -213130.1000000000
66 -211368.1000000000
67 -211001.1000000000
68 -210267.1000000000
69 -208799.1000000000
70 -208087.1000000000
71 -207267.1000000000
72 -205627.1000000000
73 -205217.1000000000
74 -204975.1000000000
75 -204503.1000000000
76 -203559.1000000000
77 -202143.1000000000
78 -201368.1000000000
79 -201031.1000000000
80 -200357.1000000000
81 -199472.1000000000
82 -197702.1000000000
83 -194162.1000000000
84 -193958.1000000000
85 -193550.1000000000
86 -193142.1000000000
87 -192916.1000000000
88 -192379.1000000000
89 -190231.1000000000
90 -189272.1000000000
91 -188880.1000000000
92 -188171.1000000000
93 -186753.1000000000
94 -185813.1000000000
95 -183927.1000000000
96 -183005.1000000000
97 -182644.1000000000
98 -181783.1000000000
99 -179200.1000000000
100 -178263.1000000000
101 -174515.1000000000
102 -171704.1000000000
103 -170832.1000000000
104 -170196.1000000000
105 -168819.1000000000
106 -168597.1000000000
107 -168009.1000000000
108 -167854.1000000000
109 -167389.1000000000
110 -164497.1000000000
111 -163830.1000000000
112 -162496.1000000000
113 -161162.1000000000
114 -160333.1000000000
115 24711.7549649209
232 25301.5848271413
349 25476.0171839080
470 25480.1620752256
595 26231.1184892896
854 26365.6015495402
2350 26542.4647145574
5635 26601.1762493571
10049 24711.7549649209
evaluations raw_y
1 -290854.1000000000
3 -290852.1000000000
4 -290850.1000000000
5 -287266.1000000000
6 -286899.1000000000
7 -286165.1000000000
8 -285475.1000000000
9 -284862.1000000000
10 -283636.1000000000
11 -282762.1000000000
12 -281888.1000000000
13 -281766.1000000000
14 -281522.1000000000
15 -281156.1000000000
16 -280670.1000000000
17 -279698.1000000000
18 -279109.1000000000
19 -277931.1000000000
20 -276753.1000000000
21 -276428.1000000000
22 -275778.1000000000
23 -274478.1000000000
24 -273478.1000000000
25 -271478.1000000000
26 -267478.1000000000
27 -266702.1000000000
28 -266579.1000000000
29 -266274.1000000000
30 -265054.1000000000
31 -264749.1000000000
32 -264702.1000000000
33 -264608.1000000000
34 -262028.1000000000
35 -261889.1000000000
36 -261642.1000000000
37 -261148.1000000000
38 -260160.1000000000
39 -259949.1000000000
40 -259849.1000000000
41 -259649.1000000000
42 -259249.1000000000
43 -258622.1000000000
44 -257368.1000000000
45 -256114.1000000000
46 -255338.1000000000
47 -253786.1000000000
48 -253311.1000000000
49 -249563.1000000000
50 -248626.1000000000
51 -248222.1000000000
52 -248020.1000000000
53 -247458.1000000000
54 -246334.1000000000
55 -245772.1000000000
56 -245021.1000000000
57 -243519.1000000000
58 -240515.1000000000
59 -239013.1000000000
60 -238483.1000000000
61 -237423.1000000000
62 -235303.1000000000
63 -235063.1000000000
64 -234583.1000000000
65 -233839.1000000000
66 -233071.1000000000
67 -233040.1000000000
68 -233009.1000000000
69 -231783.1000000000
70 -230902.1000000000
71 -229434.1000000000
72 -228722.1000000000
73 -228312.1000000000
74 -227492.1000000000
75 -225852.1000000000
76 -225442.1000000000
77 -225128.1000000000
78 -224657.1000000000
79 -223833.1000000000
80 -223361.1000000000
81 -222639.1000000000
82 -219751.1000000000
83 -218976.1000000000
84 -218302.1000000000
85 -216532.1000000000
86 -214762.1000000000
87 -214558.1000000000
88 -214150.1000000000
89 -211774.1000000000
90 -210586.1000000000
91 -210134.1000000000
92 -209682.1000000000
93 -209145.1000000000
94 -208071.1000000000
95 -207959.1000000000
96 -207847.1000000000
97 -206888.1000000000
98 -204011.1000000000
99 -203619.1000000000
100 -202679.1000000000
101 -200793.1000000000
102 -197021.1000000000
103 -196942.1000000000
104 -196863.1000000000
105 -195941.1000000000
106 -194097.1000000000
107 -193150.1000000000
108 -189706.1000000000
109 -187123.1000000000
110 -186186.1000000000
111 -185314.1000000000
112 -184678.1000000000
113 -184219.1000000000
114 -183829.1000000000
115 -183439.1000000000
116 -183016.1000000000
117 -182905.1000000000
118 -182572.1000000000
119 -181984.1000000000
120 -181978.1000000000
121 -181823.1000000000
122 -181513.1000000000
123 -180893.1000000000
124 -180170.1000000000
125 -178724.1000000000
126 -175832.1000000000
127 -174386.1000000000
128 -173663.1000000000
129 -170771.1000000000
130 -170104.1000000000
131 -168770.1000000000
132 -167436.1000000000
133 -166607.1000000000
134 -164949.1000000000
135 -161633.1000000000
136 -161146.1000000000
137 -160556.1000000000
138 24326.0984208196
276 25047.4233533086
277 25621.9477474863
278 26374.6094529820
2303 26663.5762145322
3331 26674.9291650366
3332 26864.8415300185
3812 26905.8771477704
8430 27107.1436499575
10112 24326.0984208196
evaluations raw_y
1 -282450.1000000000
3 -282446.1000000000
4 -282444.1000000000
5 -280652.1000000000
6 -277068.1000000000
7 -276334.1000000000
8 -274866.1000000000
9 -274176.1000000000
10 -272950.1000000000
11 -272076.1000000000
12 -271954.1000000000
13 -271710.1000000000
14 -271344.1000000000
15 -270521.1000000000
16 -269698.1000000000
17 -269235.1000000000
18 -268772.1000000000
19 -268183.1000000000
20 -267005.1000000000
21 -265827.1000000000
22 -265177.1000000000
23 -263877.1000000000
24 -262902.1000000000
25 -261902.1000000000
26 -259902.1000000000
27 -255902.1000000000
28 -255126.1000000000
29 -253574.1000000000
30 -251246.1000000000
31 -250941.1000000000
32 -250636.1000000000
33 -250448.1000000000
34 -249803.1000000000
35 -249664.1000000000
36 -249170.1000000000
37 -248429.1000000000
38 -248218.1000000000
39 -247585.1000000000
40 -247485.1000000000
41 -247085.1000000000
42 -246985.1000000000
43 -245731.1000000000
44 -244971.1000000000
45 -241867.1000000000
46 -240917.1000000000
47 -239017.1000000000
48 -238080.1000000000
49 -237143.1000000000
50 -237042.1000000000
51 -236761.1000000000
52 -235637.1000000000
53 -234135.1000000000
54 -231131.1000000000
55 -229629.1000000000
56 -228569.1000000000
57 -228089.1000000000
58 -227321.1000000000
59 -227259.1000000000
60 -227228.1000000000
61 -226615.1000000000
62 -225389.1000000000
63 -222937.1000000000
64 -221175.1000000000
65 -220808.1000000000
66 -220074.1000000000
67 -218606.1000000000
68 -217894.1000000000
69 -217074.1000000000
70 -216917.1000000000
71 -216603.1000000000
72 -215975.1000000000
73 -215733.1000000000
74 -215261.1000000000
75 -213845.1000000000
76 -213070.1000000000
77 -212699.1000000000
78 -211957.1000000000
79 -210473.1000000000
80 -209588.1000000000
81 -207818.1000000000
82 -207614.1000000000
83 -206798.1000000000
84 -206204.1000000000
85 -205016.1000000000
86 -204095.1000000000
87 -203021.1000000000
88 -202909.1000000000
89 -202797.1000000000
90 -199920.1000000000
91 -199211.1000000000
92 -197793.1000000000
93 -196853.1000000000
94 -194967.1000000000
95 -194045.1000000000
96 -192201.1000000000
97 -191254.1000000000
98 -189360.1000000000
99 -188413.1000000000
100 -187552.1000000000
101 -185830.1000000000
102 -183247.1000000000
103 -182310.1000000000
104 -180436.1000000000
105 -179682.1000000000
106 -178174.1000000000
107 -177302.1000000000
108 -176843.1000000000
109 -175925.1000000000
110 -174089.1000000000
111 -172712.1000000000
112 -172322.1000000000
113 -172181.1000000000
114 -171899.1000000000
115 -171476.1000000000
116 -171254.1000000000
117 -171248.1000000000
118 -170938.1000000000
119 -170473.1000000000
120 -169750.1000000000
121 -166858.1000000000
122 -165412.1000000000
123 -163966.1000000000
124 -161797.1000000000
125 -161130.1000000000
126 25168.1339923888
757 25412.9304282680
1259 25516.0628799059
4449 25656.0222914267
5890 25888.3392317823
8528 26011.3251801832
9526 26044.5115376687
10067 25168.1339923888
evaluations raw_y
1 -276700.1000000000
3 -276698.1000000000
4 -276694.1000000000
5 -276692.1000000000
6 -275796.1000000000
7 -274004.1000000000
8 -272536.1000000000
9 -271846.1000000000
10 -270620.1000000000
11 -269746.1000000000
12 -269624.1000000000
13 -269258.1000000000
14 -268772.1000000000
15 -267949.1000000000
16 -267486.1000000000
17 -267023.1000000000
18 -266434.1000000000
19 -265256.1000000000
20 -264078.1000000000
21 -263078.1000000000
22 -259078.1000000000
23 -256750.1000000000
24 -256627.1000000000
25 -256322.1000000000
26 -255102.1000000000
27 -254797.1000000000
28 -254750.1000000000
29 -254656.1000000000
30 -254011.1000000000
31 -251431.1000000000
32 -251292.1000000000
33 -251045.1000000000
34 -250551.1000000000
35 -249810.1000000000
36 -249599.1000000000
37 -248966.1000000000
38 -248866.1000000000
39 -247612.1000000000
40 -246836.1000000000
41 -245284.1000000000
42 -242180.1000000000
43 -241705.1000000000
44 -240755.1000000000
45 -238855.1000000000
46 -237918.1000000000
47 -237716.1000000000
48 -237312.1000000000
49 -237031.1000000000
50 -236469.1000000000
51 -234967.1000000000
52 -231963.1000000000
53 -231433.1000000000
54 -231193.1000000000
55 -230713.1000000000
56 -230233.1000000000
57 -229985.1000000000
58 -229489.1000000000
59 -228745.1000000000
60 -227977.1000000000
61 -227946.1000000000
62 -226184.1000000000
63 -224422.1000000000
64 -224055.1000000000
65 -223645.1000000000
66 -222825.1000000000
67 -221185.1000000000
68 -220775.1000000000
69 -220618.1000000000
70 -220304.1000000000
71 -220062.1000000000
72 -219590.1000000000
73 -218146.1000000000
74 -215258.1000000000
75 -214483.1000000000
76 -213741.1000000000
77 -213067.1000000000
78 -212182.1000000000
79 -208642.1000000000
80 -206872.1000000000
81 -206668.1000000000
82 -205852.1000000000
83 -205444.1000000000
84 -204256.1000000000
85 -203719.1000000000
86 -202645.1000000000
87 -200497.1000000000
88 -198579.1000000000
89 -195702.1000000000
90 -195310.1000000000
91 -194918.1000000000
92 -192082.1000000000
93 -191139.1000000000
94 -187367.1000000000
95 -186445.1000000000
96 -184601.1000000000
97 -182757.1000000000
98 -182396.1000000000
99 -181535.1000000000
100 -179813.1000000000
101 -177230.1000000000
102 -176476.1000000000
103 -174968.1000000000
104 -174332.1000000000
105 -173696.1000000000
106 -173237.1000000000
107 -172319.1000000000
108 -170942.1000000000
109 -170552.1000000000
110 -170411.1000000000
111 -170129.1000000000
112 -170018.1000000000
113 -169796.1000000000
114 -169208.1000000000
115 -169202.1000000000
116 -168737.1000000000
117 -165845.1000000000
118 -164511.1000000000
119 -163682.1000000000
120 -162853.1000000000
121 -162366.1000000000
122 -161392.1000000000
123 -160418.1000000000
124 25985.8067764487
2163 26106.7476035385
4276 26141.0266777968
4583 26163.1499717393
7410 26398.2679700187
7725 26543.5455864084
8453 26653.0032592556
8454 26773.7918340115
8537 26878.0426089839
10000 26159.9488329807
evaluations raw_y
1 -290228.1000000000
2 -288348.1000000000
3 -288347.1000000000
4 -288345.1000000000
5 -288341.1000000000
6 -287445.1000000000
7 -285977.1000000000
8 -285287.1000000000
9 -284597.1000000000
10 -283984.1000000000
11 -283862.1000000000
12 -283618.1000000000
13 -283130.1000000000
14 -282764.1000000000
15 -282278.1000000000
16 -281306.1000000000
17 -280843.1000000000
18 -280254.1000000000
19 -278954.1000000000
20 -278178.1000000000
21 -278055.1000000000
22 -277750.1000000000
23 -277140.1000000000
24 -275920.1000000000
25 -275873.1000000000
26 -275779.1000000000
27 -275591.1000000000
28 -274946.1000000000
29 -272366.1000000000
30 -272227.1000000000
31 -271733.1000000000
32 -271522.1000000000
33 -271100.1000000000
34 -270256.1000000000
35 -270156.1000000000
36 -269956.1000000000
37 -269556.1000000000
38 -268302.1000000000
39 -266782.1000000000
40 -263678.1000000000
41 -262728.1000000000
42 -261791.1000000000
43 -261690.1000000000
44 -261488.1000000000
45 -261286.1000000000
46 -260724.1000000000
47 -259973.1000000000
48 -258471.1000000000
49 -257411.1000000000
50 -257163.1000000000
51 -256667.1000000000
52 -255923.1000000000
53 -255155.1000000000
54 -253929.1000000000
55 -251477.1000000000
56 -250596.1000000000
57 -248834.1000000000
58 -248100.1000000000
59 -246632.1000000000
60 -246265.1000000000
61 -245553.1000000000
62 -245143.1000000000
63 -244323.1000000000
64 -242683.1000000000
65 -242369.1000000000
66 -241741.1000000000
67 -241270.1000000000
68 -240446.1000000000
69 -240204.1000000000
70 -238760.1000000000
71 -235872.1000000000
72 -235097.1000000000
73 -234726.1000000000
74 -234389.1000000000
75 -234052.1000000000
76 -232282.1000000000
77 -230512.1000000000
78 -230104.1000000000
79 -229288.1000000000
80 -228100.1000000000
81 -225724.1000000000
82 -224820.1000000000
83 -224368.1000000000
84 -223831.1000000000
85 -222757.1000000000
86 -220609.1000000000
87 -220497.1000000000
88 -220385.1000000000
89 -218467.1000000000
90 -218075.1000000000
91 -217366.1000000000
92 -215948.1000000000
93 -213112.1000000000
94 -212172.1000000000
95 -211229.1000000000
96 -209343.1000000000
97 -209264.1000000000
98 -209185.1000000000
99 -208263.1000000000
100 -206419.1000000000
101 -206058.1000000000
102 -204336.1000000000
103 -200892.1000000000
104 -198309.1000000000
105 -197372.1000000000
106 -195498.1000000000
107 -191750.1000000000
108 -188939.1000000000
109 -188185.1000000000
110 -185923.1000000000
111 -185051.1000000000
112 -184415.1000000000
113 -182579.1000000000
114 -182189.1000000000
115 -181799.1000000000
116 -181376.1000000000
117 -181265.1000000000
118 -180821.1000000000
119 -179645.1000000000
120 -179057.1000000000
121 -179051.1000000000
122 -179045.1000000000
123 -178890.1000000000
124 -178270.1000000000
125 -175378.1000000000
126 -173932.1000000000
127 -171763.1000000000
128 -170429.1000000000
129 -168771.1000000000
130 -165455.1000000000
131 -164481.1000000000
132 -163507.1000000000
133 -162327.1000000000
134 -159967.1000000000
135 24281.2984138719
136 25474.9017276583
272 25676.2989676140
1354 25718.8359022852
1359 25785.7743763484
5716 25847.8794026056
7889 25881.6465431928
10104 24281.2984138719
evaluations raw_y
1 -285419.1000000000
4 -285417.1000000000
5 -284521.1000000000
6 -282729.1000000000
7 -279145.1000000000
8 -278778.1000000000
9 -277310.1000000000
10 -276620.1000000000
11 -275930.1000000000
12 -274704.1000000000
13 -273830.1000000000
14 -273586.1000000000
15 -273100.1000000000
16 -272128.1000000000
17 -271156.1000000000
18 -270230.1000000000
19 -269052.1000000000
20 -267874.1000000000
21 -267549.1000000000
22 -266249.1000000000
23 -265274.1000000000
24 -263274.1000000000
25 -259274.1000000000
26 -257722.1000000000
27 -257599.1000000000
28 -257294.1000000000
29 -256684.1000000000
30 -256637.1000000000
31 -256543.1000000000
32 -255253.1000000000
33 -255114.1000000000
34 -254373.1000000000
35 -254162.1000000000
36 -253318.1000000000
37 -253118.1000000000
38 -252718.1000000000
39 -252618.1000000000
40 -251991.1000000000
41 -250471.1000000000
42 -249695.1000000000
43 -249220.1000000000
44 -247320.1000000000
45 -246383.1000000000
46 -242635.1000000000
47 -242534.1000000000
48 -242332.1000000000
49 -242130.1000000000
50 -241006.1000000000
51 -240444.1000000000
52 -239693.1000000000
53 -236689.1000000000
54 -235187.1000000000
55 -233067.1000000000
56 -232827.1000000000
57 -232347.1000000000
58 -231867.1000000000
59 -231371.1000000000
60 -230627.1000000000
61 -229859.1000000000
62 -229828.1000000000
63 -229797.1000000000
64 -229184.1000000000
65 -228303.1000000000
66 -226541.1000000000
67 -226174.1000000000
68 -225764.1000000000
69 -224944.1000000000
70 -224534.1000000000
71 -224220.1000000000
72 -223592.1000000000
73 -222768.1000000000
74 -222526.1000000000
75 -222054.1000000000
76 -221110.1000000000
77 -220388.1000000000
78 -218944.1000000000
79 -218573.1000000000
80 -217831.1000000000
81 -216347.1000000000
82 -216010.1000000000
83 -215125.1000000000
84 -213355.1000000000
85 -213151.1000000000
86 -212743.1000000000
87 -212149.1000000000
88 -210961.1000000000
89 -208585.1000000000
90 -208359.1000000000
91 -207907.1000000000
92 -207681.1000000000
93 -207229.1000000000
94 -206308.1000000000
95 -205234.1000000000
96 -204275.1000000000
97 -202357.1000000000
98 -201965.1000000000
99 -201573.1000000000
100 -200864.1000000000
101 -198028.1000000000
102 -197088.1000000000
103 -195202.1000000000
104 -191430.1000000000
105 -190508.1000000000
106 -188664.1000000000
107 -186820.1000000000
108 -184926.1000000000
109 -183979.1000000000
110 -183118.1000000000
111 -179674.1000000000
112 -177091.1000000000
113 -176154.1000000000
114 -172406.1000000000
115 -171652.1000000000
116 -170144.1000000000
117 -169272.1000000000
118 -168636.1000000000
119 -168000.1000000000
120 -167610.1000000000
121 -167469.1000000000
122 -167358.1000000000
123 -167136.1000000000
124 -166803.1000000000
125 -165627.1000000000
126 -165039.1000000000
127 -165033.1000000000
128 -164878.1000000000
129 -164258.1000000000
130 -163535.1000000000
131 -162089.1000000000
132 25346.4235701143
267 25677.4786601580
398 26050.0804938325
1328 26361.5764053440
3674 26763.7057649013
3993 26863.1765731497
7356 27060.1081933954
10002 25997.7315278735
evaluations raw_y
1 -259451.1000000000
2 -256856.1000000000
3 -256854.1000000000
4 -256120.1000000000
5 -254652.1000000000
6 -253962.1000000000
7 -253349.1000000000
8 -250897.1000000000
9 -250023.1000000000
10 -249779.1000000000
11 -249413.1000000000
12 -248441.1000000000
13 -247469.1000000000
14 -246646.1000000000
15 -245823.1000000000
16 -245360.1000000000
17 -244434.1000000000
18 -243845.1000000000
19 -242667.1000000000
20 -241489.1000000000
21 -240839.1000000000
22 -239839.1000000000
23 -237839.1000000000
24 -235511.1000000000
25 -235206.1000000000
26 -233986.1000000000
27 -233939.1000000000
28 -233845.1000000000
29 -233657.1000000000
30 -233012.1000000000
31 -230432.1000000000
32 -230293.1000000000
33 -230046.1000000000
34 -229552.1000000000
35 -228564.1000000000
36 -227720.1000000000
37 -227093.1000000000
38 -225839.1000000000
39 -224319.1000000000
40 -223543.1000000000
41 -223068.1000000000
42 -221194.1000000000
43 -220992.1000000000
44 -220430.1000000000
45 -218928.1000000000
46 -218398.1000000000
47 -218158.1000000000
48 -217678.1000000000
49 -217430.1000000000
50 -217368.1000000000
51 -217337.1000000000
52 -216724.1000000000
53 -215843.1000000000
54 -215476.1000000000
55 -214742.1000000000
56 -214030.1000000000
57 -213620.1000000000
58 -212800.1000000000
59 -211160.1000000000
60 -210750.1000000000
61 -209926.1000000000
62 -209684.1000000000
63 -209212.1000000000
64 -207768.1000000000
65 -207397.1000000000
66 -206655.1000000000
67 -205981.1000000000
68 -205644.1000000000
69 -203874.1000000000
70 -200334.1000000000
71 -200130.1000000000
72 -199722.1000000000
73 -199128.1000000000
74 -197940.1000000000
75 -195564.1000000000
76 -195112.1000000000
77 -194886.1000000000
78 -194349.1000000000
79 -193275.1000000000
80 -193163.1000000000
81 -190286.1000000000
82 -189894.1000000000
83 -188954.1000000000
84 -188011.1000000000
85 -186125.1000000000
86 -182353.1000000000
87 -182274.1000000000
88 -180430.1000000000
89 -180069.1000000000
90 -179122.1000000000
91 -178175.1000000000
92 -176453.1000000000
93 -173009.1000000000
94 -172072.1000000000
95 -168324.1000000000
96 -166816.1000000000
97 -165944.1000000000
98 -165308.1000000000
99 -164849.1000000000
100 -163931.1000000000
101 -163541.1000000000
102 -163400.1000000000
103 -162977.1000000000
104 -162755.1000000000
105 -162311.1000000000
106 -161978.1000000000
107 -160802.1000000000
108 -160796.1000000000
109 -160790.1000000000
110 -160635.1000000000
111 -160325.1000000000
112 24895.7255539379
222 25550.7083921000
912 25990.5034589538
4276 26182.7500983050
5428 26292.0339327825
6623 26584.4811653110
10021 25550.7083921000
evaluations raw_y
1 -305091.1000000000
3 -305090.1000000000
4 -305088.1000000000
5 -305086.1000000000
6 -303294.1000000000
7 -302927.1000000000
8 -301459.1000000000
9 -300769.1000000000
10 -300079.1000000000
11 -297627.1000000000
12 -296753.1000000000
13 -295879.1000000000
14 -295635.1000000000
15 -295269.1000000000
16 -294297.1000000000
17 -293325.1000000000
18 -292502.1000000000
19 -291913.1000000000
20 -290735.1000000000
21 -290085.1000000000
22 -288785.1000000000
23 -287810.1000000000
24 -286810.1000000000
25 -284810.1000000000
26 -284034.1000000000
27 -282482.1000000000
28 -282359.1000000000
29 -282003.1000000000
30 -281698.1000000000
31 -281510.1000000000
32 -280865.1000000000
33 -280618.1000000000
34 -280407.1000000000
35 -279985.1000000000
36 -279352.1000000000
37 -279252.1000000000
38 -279052.1000000000
39 -278652.1000000000
40 -278552.1000000000
41 -277925.1000000000
42 -276671.1000000000
43 -275151.1000000000
44 -273277.1000000000
45 -269529.1000000000
46 -268592.1000000000
47 -268491.1000000000
48 -268289.1000000000
49 -268087.1000000000
50 -267806.1000000000
51 -267244.1000000000
52 -266120.1000000000
53 -265558.1000000000
54 -264807.1000000000
55 -263305.1000000000
56 -263065.1000000000
57 -262585.1000000000
58 -262337.1000000000
59 -261841.1000000000
60 -261097.1000000000
61 -260329.1000000000
62 -260267.1000000000
63 -260236.1000000000
64 -259010.1000000000
65 -258129.1000000000
66 -256367.1000000000
67 -254727.1000000000
68 -254317.1000000000
69 -254160.1000000000
70 -253532.1000000000
71 -253061.1000000000
72 -252237.1000000000
73 -251293.1000000000
74 -249877.1000000000
75 -249155.1000000000
76 -247711.1000000000
77 -244823.1000000000
78 -244048.1000000000
79 -242564.1000000000
80 -241679.1000000000
81 -238139.1000000000
82 -236369.1000000000
83 -236165.1000000000
84 -235349.1000000000
85 -234941.1000000000
86 -233753.1000000000
87 -231377.1000000000
88 -231151.1000000000
89 -230925.1000000000
90 -230004.1000000000
91 -228930.1000000000
92 -226782.1000000000
93 -226670.1000000000
94 -226558.1000000000
95 -225599.1000000000
96 -223681.1000000000
97 -220804.1000000000
98 -220412.1000000000
99 -217576.1000000000
100 -215696.1000000000
101 -214753.1000000000
102 -212867.1000000000
103 -209095.1000000000
104 -209016.1000000000
105 -208094.1000000000
106 -206250.1000000000
107 -204406.1000000000
108 -203459.1000000000
109 -201565.1000000000
110 -200618.1000000000
111 -199757.1000000000
112 -198035.1000000000
113 -194591.1000000000
114 -192008.1000000000
115 -188260.1000000000
116 -187506.1000000000
117 -185998.1000000000
118 -185126.1000000000
119 -184490.1000000000
120 -183572.1000000000
121 -181736.1000000000
122 -181346.1000000000
123 -181205.1000000000
124 -180923.1000000000
125 -180701.1000000000
126 -180113.1000000000
127 -178937.1000000000
128 -178931.1000000000
129 -178925.1000000000
130 -178770.1000000000
131 -178460.1000000000
132 -177840.1000000000
133 -177375.1000000000
134 -176652.1000000000
135 -175206.1000000000
136 -173760.1000000000
137 -172426.1000000000
138 -170768.1000000000
139 -167452.1000000000
140 -166623.1000000000
141 -165649.1000000000
142 -164675.1000000000
143 -163495.1000000000
144 -163125.1000000000
145 -162385.1000000000
146 -160905.1000000000
147 24889.3265581356
296 25365.4524105083
297 25687.3162882954
3617 25776.2487694515
3923 25789.8048429843
6500 25837.4602520134
9386 25913.6626206649
10001 25776.2487694515
evaluations raw_y
1 -268592.1000000000
2 -267292.1000000000
3 -267291.1000000000
4 -267289.1000000000
5 -265497.1000000000
6 -261913.1000000000
7 -261546.1000000000
8 -260812.1000000000
9 -260122.1000000000
10 -259509.1000000000
11 -258283.1000000000
12 -257409.1000000000
13 -257165.1000000000
14 -256677.1000000000
15 -256311.1000000000
16 -255825.1000000000
17 -254899.1000000000
18 -254436.1000000000
19 -253258.1000000000
20 -252608.1000000000
21 -251633.1000000000
22 -250633.1000000000
23 -248633.1000000000
24 -244633.1000000000
25 -242305.1000000000
26 -241949.1000000000
27 -241644.1000000000
28 -241034.1000000000
29 -240729.1000000000
30 -240084.1000000000
31 -238794.1000000000
32 -238547.1000000000
33 -238053.1000000000
34 -237065.1000000000
35 -236324.1000000000
36 -236113.1000000000
37 -235691.1000000000
38 -234847.1000000000
39 -234747.1000000000
40 -234347.1000000000
41 -234247.1000000000
42 -232993.1000000000
43 -232233.1000000000
44 -231457.1000000000
45 -229905.1000000000
46 -228005.1000000000
47 -226131.1000000000
48 -222383.1000000000
49 -221446.1000000000
50 -221345.1000000000
51 -220941.1000000000
52 -220739.1000000000
53 -219615.1000000000
54 -218864.1000000000
55 -215860.1000000000
56 -214358.1000000000
57 -213298.1000000000
58 -213058.1000000000
59 -212578.1000000000
60 -212098.1000000000
61 -211850.1000000000
62 -211354.1000000000
63 -210610.1000000000
64 -210579.1000000000
65 -209966.1000000000
66 -208740.1000000000
67 -208127.1000000000
68 -206659.1000000000
69 -206292.1000000000
70 -205882.1000000000
71 -204242.1000000000
72 -204085.1000000000
73 -203771.1000000000
74 -203300.1000000000
75 -203058.1000000000
76 -201614.1000000000
77 -200839.1000000000
78 -200468.1000000000
79 -198984.1000000000
80 -198310.1000000000
81 -197973.1000000000
82 -194433.1000000000
83 -192663.1000000000
84 -192459.1000000000
85 -191865.1000000000
86 -190677.1000000000
87 -188301.1000000000
88 -188075.1000000000
89 -187171.1000000000
90 -186945.1000000000
91 -186024.1000000000
92 -184950.1000000000
93 -184838.1000000000
94 -184726.1000000000
95 -183767.1000000000
96 -181849.1000000000
97 -181140.1000000000
98 -179722.1000000000
99 -178779.1000000000
100 -175007.1000000000
101 -174928.1000000000
102 -174849.1000000000
103 -172955.1000000000
104 -172094.1000000000
105 -169511.1000000000
106 -168574.1000000000
107 -167066.1000000000
108 -166194.1000000000
109 -165558.1000000000
110 -164922.1000000000
111 -164463.1000000000
112 -163086.1000000000
113 -162696.1000000000
114 -162306.1000000000
115 -162024.1000000000
116 -161601.1000000000
117 -161490.1000000000
118 -161157.1000000000
119 -161151.1000000000
120 -160996.1000000000
121 -160376.1000000000
122 25773.3697058432
1765 25993.2187196983
2543 26181.6982276439
3026 26258.0532086148
3699 26286.1967521864
4962 26443.3286441562
5291 26745.2215330896
6365 27201.8331344308
10000 26181.6982276439
evaluations raw_y
1 -282432.1000000000
2 -282150.1000000000
3 -282149.1000000000
4 -282147.1000000000
5 -282143.1000000000
6 -280351.1000000000
7 -279984.1000000000
8 -278516.1000000000
9 -277826.1000000000
10 -275374.1000000000
11 -274500.1000000000
12 -274256.1000000000
13 -273768.1000000000
14 -272945.1000000000
15 -272482.1000000000
16 -271556.1000000000
17 -270378.1000000000
18 -269378.1000000000
19 -267378.1000000000
20 -265826.1000000000
21 -265703.1000000000
22 -265398.1000000000
23 -264788.1000000000
24 -264483.1000000000
25 -264436.1000000000
26 -264248.1000000000
27 -262958.1000000000
28 -261668.1000000000
29 -261421.1000000000
30 -261210.1000000000
31 -260366.1000000000
32 -259733.1000000000
33 -259533.1000000000
34 -259433.1000000000
35 -258179.1000000000
36 -257403.1000000000
37 -256928.1000000000
38 -255991.1000000000
39 -252243.1000000000
40 -252142.1000000000
41 -251940.1000000000
42 -250816.1000000000
43 -250254.1000000000
44 -249503.1000000000
45 -248001.1000000000
46 -244997.1000000000
47 -243495.1000000000
48 -241375.1000000000
49 -240895.1000000000
50 -240647.1000000000
51 -240151.1000000000
52 -240120.1000000000
53 -240058.1000000000
54 -240027.1000000000
55 -239414.1000000000
56 -238188.1000000000
57 -237307.1000000000
58 -235545.1000000000
59 -233783.1000000000
60 -233416.1000000000
61 -231948.1000000000
62 -231581.1000000000
63 -231171.1000000000
64 -230351.1000000000
65 -228711.1000000000
66 -228554.1000000000
67 -228240.1000000000
68 -227612.1000000000
69 -227141.1000000000
70 -226317.1000000000
71 -225595.1000000000
72 -224151.1000000000
73 -221263.1000000000
74 -220892.1000000000
75 -219408.1000000000
76 -219071.1000000000
77 -217301.1000000000
78 -213761.1000000000
79 -211991.1000000000
80 -211787.1000000000
81 -211379.1000000000
82 -210563.1000000000
83 -210155.1000000000
84 -208967.1000000000
85 -206591.1000000000
86 -205403.1000000000
87 -204951.1000000000
88 -204047.1000000000
89 -203821.1000000000
90 -203369.1000000000
91 -202832.1000000000
92 -201758.1000000000
93 -198881.1000000000
94 -198489.1000000000
95 -197780.1000000000
96 -194944.1000000000
97 -193064.1000000000
98 -192121.1000000000
99 -190235.1000000000
100 -190156.1000000000
101 -190077.1000000000
102 -188233.1000000000
103 -186389.1000000000
104 -185442.1000000000
105 -184495.1000000000
106 -183634.1000000000
107 -181912.1000000000
108 -178468.1000000000
109 -175885.1000000000
110 -173074.1000000000
111 -170812.1000000000
112 -169940.1000000000
113 -168563.1000000000
114 -168173.1000000000
115 -167750.1000000000
116 -167306.1000000000
117 -166973.1000000000
118 -165797.1000000000
119 -165209.1000000000
120 -165203.1000000000
121 -165048.1000000000
122 -164583.1000000000
123 -163137.1000000000
124 -161691.1000000000
125 -160245.1000000000
126 25251.7479243890
380 25592.5983907820
1294 25660.9672338157
2438 25798.9783553995
2441 25814.1026968523
2442 25862.2195643489
2610 26094.5677939456
9732 26180.5882642998
10082 25251.7479243890
evaluations raw_y
1 -265984.1000000000
2 -265937.1000000000
3 -265933.1000000000
4 -265931.1000000000
5 -264139.1000000000
6 -263405.1000000000
7 -262179.1000000000
8 -259727.1000000000
9 -258853.1000000000
10 -258731.1000000000
11 -258243.1000000000
12 -257757.1000000000
13 -256785.1000000000
14 -255962.1000000000
15 -255499.1000000000
16 -254573.1000000000
17 -253984.1000000000
18 -253659.1000000000
19 -252684.1000000000
20 -251684.1000000000
21 -249684.1000000000
22 -245684.1000000000
23 -245496.1000000000
24 -244206.1000000000
25 -243712.1000000000
26 -242971.1000000000
27 -242760.1000000000
28 -242127.1000000000
29 -240873.1000000000
30 -239353.1000000000
31 -237801.1000000000
32 -236851.1000000000
33 -234977.1000000000
34 -234040.1000000000
35 -233838.1000000000
36 -233636.1000000000
37 -233355.1000000000
38 -232793.1000000000
39 -232042.1000000000
40 -229038.1000000000
41 -227536.1000000000
42 -226476.1000000000
43 -224356.1000000000
44 -223876.1000000000
45 -223132.1000000000
46 -222364.1000000000
47 -222333.1000000000
48 -222271.1000000000
49 -221045.1000000000
50 -218593.1000000000
51 -217980.1000000000
52 -217099.1000000000
53 -215337.1000000000
54 -214603.1000000000
55 -213891.1000000000
56 -213071.1000000000
57 -211431.1000000000
58 -211274.1000000000
59 -210803.1000000000
60 -209979.1000000000
61 -209507.1000000000
62 -208091.1000000000
63 -207369.1000000000
64 -205925.1000000000
65 -205150.1000000000
66 -204813.1000000000
67 -204139.1000000000
68 -202369.1000000000
69 -201961.1000000000
70 -201145.1000000000
71 -200737.1000000000
72 -200143.1000000000
73 -198955.1000000000
74 -198503.1000000000
75 -197966.1000000000
76 -195818.1000000000
77 -195706.1000000000
78 -195314.1000000000
79 -194922.1000000000
80 -194213.1000000000
81 -191377.1000000000
82 -191298.1000000000
83 -190376.1000000000
84 -188532.1000000000
85 -186638.1000000000
86 -184055.1000000000
87 -183118.1000000000
88 -181244.1000000000
89 -177496.1000000000
90 -175234.1000000000
91 -174362.1000000000
92 -173726.1000000000
93 -172808.1000000000
94 -171431.1000000000
95 -171041.1000000000
96 -170759.1000000000
97 -170336.1000000000
98 -169892.1000000000
99 -169559.1000000000
100 -168971.1000000000
101 -168965.1000000000
102 -168959.1000000000
103 -168649.1000000000
104 -168029.1000000000
105 -165137.1000000000
106 -162245.1000000000
107 -160076.1000000000
108 24765.6933724890
331 25119.8067274605
442 25757.0887733017
560 25884.4149834236
562 25932.0552122442
1379 26097.5622619836
5957 26393.3077433799
7497 26413.1131369280
7499 26594.6167692258
8438 26656.4445491995
10106 24765.6933724890
evaluations raw_y
1 -308292.1000000000
3 -308290.1000000000
4 -307394.1000000000
5 -303810.1000000000
6 -302342.1000000000
7 -301652.1000000000
8 -300962.1000000000
9 -299736.1000000000
10 -297284.1000000000
11 -296410.1000000000
12 -296288.1000000000
13 -295802.1000000000
14 -294830.1000000000
15 -294007.1000000000
16 -293544.1000000000
17 -293081.1000000000
18 -292492.1000000000
19 -291314.1000000000
20 -290136.1000000000
21 -289486.1000000000
22 -288186.1000000000
23 -287186.1000000000
24 -284858.1000000000
25 -284735.1000000000
26 -284379.1000000000
27 -284074.1000000000
28 -283464.1000000000
29 -283417.1000000000
30 -283323.1000000000
31 -282678.1000000000
32 -281388.1000000000
33 -280098.1000000000
34 -279851.1000000000
35 -279357.1000000000
36 -278369.1000000000
37 -277947.1000000000
38 -277847.1000000000
39 -277647.1000000000
40 -277247.1000000000
41 -277147.1000000000
42 -275893.1000000000
43 -274639.1000000000
44 -273879.1000000000
45 -272359.1000000000
46 -271583.1000000000
47 -270031.1000000000
48 -266927.1000000000
49 -265977.1000000000
50 -265040.1000000000
51 -263166.1000000000
52 -259418.1000000000
53 -259216.1000000000
54 -258092.1000000000
55 -257530.1000000000
56 -256779.1000000000
57 -256249.1000000000
58 -254129.1000000000
59 -253889.1000000000
60 -253409.1000000000
61 -252641.1000000000
62 -252610.1000000000
63 -251997.1000000000
64 -250771.1000000000
65 -248319.1000000000
66 -247706.1000000000
67 -246825.1000000000
68 -245063.1000000000
69 -244329.1000000000
70 -243617.1000000000
71 -241977.1000000000
72 -241567.1000000000
73 -241410.1000000000
74 -240939.1000000000
75 -240115.1000000000
76 -239171.1000000000
77 -237755.1000000000
78 -237033.1000000000
79 -235589.1000000000
80 -232701.1000000000
81 -231926.1000000000
82 -231555.1000000000
83 -230813.1000000000
84 -230476.1000000000
85 -229802.1000000000
86 -228917.1000000000
87 -225377.1000000000
88 -223607.1000000000
89 -223403.1000000000
90 -222809.1000000000
91 -221621.1000000000
92 -220433.1000000000
93 -219512.1000000000
94 -218975.1000000000
95 -216827.1000000000
96 -216715.1000000000
97 -215756.1000000000
98 -215364.1000000000
99 -213946.1000000000
100 -211110.1000000000
101 -210170.1000000000
102 -208290.1000000000
103 -206404.1000000000
104 -202632.1000000000
105 -202553.1000000000
106 -201631.1000000000
107 -199787.1000000000
108 -197943.1000000000
109 -197582.1000000000
110 -195688.1000000000
111 -194827.1000000000
112 -193105.1000000000
113 -189661.1000000000
114 -187078.1000000000
115 -184267.1000000000
116 -183513.1000000000
117 -182005.1000000000
118 -181369.1000000000
119 -180910.1000000000
120 -179074.1000000000
121 -177697.1000000000
122 -177307.1000000000
123 -176917.1000000000
124 -176776.1000000000
125 -176494.1000000000
126 -176272.1000000000
127 -175828.1000000000
128 -175240.1000000000
129 -174064.1000000000
130 -173909.1000000000
131 -173599.1000000000
132 -172979.1000000000
133 -172514.1000000000
134 -171791.1000000000
135 -170345.1000000000
136 -168899.1000000000
137 -168176.1000000000
138 -166007.1000000000
139 -164673.1000000000
140 -163015.1000000000
141 -162186.1000000000
142 -161699.1000000000
143 -160725.1000000000
144 25869.8159690009
719 25871.2190752474
2031 26089.6846454388
6376 26211.7500593174
7220 26239.6590216655
7377 26317.0922237895
10092 25683.9034732300
evaluations raw_y
1 -298130.1000000000
5 -297103.1000000000
6 -296736.1000000000
7 -295268.1000000000
8 -294578.1000000000
9 -293888.1000000000
10 -293275.1000000000
11 -292049.1000000000
12 -289597.1000000000
13 -288723.1000000000
14 -288235.1000000000
15 -287412.1000000000
16 -286589.1000000000
17 -286126.1000000000
18 -284948.1000000000
19 -284623.1000000000
20 -283973.1000000000
21 -282673.1000000000
22 -281698.1000000000
23 -280698.1000000000
24 -279922.1000000000
25 -278370.1000000000
26 -278065.1000000000
27 -276845.1000000000
28 -274265.1000000000
29 -272975.1000000000
30 -271987.1000000000
31 -271246.1000000000
32 -271035.1000000000
33 -270613.1000000000
34 -269980.1000000000
35 -269780.1000000000
36 -268526.1000000000
37 -267272.1000000000
38 -266512.1000000000
39 -264992.1000000000
40 -264216.1000000000
41 -263741.1000000000
42 -261841.1000000000
43 -260904.1000000000
44 -257156.1000000000
45 -256219.1000000000
46 -256017.1000000000
47 -255613.1000000000
48 -255332.1000000000
49 -254770.1000000000
50 -253646.1000000000
51 -253084.1000000000
52 -250080.1000000000
53 -248578.1000000000
54 -247518.1000000000
55 -245398.1000000000
56 -245158.1000000000
57 -244678.1000000000
58 -243910.1000000000
59 -243297.1000000000
60 -242071.1000000000
61 -239619.1000000000
62 -239006.1000000000
63 -238125.1000000000
64 -236363.1000000000
65 -234895.1000000000
66 -234528.1000000000
67 -234118.1000000000
68 -232478.1000000000
69 -232068.1000000000
70 -231911.1000000000
71 -231440.1000000000
72 -230616.1000000000
73 -230374.1000000000
74 -229902.1000000000
75 -228958.1000000000
76 -227542.1000000000
77 -226820.1000000000
78 -225376.1000000000
79 -222488.1000000000
80 -222117.1000000000
81 -221375.1000000000
82 -219891.1000000000
83 -219554.1000000000
84 -218669.1000000000
85 -215129.1000000000
86 -213359.1000000000
87 -213155.1000000000
88 -212747.1000000000
89 -211931.1000000000
90 -211523.1000000000
91 -210929.1000000000
92 -209741.1000000000
93 -207365.1000000000
94 -206177.1000000000
95 -205951.1000000000
96 -205499.1000000000
97 -204595.1000000000
98 -204369.1000000000
99 -203917.1000000000
100 -202996.1000000000
101 -202459.1000000000
102 -201385.1000000000
103 -199237.1000000000
104 -199125.1000000000
105 -197207.1000000000
106 -196815.1000000000
107 -195875.1000000000
108 -194932.1000000000
109 -193046.1000000000
110 -189274.1000000000
111 -189195.1000000000
112 -187351.1000000000
113 -186990.1000000000
114 -186043.1000000000
115 -185096.1000000000
116 -183374.1000000000
117 -180791.1000000000
118 -177043.1000000000
119 -176289.1000000000
120 -174781.1000000000
121 -173909.1000000000
122 -173273.1000000000
123 -171896.1000000000
124 -171506.1000000000
125 -171224.1000000000
126 -171113.1000000000
127 -170891.1000000000
128 -170447.1000000000
129 -169859.1000000000
130 -169271.1000000000
131 -169265.1000000000
132 -168645.1000000000
133 -168180.1000000000
134 -166734.1000000000
135 -166011.1000000000
136 -164565.1000000000
137 -163898.1000000000
138 -163069.1000000000
139 -162240.1000000000
140 -161266.1000000000
141 -160676.1000000000
142 24449.4486208712
285 25045.6715946342
426 25238.0146276404
428 25668.7652326742
708 26071.1675928620
1631 26079.8982567210
1795 26124.8890672324
1801 26136.1861911630
2945 26219.1895594109
3149 26249.8669053987
3217 26260.0730014519
4281 26370.0558600215
5408 26376.3107228409
7173 26381.6679807374
7559 26480.6905424480
8674 26503.1647202077
8759 26652.4993794524
9770 26753.1558873998
10092 24449.4486208712
evaluations raw_y
1 -254568.1000000000
5 -254149.1000000000
6 -253782.1000000000
7 -252314.1000000000
8 -251624.1000000000
9 -250398.1000000000
10 -250276.1000000000
11 -249788.1000000000
12 -249422.1000000000
13 -248936.1000000000
14 -248113.1000000000
15 -247650.1000000000
16 -246724.1000000000
17 -246135.1000000000
18 -245810.1000000000
19 -244835.1000000000
20 -243835.1000000000
21 -241507.1000000000
22 -241384.1000000000
23 -241079.1000000000
24 -239859.1000000000
25 -239812.1000000000
26 -239718.1000000000
27 -238428.1000000000
28 -237138.1000000000
29 -236891.1000000000
30 -235903.1000000000
31 -235692.1000000000
32 -234848.1000000000
33 -234215.1000000000
34 -234115.1000000000
35 -233715.1000000000
36 -233615.1000000000
37 -232839.1000000000
38 -231287.1000000000
39 -230812.1000000000
40 -229862.1000000000
41 -227962.1000000000
42 -227025.1000000000
43 -225151.1000000000
44 -221403.1000000000
45 -221302.1000000000
46 -221100.1000000000
47 -220538.1000000000
48 -219787.1000000000
49 -218285.1000000000
50 -217755.1000000000
51 -216695.1000000000
52 -216455.1000000000
53 -215975.1000000000
54 -215495.1000000000
55 -214999.1000000000
56 -214255.1000000000
57 -214224.1000000000
58 -214193.1000000000
59 -213580.1000000000
60 -212967.1000000000
61 -211499.1000000000
62 -211132.1000000000
63 -210722.1000000000
64 -210565.1000000000
65 -209937.1000000000
66 -209113.1000000000
67 -207697.1000000000
68 -206253.1000000000
69 -205478.1000000000
70 -205107.1000000000
71 -204365.1000000000
72 -203691.1000000000
73 -202806.1000000000
74 -201036.1000000000
75 -197496.1000000000
76 -195726.1000000000
77 -194910.1000000000
78 -194502.1000000000
79 -193314.1000000000
80 -190938.1000000000
81 -190712.1000000000
82 -190260.1000000000
83 -190034.1000000000
84 -189582.1000000000
85 -188661.1000000000
86 -187587.1000000000
87 -187475.1000000000
88 -187363.1000000000
89 -184486.1000000000
90 -184094.1000000000
91 -183702.1000000000
92 -182993.1000000000
93 -181107.1000000000
94 -179263.1000000000
95 -177369.1000000000
96 -176508.1000000000
97 -174786.1000000000
98 -171342.1000000000
99 -168531.1000000000
100 -166269.1000000000
101 -165633.1000000000
102 -164715.1000000000
103 -162879.1000000000
104 -162489.1000000000
105 -162099.1000000000
106 -161817.1000000000
107 -161394.1000000000
108 -161172.1000000000
109 -160862.1000000000
110 -160242.1000000000
111 25042.1046828111
549 25365.6227459346
1568 25370.1922473431
2368 25534.1417095632
2374 25557.3329816900
2380 25700.2287661985
2769 25792.0711478902
2808 25855.6858775102
3034 26134.2774338624
7238 26302.9108712004
9121 26504.0476373404
10000 25111.8760833633
evaluations raw_y
1 -285256.1000000000
2 -283341.1000000000
3 -283340.1000000000
4 -283338.1000000000
5 -283334.1000000000
6 -283332.1000000000
7 -281540.1000000000
8 -281173.1000000000
9 -280439.1000000000
10 -279749.1000000000
11 -279136.1000000000
12 -277910.1000000000
13 -275458.1000000000
14 -274584.1000000000
15 -273710.1000000000
16 -273588.1000000000
17 -273100.1000000000
18 -272734.1000000000
19 -271762.1000000000
20 -270790.1000000000
21 -270327.1000000000
22 -269401.1000000000
23 -268938.1000000000
24 -267760.1000000000
25 -266582.1000000000
26 -264582.1000000000
27 -260582.1000000000
28 -259806.1000000000
29 -259196.1000000000
30 -258891.1000000000
31 -258797.1000000000
32 -257507.1000000000
33 -257013.1000000000
34 -256025.1000000000
35 -255814.1000000000
36 -254970.1000000000
37 -254337.1000000000
38 -254237.1000000000
39 -254037.1000000000
40 -253637.1000000000
41 -253537.1000000000
42 -252910.1000000000
43 -251656.1000000000
44 -250104.1000000000
45 -247000.1000000000
46 -246063.1000000000
47 -245659.1000000000
48 -245378.1000000000
49 -244816.1000000000
50 -244065.1000000000
51 -242563.1000000000
52 -239559.1000000000
53 -239029.1000000000
54 -236909.1000000000
55 -236669.1000000000
56 -236189.1000000000
57 -235693.1000000000
58 -234925.1000000000
59 -234894.1000000000
60 -234863.1000000000
61 -233637.1000000000
62 -231185.1000000000
63 -229423.1000000000
64 -227661.1000000000
65 -226193.1000000000
66 -225783.1000000000
67 -224143.1000000000
68 -223986.1000000000
69 -223672.1000000000
70 -223200.1000000000
71 -222256.1000000000
72 -220840.1000000000
73 -220118.1000000000
74 -218674.1000000000
75 -215786.1000000000
76 -215011.1000000000
77 -214236.1000000000
78 -213865.1000000000
79 -213123.1000000000
80 -212449.1000000000
81 -211564.1000000000
82 -209794.1000000000
83 -208978.1000000000
84 -208570.1000000000
85 -207976.1000000000
86 -207524.1000000000
87 -206620.1000000000
88 -206394.1000000000
89 -205942.1000000000
90 -205021.1000000000
91 -204484.1000000000
92 -201607.1000000000
93 -201215.1000000000
94 -199797.1000000000
95 -198857.1000000000
96 -196977.1000000000
97 -196034.1000000000
98 -194148.1000000000
99 -190376.1000000000
100 -190297.1000000000
101 -189375.1000000000
102 -189014.1000000000
103 -188067.1000000000
104 -186173.1000000000
105 -185312.1000000000
106 -183590.1000000000
107 -181716.1000000000
108 -177968.1000000000
109 -175157.1000000000
110 -174285.1000000000
111 -173826.1000000000
112 -171990.1000000000
113 -170613.1000000000
114 -170223.1000000000
115 -170112.1000000000
116 -169668.1000000000
117 -168492.1000000000
118 -167904.1000000000
119 -167898.1000000000
120 -167743.1000000000
121 -167433.1000000000
122 -166710.1000000000
123 -165264.1000000000
124 -163818.1000000000
125 -161649.1000000000
126 -160315.1000000000
127 23042.6052500673
254 23785.7318803333
255 24639.9761621574
386 25099.1012483565
387 25683.3604366776
650 25721.5688524374
653 25840.0382450375
1477 25862.2821876930
1969 25945.2071590227
2114 26168.2380711960
2430 26182.2494991413
2726 26236.2051063302
3196 26440.9897270035
4203 26879.5211263252
8991 27080.6964382111
10065 23785.7318803333
evaluations raw_y
1 -278694.1000000000
3 -278693.1000000000
4 -278691.1000000000
5 -278687.1000000000
6 -278685.1000000000
7 -277789.1000000000
8 -275997.1000000000
9 -275307.1000000000
10 -274694.1000000000
11 -273468.1000000000
12 -272594.1000000000
13 -272472.1000000000
14 -272228.1000000000
15 -271740.1000000000
16 -271254.1000000000
17 -270282.1000000000
18 -269459.1000000000
19 -268533.1000000000
20 -268070.1000000000
21 -267481.1000000000
22 -267156.1000000000
23 -266506.1000000000
24 -265206.1000000000
25 -264231.1000000000
26 -262231.1000000000
27 -261926.1000000000
28 -261316.1000000000
29 -261011.1000000000
30 -260964.1000000000
31 -260776.1000000000
32 -260529.1000000000
33 -259788.1000000000
34 -259366.1000000000
35 -258733.1000000000
36 -258633.1000000000
37 -258006.1000000000
38 -256752.1000000000
39 -255992.1000000000
40 -254472.1000000000
41 -252920.1000000000
42 -251970.1000000000
43 -251033.1000000000
44 -249159.1000000000
45 -245411.1000000000
46 -244474.1000000000
47 -244373.1000000000
48 -244171.1000000000
49 -243767.1000000000
50 -243016.1000000000
51 -241514.1000000000
52 -240984.1000000000
53 -240744.1000000000
54 -240264.1000000000
55 -239784.1000000000
56 -239536.1000000000
57 -238792.1000000000
58 -238730.1000000000
59 -238117.1000000000
60 -237504.1000000000
61 -235742.1000000000
62 -235030.1000000000
63 -234620.1000000000
64 -233800.1000000000
65 -232160.1000000000
66 -231846.1000000000
67 -231375.1000000000
68 -230551.1000000000
69 -230309.1000000000
70 -229837.1000000000
71 -228893.1000000000
72 -227449.1000000000
73 -224561.1000000000
74 -223786.1000000000
75 -223044.1000000000
76 -221560.1000000000
77 -221223.1000000000
78 -220886.1000000000
79 -219116.1000000000
80 -215576.1000000000
81 -215168.1000000000
82 -214352.1000000000
83 -211976.1000000000
84 -210788.1000000000
85 -210336.1000000000
86 -209432.1000000000
87 -208980.1000000000
88 -208443.1000000000
89 -207369.1000000000
90 -206410.1000000000
91 -203533.1000000000
92 -203141.1000000000
93 -202432.1000000000
94 -199596.1000000000
95 -198656.1000000000
96 -196770.1000000000
97 -196691.1000000000
98 -194847.1000000000
99 -193003.1000000000
100 -191109.1000000000
101 -190162.1000000000
102 -188440.1000000000
103 -185857.1000000000
104 -185103.1000000000
105 -184231.1000000000
106 -183772.1000000000
107 -182854.1000000000
108 -181018.1000000000
109 -179641.1000000000
110 -179359.1000000000
111 -178915.1000000000
112 -178327.1000000000
113 -178321.1000000000
114 -177701.1000000000
115 -176978.1000000000
116 -175532.1000000000
117 -172640.1000000000
118 -171194.1000000000
119 -169748.1000000000
120 -169081.1000000000
121 -167747.1000000000
122 -166413.1000000000
123 -164755.1000000000
124 -161439.1000000000
125 -160465.1000000000
126 24262.6405771498
129 25686.3019206863
138 25999.1650313683
275 26000.4318095696
839 26144.9029706701
2158 26156.1195397351
2769 26227.3026227900
2804 26758.1412412874
3739 26959.4723986594
5126 27021.8042126291
10000 25864.7051671522
evaluations raw_y
1 -277666.1000000000
3 -277665.1000000000
4 -277663.1000000000
5 -276767.1000000000
6 -276400.1000000000
7 -275666.1000000000
8 -274976.1000000000
9 -273750.1000000000
10 -272876.1000000000
11 -272754.1000000000
12 -272268.1000000000
13 -271445.1000000000
14 -270982.1000000000
15 -270393.1000000000
16 -269215.1000000000
17 -268565.1000000000
18 -267565.1000000000
19 -265565.1000000000
20 -264013.1000000000
21 -263403.1000000000
22 -263264.1000000000
23 -262770.1000000000
24 -262029.1000000000
25 -261818.1000000000
26 -260974.1000000000
27 -260341.1000000000
28 -260241.1000000000
29 -259841.1000000000
30 -258587.1000000000
31 -257827.1000000000
32 -257051.1000000000
33 -253947.1000000000
34 -252047.1000000000
35 -251110.1000000000
36 -247362.1000000000
37 -246425.1000000000
38 -246324.1000000000
39 -246122.1000000000
40 -245718.1000000000
41 -245516.1000000000
42 -245235.1000000000
43 -244484.1000000000
44 -243954.1000000000
45 -242894.1000000000
46 -242654.1000000000
47 -242174.1000000000
48 -241926.1000000000
49 -241430.1000000000
50 -241399.1000000000
51 -240518.1000000000
52 -238756.1000000000
53 -238022.1000000000
54 -237655.1000000000
55 -236943.1000000000
56 -236533.1000000000
57 -236123.1000000000
58 -235966.1000000000
59 -235338.1000000000
60 -234867.1000000000
61 -234395.1000000000
62 -232951.1000000000
63 -232176.1000000000
64 -231401.1000000000
65 -231030.1000000000
66 -229260.1000000000
67 -227490.1000000000
68 -226674.1000000000
69 -226266.1000000000
70 -225672.1000000000
71 -224484.1000000000
72 -222108.1000000000
73 -221882.1000000000
74 -220978.1000000000
75 -220526.1000000000
76 -219989.1000000000
77 -218915.1000000000
78 -216767.1000000000
79 -216655.1000000000
80 -216543.1000000000
81 -215584.1000000000
82 -213666.1000000000
83 -210789.1000000000
84 -210397.1000000000
85 -207561.1000000000
86 -206621.1000000000
87 -202849.1000000000
88 -202770.1000000000
89 -201848.1000000000
90 -200004.1000000000
91 -199643.1000000000
92 -198696.1000000000
93 -196802.1000000000
94 -195855.1000000000
95 -192411.1000000000
96 -189828.1000000000
97 -187954.1000000000
98 -185143.1000000000
99 -182881.1000000000
100 -182009.1000000000
101 -181373.1000000000
102 -180914.1000000000
103 -179537.1000000000
104 -179147.1000000000
105 -179006.1000000000
106 -178784.1000000000
107 -178340.1000000000
108 -178007.1000000000
109 -177419.1000000000
110 -177413.1000000000
111 -176948.1000000000
112 -176225.1000000000
113 -174779.1000000000
114 -174056.1000000000
115 -171164.1000000000
116 -168995.1000000000
117 -168328.1000000000
118 -166670.1000000000
119 -163354.1000000000
120 -162867.1000000000
121 -161893.1000000000
122 -160713.1000000000
123 24589.8984276358
246 25307.7810657397
383 25758.4443456875
877 26303.4744814085
1244 26517.1140052325
3056 26834.4951239648
8696 26935.1612951639
10000 25451.4800222855
evaluations raw_y
1 -295260.1000000000
2 -294978.1000000000
3 -294977.1000000000
4 -294973.1000000000
5 -294077.1000000000
6 -290493.1000000000
7 -290126.1000000000
8 -289392.1000000000
9 -287924.1000000000
10 -287234.1000000000
11 -284782.1000000000
12 -283908.1000000000
13 -283420.1000000000
14 -282934.1000000000
15 -281962.1000000000
16 -280990.1000000000
17 -280527.1000000000
18 -279938.1000000000
19 -278760.1000000000
20 -277582.1000000000
21 -275582.1000000000
22 -271582.1000000000
23 -270030.1000000000
24 -269420.1000000000
25 -268200.1000000000
26 -268153.1000000000
27 -266863.1000000000
28 -264283.1000000000
29 -262993.1000000000
30 -262854.1000000000
31 -262607.1000000000
32 -261619.1000000000
33 -261408.1000000000
34 -260986.1000000000
35 -260142.1000000000
36 -259509.1000000000
37 -259409.1000000000
38 -259209.1000000000
39 -258582.1000000000
40 -257822.1000000000
41 -256302.1000000000
42 -255526.1000000000
43 -253974.1000000000
44 -252074.1000000000
45 -251137.1000000000
46 -250733.1000000000
47 -250452.1000000000
48 -249328.1000000000
49 -248766.1000000000
50 -245762.1000000000
51 -245232.1000000000
52 -244992.1000000000
53 -244496.1000000000
54 -243752.1000000000
55 -243690.1000000000
56 -243659.1000000000
57 -243046.1000000000
58 -241820.1000000000
59 -239368.1000000000
60 -238755.1000000000
61 -238388.1000000000
62 -237654.1000000000
63 -236186.1000000000
64 -235819.1000000000
65 -235107.1000000000
66 -234950.1000000000
67 -234126.1000000000
68 -233884.1000000000
69 -232940.1000000000
70 -231524.1000000000
71 -230802.1000000000
72 -229358.1000000000
73 -226470.1000000000
74 -225695.1000000000
75 -225324.1000000000
76 -223840.1000000000
77 -223503.1000000000
78 -222829.1000000000
79 -221944.1000000000
80 -218404.1000000000
81 -217996.1000000000
82 -217180.1000000000
83 -216772.1000000000
84 -216178.1000000000
85 -214990.1000000000
86 -212614.1000000000
87 -212162.1000000000
88 -211936.1000000000
89 -211399.1000000000
90 -209251.1000000000
91 -208859.1000000000
92 -208467.1000000000
93 -207049.1000000000
94 -204213.1000000000
95 -203273.1000000000
96 -201393.1000000000
97 -201314.1000000000
98 -200392.1000000000
99 -198548.1000000000
100 -198187.1000000000
101 -197240.1000000000
102 -196379.1000000000
103 -194657.1000000000
104 -191213.1000000000
105 -188630.1000000000
106 -187693.1000000000
107 -185819.1000000000
108 -182071.1000000000
109 -179260.1000000000
110 -178506.1000000000
111 -176998.1000000000
112 -175162.1000000000
113 -173785.1000000000
114 -173395.1000000000
115 -173254.1000000000
116 -172831.1000000000
117 -172720.1000000000
118 -172387.1000000000
119 -171799.1000000000
120 -171211.1000000000
121 -171205.1000000000
122 -171050.1000000000
123 -170740.1000000000
124 -170275.1000000000
125 -169552.1000000000
126 -168106.1000000000
127 -167383.1000000000
128 -165214.1000000000
129 -164385.1000000000
130 -162727.1000000000
131 25287.9539180324
132 25471.0130960007
136 25714.3499012665
426 25836.4109563544
3507 26043.4040761126
5596 26244.6586503749
10056 24410.8157036063
evaluations raw_y
1 -287592.1000000000
2 -286956.1000000000
3 -286954.1000000000
4 -286950.1000000000
5 -286054.1000000000
6 -284262.1000000000
7 -280678.1000000000
8 -280311.1000000000
9 -279577.1000000000
10 -278887.1000000000
11 -276435.1000000000
12 -275561.1000000000
13 -275317.1000000000
14 -274951.1000000000
15 -274128.1000000000
16 -273665.1000000000
17 -273076.1000000000
18 -271898.1000000000
19 -271248.1000000000
20 -269948.1000000000
21 -265948.1000000000
22 -264396.1000000000
23 -262068.1000000000
24 -261712.1000000000
25 -261407.1000000000
26 -260797.1000000000
27 -260492.1000000000
28 -260445.1000000000
29 -260351.1000000000
30 -257771.1000000000
31 -256481.1000000000
32 -256342.1000000000
33 -256095.1000000000
34 -255601.1000000000
35 -254613.1000000000
36 -253872.1000000000
37 -253450.1000000000
38 -253350.1000000000
39 -253150.1000000000
40 -253050.1000000000
41 -252423.1000000000
42 -251663.1000000000
43 -250887.1000000000
44 -249335.1000000000
45 -246231.1000000000
46 -245756.1000000000
47 -244806.1000000000
48 -243869.1000000000
49 -241995.1000000000
50 -241058.1000000000
51 -240856.1000000000
52 -239732.1000000000
53 -239170.1000000000
54 -236166.1000000000
55 -234664.1000000000
56 -234134.1000000000
57 -233074.1000000000
58 -232834.1000000000
59 -232354.1000000000
60 -231874.1000000000
61 -231626.1000000000
62 -230858.1000000000
63 -230796.1000000000
64 -229034.1000000000
65 -227272.1000000000
66 -226905.1000000000
67 -226193.1000000000
68 -225783.1000000000
69 -224143.1000000000
70 -223733.1000000000
71 -223262.1000000000
72 -222438.1000000000
73 -222196.1000000000
74 -221724.1000000000
75 -220780.1000000000
76 -220058.1000000000
77 -217170.1000000000
78 -215686.1000000000
79 -215349.1000000000
80 -213579.1000000000
81 -210039.1000000000
82 -208269.1000000000
83 -208065.1000000000
84 -207657.1000000000
85 -207249.1000000000
86 -206655.1000000000
87 -206203.1000000000
88 -205977.1000000000
89 -205056.1000000000
90 -204519.1000000000
91 -202371.1000000000
92 -200453.1000000000
93 -197576.1000000000
94 -196158.1000000000
95 -194272.1000000000
96 -190500.1000000000
97 -189578.1000000000
98 -187734.1000000000
99 -185840.1000000000
100 -184979.1000000000
101 -181535.1000000000
102 -178952.1000000000
103 -178015.1000000000
104 -175204.1000000000
105 -174450.1000000000
106 -172942.1000000000
107 -172070.1000000000
108 -171611.1000000000
109 -170693.1000000000
110 -168857.1000000000
111 -167480.1000000000
112 -167090.1000000000
113 -166949.1000000000
114 -166526.1000000000
115 -166415.1000000000
116 -166193.1000000000
117 -165605.1000000000
118 -164429.1000000000
119 -164423.1000000000
120 -164268.1000000000
121 -163648.1000000000
122 -163183.1000000000
123 -161737.1000000000
124 -160291.1000000000
125 24544.8919248262
256 24903.3696141470
258 25484.1221404470
261 25495.4052075434
1065 25624.9265227927
1868 25671.4910545564
1889 25742.1876915076
6488 26003.8387845910
10037 24544.8919248262
evaluations raw_y
1 -284203.1000000000
2 -282367.1000000000
3 -282365.1000000000
4 -281469.1000000000
5 -279677.1000000000
6 -276093.1000000000
7 -275726.1000000000
8 -275036.1000000000
9 -274423.1000000000
10 -274179.1000000000
11 -273693.1000000000
12 -272721.1000000000
13 -271749.1000000000
14 -270823.1000000000
15 -270360.1000000000
16 -269385.1000000000
17 -268385.1000000000
18 -266385.1000000000
19 -262385.1000000000
20 -260057.1000000000
21 -259752.1000000000
22 -258532.1000000000
23 -258227.1000000000
24 -258039.1000000000
25 -256749.1000000000
26 -254169.1000000000
27 -253428.1000000000
28 -253217.1000000000
29 -252373.1000000000
30 -252173.1000000000
31 -251773.1000000000
32 -251673.1000000000
33 -250153.1000000000
34 -247049.1000000000
35 -246574.1000000000
36 -244674.1000000000
37 -240926.1000000000
38 -239989.1000000000
39 -239888.1000000000
40 -239686.1000000000
41 -239484.1000000000
42 -239203.1000000000
43 -238641.1000000000
44 -238079.1000000000
45 -237328.1000000000
46 -235826.1000000000
47 -234324.1000000000
48 -233794.1000000000
49 -233554.1000000000
50 -232810.1000000000
51 -232748.1000000000
52 -232717.1000000000
53 -232104.1000000000
54 -230878.1000000000
55 -229997.1000000000
56 -228235.1000000000
57 -226473.1000000000
58 -226106.1000000000
59 -225372.1000000000
60 -223904.1000000000
61 -223192.1000000000
62 -222782.1000000000
63 -222625.1000000000
64 -221681.1000000000
65 -220237.1000000000
66 -217349.1000000000
67 -216574.1000000000
68 -215900.1000000000
69 -214130.1000000000
70 -212360.1000000000
71 -211952.1000000000
72 -209576.1000000000
73 -209350.1000000000
74 -208898.1000000000
75 -208672.1000000000
76 -208220.1000000000
77 -207299.1000000000
78 -206762.1000000000
79 -206650.1000000000
80 -206258.1000000000
81 -205549.1000000000
82 -202713.1000000000
83 -201773.1000000000
84 -200830.1000000000
85 -200751.1000000000
86 -199829.1000000000
87 -197985.1000000000
88 -196141.1000000000
89 -195194.1000000000
90 -193300.1000000000
91 -192439.1000000000
92 -190717.1000000000
93 -188134.1000000000
94 -184386.1000000000
95 -181575.1000000000
96 -180821.1000000000
97 -179313.1000000000
98 -177051.1000000000
99 -176592.1000000000
100 -175215.1000000000
101 -174933.1000000000
102 -174510.1000000000
103 -174399.1000000000
104 -174177.1000000000
105 -173589.1000000000
106 -172413.1000000000
107 -172407.1000000000
108 -172252.1000000000
109 -171529.1000000000
110 -168637.1000000000
111 -167191.1000000000
112 -166468.1000000000
113 -163576.1000000000
114 -161918.1000000000
115 24369.2727683884
116 24806.9653476551
585 25191.5105694912
711 25338.0356975296
713 25538.1223381909
836 25577.8049860818
1597 25649.5406280731
1854 25896.0250860543
3936 26061.5465003895
8225 26066.4504362603
8438 26112.0115240015
10058 24369.2727683884
evaluations raw_y
1 -269132.1000000000
9 -268942.1000000000
10 -268698.1000000000
11 -268212.1000000000
12 -267389.1000000000
13 -266926.1000000000
14 -266337.1000000000
15 -265159.1000000000
16 -264834.1000000000
17 -264184.1000000000
18 -262884.1000000000
19 -261909.1000000000
20 -260909.1000000000
21 -258909.1000000000
22 -254909.1000000000
23 -254133.1000000000
24 -252581.1000000000
25 -250253.1000000000
26 -249948.1000000000
27 -248728.1000000000
28 -248681.1000000000
29 -248587.1000000000
30 -248399.1000000000
31 -247754.1000000000
32 -246464.1000000000
33 -245723.1000000000
34 -245512.1000000000
35 -245090.1000000000
36 -244246.1000000000
37 -243613.1000000000
38 -243513.1000000000
39 -243413.1000000000
40 -242786.1000000000
41 -242026.1000000000
42 -240506.1000000000
43 -239730.1000000000
44 -238178.1000000000
45 -236278.1000000000
46 -235341.1000000000
47 -233467.1000000000
48 -232530.1000000000
49 -232429.1000000000
50 -232227.1000000000
51 -231823.1000000000
52 -231621.1000000000
53 -231340.1000000000
54 -230589.1000000000
55 -229087.1000000000
56 -226083.1000000000
57 -225843.1000000000
58 -225363.1000000000
59 -224619.1000000000
60 -224588.1000000000
61 -223362.1000000000
62 -222481.1000000000
63 -222114.1000000000
64 -221747.1000000000
65 -221337.1000000000
66 -220513.1000000000
67 -220271.1000000000
68 -219799.1000000000
69 -218383.1000000000
70 -217661.1000000000
71 -216217.1000000000
72 -213329.1000000000
73 -212958.1000000000
74 -212216.1000000000
75 -210732.1000000000
76 -210395.1000000000
77 -209510.1000000000
78 -207740.1000000000
79 -207536.1000000000
80 -206720.1000000000
81 -206312.1000000000
82 -205718.1000000000
83 -205492.1000000000
84 -205266.1000000000
85 -204814.1000000000
86 -203893.1000000000
87 -203356.1000000000
88 -202282.1000000000
89 -200364.1000000000
90 -197487.1000000000
91 -197095.1000000000
92 -196703.1000000000
93 -195760.1000000000
94 -191988.1000000000
95 -191909.1000000000
96 -190065.1000000000
97 -188221.1000000000
98 -187284.1000000000
99 -185776.1000000000
100 -184904.1000000000
101 -183068.1000000000
102 -181691.1000000000
103 -181550.1000000000
104 -181439.1000000000
105 -181217.1000000000
106 -180773.1000000000
107 -180440.1000000000
108 -179264.1000000000
109 -178676.1000000000
110 -178670.1000000000
111 -178664.1000000000
112 -178509.1000000000
113 -178044.1000000000
114 -176598.1000000000
115 -173706.1000000000
116 -172983.1000000000
117 -171537.1000000000
118 -169368.1000000000
119 -168701.1000000000
120 -167367.1000000000
121 -166033.1000000000
122 -165204.1000000000
123 -161888.1000000000
124 -161059.1000000000
125 -160572.1000000000
126 25554.6276943205
1514 25566.1644982531
1890 25976.8105556629
3597 25984.4701497186
4402 26088.7858970226
8276 26191.4654523673
9758 26361.8592351371
10108 25554.6276943205
evaluations raw_y
1 -284782.1000000000
6 -281855.1000000000
7 -281121.1000000000
8 -280431.1000000000
9 -279741.1000000000
10 -279128.1000000000
11 -276676.1000000000
12 -275802.1000000000
13 -275680.1000000000
14 -275436.1000000000
15 -274948.1000000000
16 -274462.1000000000
17 -273639.1000000000
18 -273176.1000000000
19 -272587.1000000000
20 -271409.1000000000
21 -270759.1000000000
22 -269784.1000000000
23 -268784.1000000000
24 -264784.1000000000
25 -264008.1000000000
26 -262456.1000000000
27 -260128.1000000000
28 -259772.1000000000
29 -259467.1000000000
30 -258247.1000000000
31 -258200.1000000000
32 -258106.1000000000
33 -257918.1000000000
34 -257273.1000000000
35 -254693.1000000000
36 -253403.1000000000
37 -253264.1000000000
38 -253017.1000000000
39 -252029.1000000000
40 -251607.1000000000
41 -251507.1000000000
42 -251307.1000000000
43 -251207.1000000000
44 -250580.1000000000
45 -249326.1000000000
46 -247806.1000000000
47 -244702.1000000000
48 -244227.1000000000
49 -242327.1000000000
50 -241390.1000000000
51 -241289.1000000000
52 -241087.1000000000
53 -240336.1000000000
54 -238834.1000000000
55 -235830.1000000000
56 -234328.1000000000
57 -233798.1000000000
58 -232738.1000000000
59 -230618.1000000000
60 -230587.1000000000
61 -230525.1000000000
62 -228763.1000000000
63 -228029.1000000000
64 -227317.1000000000
65 -226907.1000000000
66 -226087.1000000000
67 -224447.1000000000
68 -224037.1000000000
69 -223880.1000000000
70 -223566.1000000000
71 -222742.1000000000
72 -222500.1000000000
73 -222028.1000000000
74 -221084.1000000000
75 -219668.1000000000
76 -218946.1000000000
77 -216058.1000000000
78 -215721.1000000000
79 -212181.1000000000
80 -210411.1000000000
81 -210003.1000000000
82 -209409.1000000000
83 -208221.1000000000
84 -205845.1000000000
85 -204657.1000000000
86 -204431.1000000000
87 -203979.1000000000
88 -203075.1000000000
89 -202849.1000000000
90 -202397.1000000000
91 -201323.1000000000
92 -201211.1000000000
93 -201099.1000000000
94 -199181.1000000000
95 -198241.1000000000
96 -197298.1000000000
97 -193526.1000000000
98 -193447.1000000000
99 -193368.1000000000
100 -192446.1000000000
101 -191499.1000000000
102 -189605.1000000000
103 -188658.1000000000
104 -187797.1000000000
105 -186075.1000000000
106 -182631.1000000000
107 -180048.1000000000
108 -178174.1000000000
109 -175363.1000000000
110 -174609.1000000000
111 -172347.1000000000
112 -171711.1000000000
113 -171252.1000000000
114 -169875.1000000000
115 -169485.1000000000
116 -169095.1000000000
117 -168813.1000000000
118 -168225.1000000000
119 -167637.1000000000
120 -167631.1000000000
121 -167166.1000000000
122 -166443.1000000000
123 -164997.1000000000
124 -163551.1000000000
125 -162105.1000000000
126 25875.4121105613
2678 26008.8658946522
3530 26197.9973661740
10060 25875.4121105613
evaluations raw_y
1 -278367.1000000000
4 -277233.1000000000
5 -276499.1000000000
6 -275031.1000000000
7 -274341.1000000000
8 -273728.1000000000
9 -271276.1000000000
10 -270402.1000000000
11 -270280.1000000000
12 -270036.1000000000
13 -269670.1000000000
14 -268698.1000000000
15 -267726.1000000000
16 -266903.1000000000
17 -266080.1000000000
18 -265617.1000000000
19 -264691.1000000000
20 -264228.1000000000
21 -263050.1000000000
22 -262400.1000000000
23 -261425.1000000000
24 -260425.1000000000
25 -256425.1000000000
26 -254873.1000000000
27 -254568.1000000000
28 -253958.1000000000
29 -252738.1000000000
30 -252644.1000000000
31 -250064.1000000000
32 -249925.1000000000
33 -249678.1000000000
34 -248690.1000000000
35 -248479.1000000000
36 -247635.1000000000
37 -247002.1000000000
38 -246902.1000000000
39 -246502.1000000000
40 -245875.1000000000
41 -244621.1000000000
42 -243861.1000000000
43 -240757.1000000000
44 -239820.1000000000
45 -237946.1000000000
46 -234198.1000000000
47 -234097.1000000000
48 -233895.1000000000
49 -233333.1000000000
50 -232209.1000000000
51 -231458.1000000000
52 -228454.1000000000
53 -226952.1000000000
54 -226422.1000000000
55 -226182.1000000000
56 -223730.1000000000
57 -223117.1000000000
58 -221355.1000000000
59 -220621.1000000000
60 -219153.1000000000
61 -218786.1000000000
62 -218376.1000000000
63 -217556.1000000000
64 -215916.1000000000
65 -215674.1000000000
66 -215202.1000000000
67 -213786.1000000000
68 -213011.1000000000
69 -212640.1000000000
70 -211898.1000000000
71 -210414.1000000000
72 -210077.1000000000
73 -209740.1000000000
74 -208855.1000000000
75 -207085.1000000000
76 -203545.1000000000
77 -201775.1000000000
78 -201367.1000000000
79 -200773.1000000000
80 -198397.1000000000
81 -198171.1000000000
82 -197945.1000000000
83 -196871.1000000000
84 -196759.1000000000
85 -193882.1000000000
86 -193490.1000000000
87 -193098.1000000000
88 -192389.1000000000
89 -190971.1000000000
90 -188135.1000000000
91 -187195.1000000000
92 -185315.1000000000
93 -185236.1000000000
94 -183392.1000000000
95 -181548.1000000000
96 -181187.1000000000
97 -179293.1000000000
98 -178432.1000000000
99 -176710.1000000000
100 -172962.1000000000
101 -171454.1000000000
102 -170818.1000000000
103 -170359.1000000000
104 -169969.1000000000
105 -169828.1000000000
106 -169405.1000000000
107 -169294.1000000000
108 -168961.1000000000
109 -167785.1000000000
110 -167779.1000000000
111 -167624.1000000000
112 -167314.1000000000
113 -166694.1000000000
114 -165971.1000000000
115 -163079.1000000000
116 -161633.1000000000
117 -160966.1000000000
118 25617.2841381438
1660 26313.7536672916
10051 25617.2841381438
evaluations raw_y
1 -277662.1000000000
5 -276963.1000000000
6 -275171.1000000000
7 -274481.1000000000
8 -273255.1000000000
9 -270803.1000000000
10 -269929.1000000000
11 -269685.1000000000
12 -269319.1000000000
13 -268347.1000000000
14 -267375.1000000000
15 -266552.1000000000
16 -266089.1000000000
17 -265626.1000000000
18 -265037.1000000000
19 -263859.1000000000
20 -263534.1000000000
21 -262884.1000000000
22 -261584.1000000000
23 -260609.1000000000
24 -259609.1000000000
25 -257609.1000000000
26 -256833.1000000000
27 -255281.1000000000
28 -255158.1000000000
29 -254802.1000000000
30 -254497.1000000000
31 -253887.1000000000
32 -253840.1000000000
33 -251260.1000000000
34 -250766.1000000000
35 -249778.1000000000
36 -248934.1000000000
37 -248834.1000000000
38 -248207.1000000000
39 -246953.1000000000
40 -245699.1000000000
41 -244923.1000000000
42 -244448.1000000000
43 -243498.1000000000
44 -241598.1000000000
45 -240661.1000000000
46 -238787.1000000000
47 -235039.1000000000
48 -234102.1000000000
49 -234001.1000000000
50 -233799.1000000000
51 -233518.1000000000
52 -232956.1000000000
53 -232394.1000000000
54 -230892.1000000000
55 -229832.1000000000
56 -229336.1000000000
57 -228592.1000000000
58 -227824.1000000000
59 -227793.1000000000
60 -226567.1000000000
61 -224805.1000000000
62 -224071.1000000000
63 -223359.1000000000
64 -221719.1000000000
65 -221309.1000000000
66 -221152.1000000000
67 -220838.1000000000
68 -220210.1000000000
69 -219739.1000000000
70 -218915.1000000000
71 -218673.1000000000
72 -217729.1000000000
73 -216313.1000000000
74 -214869.1000000000
75 -211981.1000000000
76 -211206.1000000000
77 -210835.1000000000
78 -209351.1000000000
79 -209014.1000000000
80 -208340.1000000000
81 -208003.1000000000
82 -207118.1000000000
83 -205348.1000000000
84 -201808.1000000000
85 -200038.1000000000
86 -199834.1000000000
87 -199426.1000000000
88 -199018.1000000000
89 -196642.1000000000
90 -195738.1000000000
91 -195201.1000000000
92 -194127.1000000000
93 -191979.1000000000
94 -190061.1000000000
95 -187184.1000000000
96 -185766.1000000000
97 -184826.1000000000
98 -184747.1000000000
99 -184668.1000000000
100 -183746.1000000000
101 -183385.1000000000
102 -182438.1000000000
103 -180544.1000000000
104 -179683.1000000000
105 -177961.1000000000
106 -174517.1000000000
107 -173580.1000000000
108 -171706.1000000000
109 -170952.1000000000
110 -169444.1000000000
111 -167182.1000000000
112 -166310.1000000000
113 -165674.1000000000
114 -164756.1000000000
115 -162920.1000000000
116 -162530.1000000000
117 -162140.1000000000
118 -161999.1000000000
119 -161717.1000000000
120 -161606.1000000000
121 -161018.1000000000
122 -161012.1000000000
123 -161006.1000000000
124 -160851.1000000000
125 -160231.1000000000
126 25738.8736137940
256 25981.5585815910
1137 26308.7987263698
4682 26364.1988342181
5103 26667.5074893375
9214 26671.8980610080
9328 26770.7470989726
9724 26871.3681638793
10061 25738.8736137940
evaluations raw_y
1 -279789.1000000000
3 -279785.1000000000
4 -279783.1000000000
5 -278887.1000000000
6 -277095.1000000000
7 -273511.1000000000
8 -273144.1000000000
9 -272410.1000000000
10 -271797.1000000000
11 -270923.1000000000
12 -270801.1000000000
13 -270435.1000000000
14 -269949.1000000000
15 -269486.1000000000
16 -268308.1000000000
17 -267130.1000000000
18 -266805.1000000000
19 -266155.1000000000
20 -264855.1000000000
21 -263855.1000000000
22 -261855.1000000000
23 -257855.1000000000
24 -257499.1000000000
25 -257405.1000000000
26 -257217.1000000000
27 -255927.1000000000
28 -254637.1000000000
29 -254143.1000000000
30 -253402.1000000000
31 -252980.1000000000
32 -252347.1000000000
33 -252247.1000000000
34 -252047.1000000000
35 -251947.1000000000
36 -250693.1000000000
37 -249933.1000000000
38 -248413.1000000000
39 -246861.1000000000
40 -246386.1000000000
41 -245436.1000000000
42 -243536.1000000000
43 -242599.1000000000
44 -238851.1000000000
45 -237914.1000000000
46 -237712.1000000000
47 -237308.1000000000
48 -237106.1000000000
49 -236825.1000000000
50 -236074.1000000000
51 -234572.1000000000
52 -231568.1000000000
53 -231328.1000000000
54 -230848.1000000000
55 -230352.1000000000
56 -229608.1000000000
57 -229577.1000000000
58 -229546.1000000000
59 -228933.1000000000
60 -228320.1000000000
61 -227439.1000000000
62 -225971.1000000000
63 -225604.1000000000
64 -224784.1000000000
65 -224627.1000000000
66 -224156.1000000000
67 -223332.1000000000
68 -222860.1000000000
69 -221916.1000000000
70 -220500.1000000000
71 -219056.1000000000
72 -218281.1000000000
73 -217506.1000000000
74 -217135.1000000000
75 -216393.1000000000
76 -215719.1000000000
77 -214834.1000000000
78 -213064.1000000000
79 -211294.1000000000
80 -210478.1000000000
81 -209290.1000000000
82 -208386.1000000000
83 -207465.1000000000
84 -206928.1000000000
85 -205854.1000000000
86 -203936.1000000000
87 -203544.1000000000
88 -203152.1000000000
89 -202443.1000000000
90 -201025.1000000000
91 -198189.1000000000
92 -197249.1000000000
93 -195369.1000000000
94 -195290.1000000000
95 -193446.1000000000
96 -191602.1000000000
97 -190655.1000000000
98 -188761.1000000000
99 -187814.1000000000
100 -186953.1000000000
101 -185231.1000000000
102 -181483.1000000000
103 -180729.1000000000
104 -179221.1000000000
105 -176959.1000000000
106 -176087.1000000000
107 -175451.1000000000
108 -174992.1000000000
109 -174404.1000000000
110 -174398.1000000000
111 -174392.1000000000
112 -174237.1000000000
113 -173514.1000000000
114 -170622.1000000000
115 -169899.1000000000
116 -168453.1000000000
117 -165561.1000000000
118 -164227.1000000000
119 -162893.1000000000
120 -162064.1000000000
121 -160406.1000000000
122 26089.4740684075
2100 26383.3114935053
2800 26597.4854634383
8787 26702.0133560937
10036 26089.4740684075
evaluations raw_y
1 -268404.1000000000
7 -266369.1000000000
8 -266002.1000000000
9 -265268.1000000000
10 -264578.1000000000
11 -263352.1000000000
12 -263108.1000000000
13 -262742.1000000000
14 -262256.1000000000
15 -261284.1000000000
16 -260358.1000000000
17 -259895.1000000000
18 -259306.1000000000
19 -258128.1000000000
20 -256950.1000000000
21 -255975.1000000000
22 -254975.1000000000
23 -252975.1000000000
24 -250647.1000000000
25 -250037.1000000000
26 -248817.1000000000
27 -247527.1000000000
28 -246237.1000000000
29 -246098.1000000000
30 -245851.1000000000
31 -245110.1000000000
32 -244899.1000000000
33 -244477.1000000000
34 -243844.1000000000
35 -243444.1000000000
36 -242817.1000000000
37 -242057.1000000000
38 -241582.1000000000
39 -239682.1000000000
40 -237808.1000000000
41 -237606.1000000000
42 -237202.1000000000
43 -236640.1000000000
44 -235516.1000000000
45 -234954.1000000000
46 -233452.1000000000
47 -232392.1000000000
48 -230272.1000000000
49 -229792.1000000000
50 -229544.1000000000
51 -229048.1000000000
52 -228304.1000000000
53 -227691.1000000000
54 -225239.1000000000
55 -224358.1000000000
56 -222596.1000000000
57 -222229.1000000000
58 -220761.1000000000
59 -220049.1000000000
60 -219229.1000000000
61 -217589.1000000000
62 -217432.1000000000
63 -216804.1000000000
64 -216562.1000000000
65 -216090.1000000000
66 -215146.1000000000
67 -214424.1000000000
68 -212980.1000000000
69 -212205.1000000000
70 -211834.1000000000
71 -210350.1000000000
72 -209676.1000000000
73 -209339.1000000000
74 -208454.1000000000
75 -206684.1000000000
76 -203144.1000000000
77 -202940.1000000000
78 -202124.1000000000
79 -201716.1000000000
80 -201122.1000000000
81 -199934.1000000000
82 -197558.1000000000
83 -197106.1000000000
84 -196202.1000000000
85 -195750.1000000000
86 -194829.1000000000
87 -194292.1000000000
88 -193218.1000000000
89 -193106.1000000000
90 -192994.1000000000
91 -192602.1000000000
92 -191893.1000000000
93 -190475.1000000000
94 -187639.1000000000
95 -186696.1000000000
96 -184810.1000000000
97 -181038.1000000000
98 -180959.1000000000
99 -179115.1000000000
100 -178754.1000000000
101 -177807.1000000000
102 -176860.1000000000
103 -175138.1000000000
104 -172555.1000000000
105 -171618.1000000000
106 -168807.1000000000
107 -168053.1000000000
108 -166545.1000000000
109 -165673.1000000000
110 -165037.1000000000
111 -164401.1000000000
112 -162565.1000000000
113 -162343.1000000000
114 -162010.1000000000
115 25219.5327308583
463 25660.3807396983
1159 26144.5974255704
1534 26170.6082472412
1813 26429.3128403953
6762 26719.6058898930
10043 25219.5327308583
evaluations raw_y
1 -257035.1000000000
3 -257033.1000000000
4 -255565.1000000000
5 -254952.1000000000
6 -252500.1000000000
7 -251626.1000000000
8 -250752.1000000000
9 -250630.1000000000
10 -250386.1000000000
11 -249898.1000000000
12 -249532.1000000000
13 -248560.1000000000
14 -247588.1000000000
15 -246765.1000000000
16 -246302.1000000000
17 -245376.1000000000
18 -244787.1000000000
19 -243609.1000000000
20 -243284.1000000000
21 -241984.1000000000
22 -240984.1000000000
23 -236984.1000000000
24 -236208.1000000000
25 -234656.1000000000
26 -234533.1000000000
27 -234177.1000000000
28 -233872.1000000000
29 -233262.1000000000
30 -232957.1000000000
31 -232312.1000000000
32 -231022.1000000000
33 -230883.1000000000
34 -230389.1000000000
35 -229401.1000000000
36 -228979.1000000000
37 -228135.1000000000
38 -227502.1000000000
39 -227402.1000000000
40 -227202.1000000000
41 -226802.1000000000
42 -226702.1000000000
43 -225448.1000000000
44 -224688.1000000000
45 -223168.1000000000
46 -222392.1000000000
47 -219288.1000000000
48 -217388.1000000000
49 -216451.1000000000
50 -216350.1000000000
51 -216148.1000000000
52 -215946.1000000000
53 -215665.1000000000
54 -214541.1000000000
55 -213039.1000000000
56 -211537.1000000000
57 -210477.1000000000
58 -209997.1000000000
59 -209935.1000000000
60 -209322.1000000000
61 -206870.1000000000
62 -206257.1000000000
63 -205376.1000000000
64 -203614.1000000000
65 -203247.1000000000
66 -202535.1000000000
67 -202125.1000000000
68 -201883.1000000000
69 -200439.1000000000
70 -199664.1000000000
71 -198889.1000000000
72 -198518.1000000000
73 -198181.1000000000
74 -197296.1000000000
75 -193756.1000000000
76 -192940.1000000000
77 -192488.1000000000
78 -191584.1000000000
79 -191132.1000000000
80 -190058.1000000000
81 -189946.1000000000
82 -188987.1000000000
83 -186110.1000000000
84 -185718.1000000000
85 -185009.1000000000
86 -183165.1000000000
87 -182804.1000000000
88 -181857.1000000000
89 -180910.1000000000
90 -180049.1000000000
91 -176605.1000000000
92 -174731.1000000000
93 -173859.1000000000
94 -172023.1000000000
95 -171633.1000000000
96 -171243.1000000000
97 -171102.1000000000
98 -170991.1000000000
99 -170769.1000000000
100 -170325.1000000000
101 -169992.1000000000
102 -169404.1000000000
103 -168228.1000000000
104 -167640.1000000000
105 -167634.1000000000
106 -167324.1000000000
107 -166859.1000000000
108 -165413.1000000000
109 -162521.1000000000
110 -160352.1000000000
111 25649.5121303258
1623 25706.5693513594
1845 25806.0715453096
2437 25824.1700920772
2802 25928.6672548506
5590 26022.2414215603
6018 26126.8113465923
8491 26332.5890438537
10062 25649.5121303258
