evaluations raw_y
1 -134.0000000000
2 -104.0000000000
4 -93.0000000000
6 -72.0000000000
12 -66.0000000000
16 -51.0000000000
23 -50.0000000000
38 -38.0000000000
56 -33.0000000000
62 -28.0000000000
89 -25.0000000000
95 -21.0000000000
98 -20.0000000000
113 -16.0000000000
119 -13.0000000000
143 -12.0000000000
146 -9.0000000000
152 -8.0000000000
176 -7.0000000000
179 -4.0000000000
203 250.9600000000
274 252.0400000000
316 253.4400000000
391 260.8400000000
700 -2.0000000000
evaluations raw_y
1 -68.0000000000
2 -51.0000000000
23 -42.0000000000
26 -41.0000000000
47 -39.0000000000
53 -30.0000000000
83 -23.0000000000
86 -21.0000000000
107 -20.0000000000
113 -16.0000000000
122 -14.0000000000
128 -13.0000000000
149 -8.0000000000
173 -5.0000000000
176 -4.0000000000
203 -2.0000000000
206 137.9000000000
227 146.1400000000
284 152.2800000000
438 156.0800000000
740 -3.0000000000
evaluations raw_y
1 -175.0000000000
2 -136.0000000000
3 -63.0000000000
4 -47.0000000000
23 -35.0000000000
53 -25.0000000000
86 -17.0000000000
92 -16.0000000000
113 -11.0000000000
134 -8.0000000000
149 -6.0000000000
167 -4.0000000000
182 -2.0000000000
191 -1.0000000000
203 163.5400000000
206 167.7500000000
237 181.8500000000
288 189.1400000000
390 196.0800000000
696 -1.0000000000
evaluations raw_y
1 -94.0000000000
2 -72.0000000000
4 -70.0000000000
10 -67.0000000000
17 -66.0000000000
18 -49.0000000000
32 -36.0000000000
62 -26.0000000000
89 -19.0000000000
92 -18.0000000000
113 -12.0000000000
143 -7.0000000000
173 -3.0000000000
203 166.9700000000
301 178.4100000000
341 181.1500000000
407 187.2200000000
710 -1.0000000000
evaluations raw_y
1 -167.0000000000
2 -130.0000000000
3 -106.0000000000
4 -81.0000000000
5 -68.0000000000
6 -51.0000000000
23 -46.0000000000
35 -41.0000000000
38 -40.0000000000
50 -39.0000000000
53 -29.0000000000
83 -23.0000000000
95 -22.0000000000
101 -20.0000000000
113 -16.0000000000
122 -13.0000000000
149 -8.0000000000
173 -5.0000000000
179 -4.0000000000
203 -1.0000000000
206 172.7000000000
242 172.9100000000
548 184.8500000000
694 193.6400000000
1000 -2.0000000000
evaluations raw_y
1 -145.0000000000
2 -112.0000000000
3 -96.0000000000
4 -73.0000000000
8 -68.0000000000
14 -55.0000000000
23 -48.0000000000
26 -41.0000000000
53 -31.0000000000
59 -30.0000000000
83 -24.0000000000
98 -23.0000000000
110 -22.0000000000
119 -16.0000000000
143 -11.0000000000
149 -10.0000000000
176 -8.0000000000
185 -6.0000000000
188 -5.0000000000
215 -4.0000000000
221 -1.0000000000
236 128.2100000000
239 143.4700000000
245 161.6200000000
288 178.6900000000
594 -1.0000000000
evaluations raw_y
1 -164.0000000000
2 -128.0000000000
6 -125.0000000000
7 -77.0000000000
8 -58.0000000000
23 -46.0000000000
44 -44.0000000000
53 -33.0000000000
71 -32.0000000000
83 -28.0000000000
86 -24.0000000000
104 -23.0000000000
116 -17.0000000000
125 -16.0000000000
143 -10.0000000000
173 -5.0000000000
206 -2.0000000000
212 -1.0000000000
233 157.2600000000
265 166.5400000000
280 168.9100000000
329 182.4500000000
527 183.1000000000
830 -1.0000000000
evaluations raw_y
1 -174.0000000000
2 -136.0000000000
3 -132.0000000000
4 -102.0000000000
6 -95.0000000000
15 -88.0000000000
16 -67.0000000000
17 -61.0000000000
18 -45.0000000000
29 -36.0000000000
32 -33.0000000000
53 -24.0000000000
83 -16.0000000000
113 -10.0000000000
143 -8.0000000000
146 -5.0000000000
176 -1.0000000000
203 120.8900000000
209 127.8400000000
227 135.9700000000
472 140.2700000000
495 141.3700000000
521 154.8600000000
532 158.6300000000
840 -264.0000000000
evaluations raw_y
1 -121.0000000000
2 -93.0000000000
12 -90.0000000000
14 -78.0000000000
17 -77.0000000000
18 -58.0000000000
23 -44.0000000000
53 -34.0000000000
56 -32.0000000000
86 -28.0000000000
89 -24.0000000000
92 -23.0000000000
113 -16.0000000000
143 -14.0000000000
146 -11.0000000000
155 -10.0000000000
176 -5.0000000000
206 -2.0000000000
236 128.2400000000
242 134.9900000000
279 147.1400000000
288 149.7900000000
588 -363.0000000000
evaluations raw_y
1 -136.0000000000
2 -105.0000000000
9 -70.0000000000
10 -52.0000000000
20 -46.0000000000
29 -44.0000000000
50 -35.0000000000
56 -34.0000000000
77 -25.0000000000
83 -24.0000000000
86 -22.0000000000
98 -21.0000000000
104 -17.0000000000
116 -16.0000000000
128 -12.0000000000
134 -11.0000000000
143 -6.0000000000
182 -4.0000000000
197 -2.0000000000
203 -1.0000000000
206 148.8700000000
221 161.0400000000
224 189.7200000000
302 198.0900000000
324 206.0500000000
339 209.6800000000
358 216.9600000000
660 -1.0000000000
evaluations raw_y
1 -66.0000000000
2 -49.0000000000
23 -44.0000000000
26 -36.0000000000
56 -28.0000000000
65 -26.0000000000
83 -21.0000000000
89 -18.0000000000
113 -13.0000000000
149 -10.0000000000
167 -9.0000000000
170 -8.0000000000
173 -7.0000000000
182 -6.0000000000
185 -4.0000000000
203 179.2500000000
280 193.0000000000
313 209.9300000000
620 198.3800000000
evaluations raw_y
1 -123.0000000000
2 -95.0000000000
4 -81.0000000000
13 -80.0000000000
14 -60.0000000000
20 -52.0000000000
35 -41.0000000000
53 -31.0000000000
74 -30.0000000000
92 -21.0000000000
113 -15.0000000000
119 -14.0000000000
143 -8.0000000000
176 -5.0000000000
182 -4.0000000000
203 153.7500000000
218 169.7700000000
248 184.8600000000
560 -64.0000000000
evaluations raw_y
1 -61.0000000000
2 -45.0000000000
20 -44.0000000000
23 -34.0000000000
29 -33.0000000000
32 -32.0000000000
53 -29.0000000000
56 -27.0000000000
59 -24.0000000000
83 -19.0000000000
86 -16.0000000000
113 -10.0000000000
143 -8.0000000000
146 -5.0000000000
173 -1.0000000000
203 138.1000000000
206 141.1400000000
212 156.1100000000
221 167.0900000000
227 167.5100000000
231 168.9700000000
238 179.4000000000
241 180.4900000000
246 194.3400000000
513 196.7400000000
568 210.5800000000
810 224.6600000000
1110 -175.0000000000
evaluations raw_y
1 -166.0000000000
2 -129.0000000000
7 -91.0000000000
8 -69.0000000000
26 -64.0000000000
38 -61.0000000000
53 -46.0000000000
83 -36.0000000000
86 -34.0000000000
113 -25.0000000000
116 -24.0000000000
146 -23.0000000000
149 -16.0000000000
176 -11.0000000000
179 -10.0000000000
209 -5.0000000000
233 -4.0000000000
254 -1.0000000000
269 207.9100000000
590 -3.0000000000
evaluations raw_y
1 -115.0000000000
2 -88.0000000000
3 -76.0000000000
4 -57.0000000000
23 -49.0000000000
29 -44.0000000000
38 -43.0000000000
56 -32.0000000000
83 -23.0000000000
113 -16.0000000000
149 -12.0000000000
170 -10.0000000000
176 -7.0000000000
191 -5.0000000000
206 -1.0000000000
242 148.2200000000
254 157.3400000000
266 176.9500000000
307 179.6300000000
308 187.3900000000
314 207.5700000000
620 -1.0000000000
evaluations raw_y
1 -115.0000000000
2 -88.0000000000
4 -78.0000000000
19 -65.0000000000
20 -48.0000000000
23 -36.0000000000
53 -29.0000000000
68 -26.0000000000
83 -20.0000000000
92 -18.0000000000
113 -14.0000000000
119 -12.0000000000
146 -8.0000000000
158 -7.0000000000
173 -4.0000000000
203 123.8400000000
209 145.5400000000
218 170.9600000000
254 178.7500000000
322 182.4400000000
361 185.8600000000
670 -1.0000000000
evaluations raw_y
1 -169.0000000000
2 -132.0000000000
3 -60.0000000000
4 -44.0000000000
23 -41.0000000000
29 -32.0000000000
56 -30.0000000000
59 -24.0000000000
80 -23.0000000000
86 -16.0000000000
113 -10.0000000000
149 -6.0000000000
167 -5.0000000000
173 -1.0000000000
206 134.5500000000
247 137.5100000000
477 145.2600000000
499 146.8800000000
800 -1.0000000000
evaluations raw_y
1 -76.0000000000
2 -57.0000000000
23 -45.0000000000
26 -43.0000000000
53 -34.0000000000
56 -33.0000000000
65 -32.0000000000
83 -27.0000000000
86 -24.0000000000
110 -23.0000000000
113 -18.0000000000
116 -16.0000000000
134 -15.0000000000
146 -10.0000000000
152 -9.0000000000
173 -8.0000000000
179 -5.0000000000
194 -4.0000000000
206 276.3600000000
335 289.4500000000
640 -2.0000000000
evaluations raw_y
1 -142.0000000000
2 -110.0000000000
4 -104.0000000000
7 -101.0000000000
8 -77.0000000000
14 -75.0000000000
17 -69.0000000000
18 -52.0000000000
23 -39.0000000000
53 -30.0000000000
59 -29.0000000000
74 -28.0000000000
83 -20.0000000000
113 -18.0000000000
116 -13.0000000000
143 -8.0000000000
155 -7.0000000000
173 -6.0000000000
176 -4.0000000000
203 -1.0000000000
230 141.9000000000
239 157.6100000000
266 169.2100000000
291 173.7700000000
332 182.1800000000
640 -16.0000000000
evaluations raw_y
1 -76.0000000000
2 -57.0000000000
6 -50.0000000000
14 -49.0000000000
20 -48.0000000000
26 -37.0000000000
38 -36.0000000000
53 -27.0000000000
83 -19.0000000000
113 -13.0000000000
119 -12.0000000000
143 -8.0000000000
152 -7.0000000000
176 -3.0000000000
203 -1.0000000000
212 180.3000000000
218 190.6500000000
221 196.5400000000
530 -14.0000000000
evaluations raw_y
1 -70.0000000000
2 -52.0000000000
6 -45.0000000000
23 -33.0000000000
53 -24.0000000000
83 -16.0000000000
113 -11.0000000000
116 -10.0000000000
143 -5.0000000000
173 -2.0000000000
188 -1.0000000000
209 161.4300000000
215 177.7600000000
224 186.1300000000
355 200.2600000000
656 -98.0000000000
evaluations raw_y
1 -111.0000000000
2 -85.0000000000
4 -65.0000000000
6 -56.0000000000
26 -44.0000000000
38 -43.0000000000
47 -42.0000000000
53 -32.0000000000
83 -26.0000000000
86 -24.0000000000
98 -23.0000000000
113 -16.0000000000
143 -10.0000000000
173 -6.0000000000
179 -5.0000000000
203 -3.0000000000
206 -2.0000000000
209 -1.0000000000
233 160.4300000000
239 165.5000000000
292 181.4400000000
600 -3.0000000000
evaluations raw_y
1 -174.0000000000
2 -136.0000000000
3 -94.0000000000
4 -72.0000000000
20 -60.0000000000
23 -56.0000000000
35 -47.0000000000
53 -35.0000000000
86 -26.0000000000
107 -25.0000000000
113 -17.0000000000
143 -11.0000000000
164 -10.0000000000
173 -6.0000000000
182 -5.0000000000
206 -3.0000000000
215 -2.0000000000
230 -1.0000000000
233 113.7900000000
236 159.2500000000
336 162.6400000000
448 164.5300000000
511 169.8800000000
590 175.5600000000
890 -1.0000000000
evaluations raw_y
1 -124.0000000000
2 -96.0000000000
5 -94.0000000000
6 -72.0000000000
12 -54.0000000000
16 -44.0000000000
23 -34.0000000000
50 -33.0000000000
56 -26.0000000000
65 -24.0000000000
83 -16.0000000000
113 -10.0000000000
143 -5.0000000000
173 -4.0000000000
179 -2.0000000000
191 -1.0000000000
203 161.3800000000
237 163.9300000000
247 168.8900000000
280 169.9000000000
319 170.3800000000
620 -1.0000000000
evaluations raw_y
1 -170.0000000000
2 -132.0000000000
4 -110.0000000000
6 -86.0000000000
8 -84.0000000000
17 -60.0000000000
18 -44.0000000000
23 -35.0000000000
53 -30.0000000000
62 -27.0000000000
83 -19.0000000000
113 -12.0000000000
149 -8.0000000000
176 -4.0000000000
206 149.1200000000
212 159.5700000000
254 160.8800000000
257 191.5300000000
560 -2.0000000000
evaluations raw_y
1 -180.0000000000
2 -140.0000000000
3 -112.0000000000
4 -86.0000000000
9 -78.0000000000
10 -59.0000000000
23 -48.0000000000
32 -44.0000000000
56 -36.0000000000
68 -34.0000000000
74 -32.0000000000
86 -25.0000000000
89 -24.0000000000
92 -23.0000000000
113 -16.0000000000
122 -14.0000000000
146 -10.0000000000
173 -5.0000000000
203 -4.0000000000
215 -3.0000000000
227 -1.0000000000
233 161.9300000000
245 167.9200000000
266 180.0300000000
267 192.6400000000
570 -1.0000000000
evaluations raw_y
1 -120.0000000000
2 -92.0000000000
4 -74.0000000000
11 -72.0000000000
12 -54.0000000000
41 -46.0000000000
44 -40.0000000000
56 -33.0000000000
59 -31.0000000000
74 -30.0000000000
83 -21.0000000000
113 -15.0000000000
122 -14.0000000000
146 -8.0000000000
179 -4.0000000000
209 -1.0000000000
212 174.5800000000
277 181.8400000000
298 182.5100000000
485 183.9400000000
512 184.1700000000
820 -1.0000000000
evaluations raw_y
1 -74.0000000000
2 -56.0000000000
6 -46.0000000000
23 -45.0000000000
26 -42.0000000000
29 -37.0000000000
44 -36.0000000000
53 -27.0000000000
59 -26.0000000000
68 -25.0000000000
83 -18.0000000000
92 -17.0000000000
113 -16.0000000000
119 -12.0000000000
122 -11.0000000000
143 -7.0000000000
158 -6.0000000000
176 -2.0000000000
221 175.1000000000
224 189.0000000000
227 197.6200000000
238 200.1900000000
254 210.4400000000
344 216.8400000000
644 -1.0000000000
evaluations raw_y
1 -113.0000000000
2 -87.0000000000
4 -78.0000000000
14 -70.0000000000
16 -58.0000000000
41 -46.0000000000
44 -44.0000000000
53 -37.0000000000
65 -36.0000000000
68 -35.0000000000
80 -34.0000000000
83 -27.0000000000
86 -24.0000000000
113 -17.0000000000
119 -16.0000000000
143 -10.0000000000
176 -5.0000000000
206 -3.0000000000
209 -1.0000000000
239 139.9000000000
242 145.4800000000
251 168.8300000000
297 184.7200000000
606 140.1900000000
evaluations raw_y
1 -164.0000000000
2 -128.0000000000
3 -69.0000000000
4 -52.0000000000
16 -46.0000000000
23 -34.0000000000
59 -24.0000000000
86 -16.0000000000
116 -10.0000000000
149 -6.0000000000
161 -5.0000000000
179 -1.0000000000
203 120.9400000000
209 128.3800000000
218 143.2100000000
227 159.2900000000
300 160.3200000000
310 191.1900000000
610 -2.0000000000
