evaluations raw_y
1 684978.9731225870
2 685294.8108522908
6 685643.6622673783
11 687333.0428096177
13 687931.3302185293
16 688191.7035205709
27 688517.1542685756
42 688767.5501903056
44 689094.6550736595
51 689773.9300023902
86 690451.3457923360
88 692141.7091097715
100 692524.6030250066
158 692853.2501773621
193 693162.5433457602
198 693671.0141533434
204 694024.2752227426
264 694749.5212533632
331 695676.1442083175
384 695960.5284602675
466 696239.1155074097
516 696457.3906374829
553 696496.2077924357
595 696520.3938352843
674 696572.8512630617
687 696803.0908808946
695 697073.6357167633
766 698004.4898601553
863 698282.1375149037
864 698708.6331200660
883 699136.5683503954
916 699548.9299512979
932 699577.7788078891
933 700050.5929075863
979 700420.6135873117
1014 701048.4458807344
1098 701122.1682613482
1143 701172.7621127211
1173 701857.3181034841
1279 702489.8279026512
1375 702675.6129687220
1401 702774.7529591745
1474 702860.4075716239
1500 703081.2990738384
1638 703943.4316319466
1648 704056.9135840791
1674 704317.6806773930
1715 705125.0165599844
1824 706075.7810420641
2184 707053.0786880678
2292 707626.9236234407
2363 708060.9689189461
2518 708249.4161843571
2564 708859.2135538068
2566 709524.6235579632
2668 710472.4472760477
2858 711626.2808563921
2936 712156.2468182616
2941 712298.0048523267
3024 713056.2317247108
3133 713701.4571539726
3135 714123.5386583745
3162 714427.0061951849
3227 714491.6676284075
3530 715234.6836850902
3569 715390.0603630769
3642 715799.1245773524
4072 716037.8203054054
4085 717104.5669806219
4118 717674.8327147368
4219 717751.8520321934
4263 718768.7354390090
4502 719420.6748567418
4615 720097.8329505265
4705 720362.2960552991
4818 720618.6809541584
5057 720668.2182991571
5177 720891.4448849167
5290 721529.1383036257
5380 722338.6160360378
5416 723473.5251724634
5881 724085.2018759443
6027 724508.7142437425
6057 725039.5779473383
6081 725486.4699752821
6119 725935.8970789434
6165 726290.6591953883
6229 726421.4085843310
6470 726827.7101300095
6471 727362.7771744661
6516 727444.7483861502
6539 728611.8249702447
6651 728727.1112776099
6975 728826.3462908659
7067 729192.3730273654
7206 730178.6226225798
7268 730665.5035889720
7270 730957.4846524224
7400 731638.6442936212
7672 732160.8130293160
7901 732324.6047890497
8022 732451.3834675868
8237 733172.8882415734
8404 734028.8049336706
8407 735092.3898296556
8519 735753.0176125979
8873 735811.6901623383
8962 736176.9261887202
9192 736443.4847632872
9268 736992.6797615821
9329 737523.7577882707
9415 739118.9349495824
9462 739209.3140300682
9506 739338.5639864914
9667 739430.7763954243
9724 740011.8774939405
9735 740430.9485338397
9828 740848.4191848957
9933 741868.9678438681
10000 692265.3806842908
evaluations raw_y
1 712692.6874572883
5 713347.7247564340
9 713961.2483267310
24 714000.3025154836
33 714072.0166728250
47 714119.8992889933
67 715310.0169707383
77 715530.2239809784
85 715558.7209300149
89 716949.2744224550
98 717747.9534973470
156 717820.6318279122
163 718578.4548685780
184 719044.2280297406
199 719426.0269636702
337 720306.2041001822
359 720644.8669063189
366 721027.6514598856
370 721210.2384470097
448 721666.0862344708
501 722187.8847697072
521 722404.0403342245
551 723265.7400699958
566 724027.0020607649
742 724584.7542377795
806 724602.3672670790
865 724856.7291217624
927 725490.4692713396
987 726457.1487520888
1222 726616.1884528560
1286 727059.1318962413
1287 727074.1948290026
1382 728123.4220772336
1383 728863.7889796180
1416 729846.7575924877
1487 731349.4580328785
1641 732146.6220610446
1870 733292.6253131223
2150 733636.7796586297
2357 734512.5273437746
2920 735090.6662729380
3086 735775.8502625286
3212 735948.4166271499
3313 736099.7747570191
3320 736777.8797867015
3512 737322.5241118826
3561 737589.5418940738
3591 738165.4660459029
3886 739079.5407564841
3916 740016.8232844671
3930 740426.8763930610
4016 740494.2780523987
4220 740813.3786455134
4238 741660.0830354943
4334 741973.6035652139
4461 742407.4452262577
4567 742728.9873951222
4574 743017.4825234758
5012 743336.8767750167
5247 743811.1062963606
5395 743927.9300040376
5686 744023.8958075593
5698 744093.1844993833
5726 744302.2258020039
5935 744530.4038148189
6048 744816.2218073179
6160 745587.1593965004
6338 745975.0068138652
6387 746412.8648593307
6409 746977.6833563654
6487 747807.4153202444
7125 748098.7124662902
7134 748530.2453315813
7166 749011.5959858998
7190 749173.3550393996
7303 749831.2545153272
7433 750464.6532505567
7727 750727.1804142476
8005 751473.4036953237
8194 752060.3210032389
8683 752257.5659032430
8753 752268.6848324774
9021 752379.0751120588
9048 753069.9259782748
9282 753872.9788011429
9424 753981.0999342159
9431 754631.2569618201
9625 754688.7143892566
9734 756405.2628817365
10000 700707.1570956032
evaluations raw_y
1 695825.3262694924
4 697384.2649910694
8 697856.7930206816
23 698060.2772455161
28 698400.6930824809
34 699032.5621590595
84 699274.8653820147
124 699643.4524403394
171 699768.2489678296
179 700556.2325619705
206 701262.4123583076
302 701283.1299147831
311 701577.1711657925
313 701975.7669692363
330 702329.4646916125
331 702450.6821213823
376 702904.4145443443
402 703665.5533223096
479 703846.4956330025
528 704665.0113962592
577 705056.1673414635
620 705232.3819954114
625 705244.6462883138
659 705320.9940536832
719 705584.6672520573
774 706127.1535597126
788 706133.3913495939
845 706929.0148648324
922 707586.9673022048
938 708650.7821823455
965 708880.0302085214
976 708935.8606142249
1003 709612.6401872254
1047 709676.7919788267
1056 709719.1870289800
1059 709840.3756768712
1091 709848.0845068340
1092 709920.5094966824
1116 710307.5578377465
1118 710618.8180758553
1122 711123.1980352333
1126 711850.1577520836
1140 712742.8469256858
1409 713374.2966698066
1613 713615.2372968585
1623 714000.1391196123
1670 714601.7133626555
1711 715546.1083258347
1785 716251.4225829071
1852 716570.6625234520
1904 717492.1043300113
1925 717553.0318649808
2188 717703.7398627916
2338 717724.3037761297
2398 717783.4418346619
2415 718223.9731984627
2416 718572.3442203951
2465 719131.9527473960
2527 719819.2625269116
2540 720352.5969862231
2683 720510.6389983414
2696 720626.7462916999
2862 720770.9223314939
3050 720970.3942344063
3103 721012.5086097948
3348 721722.8851518763
3507 721869.3124464517
3515 722614.9438146047
3607 722809.9207868050
3631 723098.1512678072
3695 723196.7662775669
3780 723582.4626781968
3789 723631.0529800606
3895 724114.7913122668
3898 724587.2986953114
3967 724907.7761342310
4383 725259.6690766928
4414 725480.8426275414
4655 725483.9740847379
4672 725602.5465929066
4711 725614.3833423374
4744 725972.2570233651
4892 726474.2880075600
5063 727094.7421851051
5262 727432.4239493338
5275 728289.7214656890
5341 728955.1020167492
5391 729534.7549583348
5461 730273.5190178053
5484 730545.9764231622
5573 730924.2463481581
5658 731252.1284799004
5844 731813.8109920197
5882 732590.9259796953
5964 732903.0866381539
6001 733663.7570654184
6014 734192.6045677372
6196 734273.7823326354
6515 734833.1255665920
6614 735307.7484683623
6703 735723.2830928777
6709 737257.5518951602
6713 738352.9350954704
6901 739670.0889558245
7026 739694.7928727852
7081 740230.2006479253
7154 740591.2678656060
7445 741109.7580630656
7513 741552.9764517875
8297 741651.9757271354
8364 742182.1183979971
8413 742228.0883653833
8527 743493.3659509119
8773 743637.1169211215
9295 743639.6705368347
9476 744012.2821837410
9531 745496.5024199515
9843 745787.2265398375
9947 746418.8661013697
10000 718053.6657804621
evaluations raw_y
1 703967.2339583468
8 704789.4372149159
16 705256.2245870070
20 705474.4147672377
25 705690.2364483173
35 705831.1582547633
60 706461.5203434798
101 706980.3783150369
127 707879.3249978517
145 708025.5112122581
183 708146.8686254947
226 708317.8970068946
235 708433.3907590875
287 708725.0480770103
301 708775.3478380161
381 709457.0101176886
384 709586.2770935673
387 710616.1319257375
448 711445.3615207777
451 711481.8253918708
503 712328.1592725678
528 712564.5117252067
530 713091.9713296009
603 713742.3359637083
613 713971.6623701691
620 715511.9858278787
655 715735.2550937355
742 716528.1171346008
914 717130.8771113885
916 717608.7140813323
955 718141.9627709091
1002 718571.4354820576
1022 718573.1409831261
1095 718720.5198848548
1146 719134.3779950615
1177 719207.6982916701
1182 719480.3936682461
1194 719626.1251065755
1303 719927.9442277028
1308 720190.8064023679
1314 720261.7771803915
1334 720474.4281590033
1346 720992.6371207716
1367 721701.7804993872
1511 721782.8751236274
1653 722109.8491003413
1665 722805.0258608575
1737 722915.1033379619
1749 723688.5020457476
1958 724203.2993531020
2104 725227.4342635797
2459 726014.2369627925
2692 726471.1267898799
2793 726921.8362003504
2803 727346.9540403166
3076 728779.2718256741
3100 729536.4217280042
3253 729720.8637307156
3255 730203.5221216248
3284 731285.9362835126
3418 731513.9481007815
3660 732748.9612988455
3686 733153.1880051703
4066 733430.6634417408
4195 733436.2313301646
4200 734373.4903441312
4465 734652.3566278565
4480 735007.0830999943
4551 735407.9059961686
4614 736738.5736268772
4969 736920.2021744079
5050 737772.7529679266
5166 738763.2622153335
5244 739699.1084702070
5288 739905.4388155290
5327 741819.9755224347
5433 742380.0113830972
5664 742556.1844246533
5714 743995.2701434186
6208 744194.2730267324
6234 745013.2396404975
6386 745064.5441138763
6411 745573.2253688371
6718 747571.0368981729
6751 748092.1964863988
7021 749022.3214052952
7140 749313.1596210796
7187 749409.1650075658
7334 749478.4528107698
7997 749697.2535178824
8020 750366.9024621784
8033 750983.8367924814
8612 751526.3831433000
8961 751933.4513927761
9069 752181.9184904296
9504 752653.0406231756
9722 754004.9139496087
10000 749316.7867805024
evaluations raw_y
1 697800.1388464312
2 697889.9483337514
4 698692.8530998140
7 698720.7515654902
14 699374.9809543190
15 699734.7464978989
18 700799.9427897391
44 701202.9825127086
45 701248.5538066223
53 701857.9372475181
69 702034.9275073373
93 702695.5441881622
95 702847.4737140961
105 703139.5970142918
149 703751.3156829182
161 704132.1669762329
181 704170.7988357885
190 704447.1929759303
207 704809.1342501600
226 705789.2845250377
241 705869.8873878921
259 706538.4558770483
271 706750.4636843483
289 707165.9156752457
295 707688.4132631985
310 708534.1416052580
311 708732.6388794384
361 708848.9101987893
399 709268.7115403465
407 709559.1552531805
428 710023.8244531639
433 711005.0761060937
452 711167.7724641558
535 711432.3127428968
551 711607.7410909939
674 712407.9390581927
805 712986.9035491348
831 713310.2757606014
841 713433.6105344426
947 713625.4502873692
958 713957.6051829810
959 714082.7963334389
992 714578.5877487110
1046 714612.1122002482
1137 714853.6990503555
1143 715721.6176056162
1208 716165.6205222899
1243 716353.2348745343
1250 716590.6614229472
1269 717260.8697896078
1271 717549.7006445173
1478 718550.2077812296
1602 718832.3867342930
1643 719704.6435609079
1745 720090.4013200328
1801 720374.5666815047
1804 720467.8726872562
1890 722094.6203045623
2009 722216.7286400382
2048 722942.3277287884
2161 723080.3949358440
2215 723483.4196307142
2218 724222.1638522753
2314 724595.1208721469
2583 724675.7433587915
2601 725565.1044064561
2623 726343.2563040195
2677 727528.8553496767
2910 728175.6986395685
2964 729008.2046163959
3119 730300.3015769366
3305 730822.4943450986
3430 730978.5902385967
3587 731827.8097258259
3598 732175.9948929151
3603 732816.0322452663
3628 733642.3962389001
3969 735251.7334369973
4103 735552.8326047874
4354 736615.9377319991
4359 736740.1896628410
4364 736958.6005692229
4454 737162.7973586567
4477 737277.8547371564
4620 737920.0685840828
4714 738061.3840896835
4859 738661.3594638316
4888 740073.7603687135
4927 740483.4795502037
5238 740746.7205563920
5291 740818.2354336276
5375 741026.3141796849
5636 741123.6084787791
5993 741542.6074441459
6347 741690.6993420635
6979 742525.4508734726
7259 742978.1756645603
7456 743477.1949510116
7487 744310.7689425712
7501 744736.6454017973
7534 746072.1769129778
7720 746369.5194671735
8300 746789.0354077984
8486 747180.1069468486
8547 747384.6532451208
8813 747585.6500276147
9204 748788.5400119532
9378 749229.3445798935
9548 749690.8499194124
9692 750498.8493434016
9906 750526.5780811989
10000 704723.7851509390
evaluations raw_y
1 701871.7949668375
2 702761.1871144091
4 703194.6565742474
5 704050.4743392466
38 704709.7577280911
58 705457.9950409295
71 705947.8147526503
115 705959.3645290773
142 706327.2913419124
144 706459.1869726914
187 707055.4554665652
235 707276.2279827046
248 707387.7174898001
255 707415.0583708596
281 707505.4681199958
317 707524.9030828918
356 707976.1288199128
364 708723.3780571764
382 708929.0287621871
401 709384.9461718954
462 709519.8530572141
510 709846.8807861311
538 710497.6628322704
571 710565.0010933569
573 711136.6087017470
575 711169.2054389457
605 711248.9319535330
632 711293.0975851116
769 711396.0056027386
795 711957.5788951470
814 712174.6394459164
844 713081.1042727851
946 713477.5184444539
1227 713691.4209003345
1250 714051.2540013932
1253 714526.2053269583
1270 714555.9143538779
1295 715754.9742314374
1297 718190.7162575372
1458 718685.5477067801
1504 720147.0723552812
1674 720785.0129253059
1695 720967.3913010512
1741 721039.2856782450
1827 721919.9375148284
1996 722729.5342300688
2105 723103.0317975419
2231 723174.4060430512
2428 723497.1988849222
2454 723920.2418792965
2481 724011.0176413055
2655 724523.3198516284
2656 724792.9802732575
2851 725476.5748578839
3013 725646.2922030091
3043 725890.3680264184
3120 726108.0359255872
3433 726108.2860998589
3563 728511.9519453666
4153 728976.1140420850
4195 729223.4715320881
4344 730059.3376078825
4380 730895.2396567379
4504 730903.6964531125
4648 731393.1034406867
4787 731663.7518996302
5052 731667.7061899606
5248 732206.5412602267
5324 732316.7048937881
5365 732700.3295048435
5410 732756.7810280697
5521 733292.7992570031
5593 733325.2608516400
5658 734225.7125118047
5876 735532.1143737093
6549 735570.7659311488
6573 736233.6947966898
6696 736440.7493836499
6852 737119.1169094375
6969 737249.6285822933
7003 737754.1805635849
7031 738850.9302893915
7182 739477.7887932489
7225 739709.7820197054
7371 740255.6025826486
7809 740976.1621547207
7837 741047.5025540742
8068 741682.0290274160
8137 742143.9623559939
8400 743152.9997895027
8450 743784.8089282622
8934 744367.4849869740
8974 744776.8660447620
9121 745682.5696857161
9386 745800.2340289662
9621 746062.8571561158
9739 746427.1019432591
9887 747402.6869966496
10000 732956.2174715388
evaluations raw_y
1 671350.9721051895
2 672321.7655601687
7 672350.9815898023
9 672399.4402927083
10 672527.5381253667
13 672846.8270903869
20 673440.2880575660
21 674221.0084679045
43 675690.8966690344
52 676050.8057038311
65 676379.7218535721
76 676484.1758074636
80 677260.8622266131
83 677722.7360584560
109 678250.3044009357
110 678603.8259963365
118 679178.6673395081
160 680001.8168872070
199 681766.6277670320
266 682618.1182201294
329 683100.2427233873
358 683419.2135208460
405 683869.1390141194
410 684617.3712353761
442 685174.7230338248
527 685374.1915442991
565 685490.3710056946
578 686025.4168936044
620 686365.9839147892
656 687759.9277644273
742 688339.1796828035
838 688524.8675444317
863 688969.6021606791
970 689226.4296867674
1072 690016.9022142697
1186 691701.0884554709
1276 692415.9184574763
1374 692798.9470909848
1558 692914.0290433427
1778 693012.6326475637
1816 693370.1322832347
1849 693794.6769010307
1913 694768.7581071167
2291 694922.7799037020
2318 695216.4596760027
2346 695236.0879642551
2478 695913.7296138700
2574 696717.5065805218
2647 696741.4849069041
2817 697153.4337296833
2837 697689.3888150975
2871 698109.8221342980
2919 699063.1790783009
3051 699171.3370919969
3096 699712.2727609454
3168 700695.8261394632
3280 701417.3994686785
3391 701495.4342613431
3556 701643.9186843808
3728 701776.5813748173
3901 702079.9091698464
3934 702220.2022517208
3976 702667.5654206151
4073 702862.3791216792
4326 703086.5831995592
4401 703148.6143925842
4686 703311.3787692363
4723 703732.0109998860
4790 704257.5392418854
4878 705628.2147839337
5233 705969.5491211708
5241 709382.7561176284
5254 709447.1402007961
5395 710095.4340535366
5507 710184.4630531784
5554 711373.4667816670
5565 711889.1620155467
5616 712154.0394962712
5745 712276.6855456651
5769 713471.0114215290
5952 714987.6448905055
6022 715539.7502736237
6280 715819.3023118004
6576 716071.5236289528
6667 716258.8303363639
6758 716803.4755641485
6944 716808.8713291031
7048 716965.6623521067
7109 718027.7394869238
7135 718815.0881811734
7399 719017.5191168801
7799 719380.7286881176
8018 719385.3679191436
8038 719446.6545196248
8151 720430.1780338167
8183 721141.8747388828
8309 721841.1095325272
8440 722676.6920254843
8451 722683.4340865173
8549 723101.7571264465
8571 723277.9377131073
8635 723545.6254801984
8699 724606.4609933004
8753 725150.2625002451
9122 726066.3532555876
9171 726837.2885642494
9256 727256.2534317845
9339 728789.0253202568
9617 729089.9473826560
9655 730008.3601042866
9674 730383.8928011493
9730 730696.1768509971
9731 730908.3883553321
9935 731095.9895297101
10000 709031.9984366688
evaluations raw_y
1 683312.9964638292
5 683336.3778526935
9 683346.5050681612
16 683516.3286336125
17 684873.3294746091
27 685303.5406422754
34 685599.1905826723
41 687197.9880018579
42 687548.0344293637
45 687978.6823287609
60 688446.2907579024
88 688469.2681936827
95 688893.4244311912
137 689474.8645015206
153 689586.2877128373
217 689632.3297259797
220 690401.0106234772
271 690527.7389054918
284 691622.7970305303
289 691849.8240057554
296 692365.4692475833
346 693127.9085698653
399 693559.8773367062
503 694082.3943171951
508 694177.2575796589
560 695160.8865156109
605 696312.2420934415
632 697378.0366779368
676 697561.6976152572
711 697684.6124817223
718 698346.3074477547
843 698854.1119972633
895 698913.8157871672
913 699139.2008211294
941 699593.4982721524
959 699606.1425282962
1129 700419.2092542553
1198 700753.0691987027
1201 701063.1199305794
1322 701543.6612676472
1345 702549.2956759718
1398 703186.6966664797
1493 703545.1702319671
1497 703903.4198600956
1554 704609.0203780619
1723 704820.5748170827
1738 705825.3087244750
1760 706710.8694770670
1766 707580.7709280903
1876 707741.3710698795
1883 708075.8038384655
1960 708207.1036535990
2003 708224.5468681246
2034 708897.1506746438
2116 708916.6002661403
2190 709223.2301963693
2219 709576.2623246360
2221 710442.6633213838
2260 710663.0049691494
2341 711273.8612557367
2436 711385.8132901015
2584 712377.4465294806
2682 712853.2591959973
2731 713488.3451117461
2750 714075.8324023579
2767 715473.5694558509
2770 716449.4184058594
2793 717140.6347655223
2839 717691.4534534327
3057 717773.8675049162
3282 718611.3682751174
3408 719534.8859064260
3730 719679.9258998710
3782 720136.7299803094
3860 720375.6965232026
3998 720918.7693793628
4026 721914.2457201615
4047 722192.7470171187
4183 722534.3244475657
4198 723359.8700297318
4342 723780.6442039286
4522 724636.0029026909
4724 725252.4565736328
4901 725938.2081882225
5140 726018.2247713330
5179 727866.8567064198
5514 727881.2538585700
5533 728198.9048151058
5581 728249.6687409191
5641 729024.6079974386
5882 729113.5457057940
5920 729302.9431037416
5971 729397.6898140803
6025 729702.1714952874
6059 729760.3499262645
6209 730017.1411616745
6619 730061.3898437902
6780 730768.2133348457
6922 731208.2443437440
7509 731367.7310158408
7877 731573.5859737635
8214 731670.5563627844
8366 731765.2942419553
8478 732011.3966659852
8773 732153.5840280087
9257 732372.8666839007
9467 732457.3040336485
9771 732829.2654852341
9793 732935.3779486967
9818 733486.6416378119
9906 734030.2270255545
10000 709973.5330981956
evaluations raw_y
1 670644.3346319387
3 671200.9878598466
4 672065.7976214045
9 672141.4330496209
12 673506.8643672018
33 673548.3730343452
37 673717.0982857478
68 674579.8429314790
69 674886.3473958253
129 675290.5934321081
164 675429.1764520651
169 675706.5173137232
190 675969.1710558506
251 676089.0296513711
261 676107.2471077414
277 676658.2857420475
309 678264.7216954374
332 678634.3466722723
369 678679.5604838126
386 679363.5837643470
450 679792.5999593793
452 680359.5441170945
453 680688.3558336332
474 680871.2770917444
490 681426.8401525968
511 681485.3892727027
579 681640.9953983106
599 682531.8542468800
675 682641.1802746174
679 682685.1908575766
702 682698.3180244733
705 683386.2631656660
815 683943.0508184924
830 684327.9196790274
834 685241.2508487595
990 685588.6859592213
1122 686334.3192651264
1150 687744.2110057019
1226 688012.0300603543
1323 688086.4255460358
1349 688987.1629749731
1656 689198.9773786037
1749 689316.8086915303
1777 689740.7954983440
1908 690522.7713792863
1971 690527.5048783658
2012 692011.4676084965
2019 692768.2706302933
2535 693236.0790506240
2605 693392.0375095248
2626 694534.2812744417
2843 694540.2990113673
2874 695404.7693760969
2898 696050.5347451358
3018 696542.9056879291
3032 697100.1307840096
3069 697491.8500108916
3095 697922.0711522206
3096 698766.7410959870
3352 699728.4475696790
3382 700610.2060366839
3502 700769.4807658383
3553 700843.9981622290
3747 700902.1497721914
3775 701879.2854836356
4152 702297.2387874636
4197 702817.2385537761
4383 702931.9793366861
4444 704162.1570064698
5024 704280.0941640979
5077 705160.6020240595
5127 705259.3064371872
5381 705277.9137380037
5504 705764.2926753355
5553 706438.9785432818
5643 707423.5840677476
5809 707609.2073596133
5868 708712.5126163661
5935 708989.2312037501
6337 709132.4582061016
6344 709508.9649135377
6436 709874.9771631544
6685 710306.0301669328
6717 711156.6457966805
6831 711534.8438936378
6841 711621.0047874815
6897 712078.5243094726
6947 712847.4362194231
7207 713028.0054205485
7265 714673.0898384007
7627 715495.9831533174
8005 717162.0740736731
8076 717423.0818511657
8162 718071.4393699574
8242 718826.8036372230
8336 718971.8766899856
8375 719433.4184771170
8477 720535.5287526820
8643 720720.8867043407
8971 720893.2549343391
9039 721496.5867778682
9040 721951.2618831146
9088 722877.5795524172
9118 723850.3795266056
9206 724405.3308577446
9323 724523.9426772154
9479 725731.5878508437
9504 726348.4241095369
9715 726827.2964345323
9830 727101.3241935601
9837 727745.9677345211
9839 728117.9403511490
10000 701641.6869634936
evaluations raw_y
1 686767.0230038280
2 686847.1125506969
3 687892.3051105723
23 688696.7989228863
26 689285.3647039172
33 689633.0003768916
40 690904.8318360564
49 692004.3449460960
70 692607.4847029966
144 693250.4070163794
175 694045.1508307188
230 694802.7877818638
332 695347.4690044553
337 695401.8597921777
341 695457.6572798749
344 696142.6761077783
369 696798.3308458365
400 697074.7087708153
413 698312.8236414822
425 698672.8084536704
485 699611.6168682334
615 699819.2618750460
658 699968.4004049196
728 700474.5171446763
780 702896.9166118767
917 702971.5244948131
946 703512.4658971642
1052 704445.3365168782
1080 704766.5608492405
1123 705355.7730763528
1296 706532.8369502401
1316 706945.1714302248
1392 707509.4379586753
1423 708104.5371503133
1455 708727.1959412672
1573 709343.7958053584
1675 710038.1183866556
1710 711332.7807826411
1859 712255.3998330104
1980 713204.2435251178
1987 714122.9186398505
2578 714571.7439722464
2589 715107.9477258368
3208 715352.4693814191
3339 715601.8613513665
3375 716326.2379141417
3671 717001.5473888611
3928 717738.2627701161
4132 717909.8198603723
4161 719115.6016284877
4359 719714.2070302180
4369 720487.3038122348
4544 721255.2004434124
4695 722049.2392027804
4869 722162.1015298202
4974 722240.3477518245
5207 723534.4345067020
5228 723613.3203130321
5408 723840.9697294738
5423 724555.4145352523
5773 724635.1930520179
6262 724950.9871965148
6282 724984.2885077301
6498 725052.6394610440
6882 725165.8691826181
7300 725556.0362992885
7301 726602.0374856213
7414 728117.7927827429
7678 728311.5752715135
7737 729234.1300035879
7989 729711.2239696254
8001 729822.4048918072
8123 730698.6530568256
8833 730740.1440279004
8867 730754.1452960517
9074 731369.2583780764
9095 732295.9180871135
9398 734041.5651183150
10000 692333.9643727001
evaluations raw_y
1 669291.6841649016
3 669916.7395831620
10 670900.7225726878
11 671282.3123076672
29 671558.3034659922
41 671717.6611743398
44 672621.6007764608
119 673656.0539402850
134 674231.8715635780
142 675632.5278260133
165 675648.8144533566
170 675919.6305118164
197 676293.4764520663
208 677128.3607298922
214 677290.9913782551
217 677805.9903213395
229 678084.4642370930
235 678813.9832540175
326 679324.5635675177
368 679913.1477289526
501 680087.0402769409
547 681123.6724367077
591 681194.5860835245
629 681483.1284439723
643 682083.0907283714
891 682590.0923540387
991 683438.9517268979
994 683553.0606193208
1018 683586.2264575087
1062 683655.1998409692
1072 683895.4450005785
1092 683918.6853298537
1179 684637.9159468445
1196 685339.0620823485
1202 687737.6100469325
1234 687802.0145338976
1281 687996.2510242137
1336 688086.9618709499
1344 688869.7695249743
1387 689244.8910243014
1414 689414.2470240799
1418 690062.7696783742
1571 690720.9287894552
1581 690899.3382429305
1755 691013.0843552345
1774 691572.1970947455
1953 691748.5341482313
2056 691818.7701346823
2082 691832.0734388843
2215 692150.8217395027
2249 694393.3051233466
2322 695259.3486490726
2436 695687.5292632136
2613 696153.2144196127
2758 696874.5197907262
2801 697086.9328119153
2880 697138.0399257375
2927 697645.6592711987
3032 698605.2882194597
3110 698621.1861751215
3352 698671.5943065183
3523 699369.9772358055
3537 699540.8706614655
3564 700187.4038386063
3742 700402.9734063335
3770 701412.8658877831
3830 702200.1986660607
3869 703051.9177733540
3997 703970.6142598314
4004 704042.9248197464
4393 704203.1665876479
4500 704850.3583357722
4709 704925.7812220486
4957 706433.7761522062
5175 707606.8677041485
5345 707774.2511449924
5378 708031.1288707566
5485 708064.9067735749
5542 709273.9515789351
5623 709415.6961122602
5811 709599.3517236251
5845 709834.3067783839
5878 709937.7546361844
5896 711215.0258341500
6127 711789.3714608910
6285 711965.5905689480
6312 712171.6920819848
6733 712408.2125932882
6849 712817.3140788941
6863 713302.9657351965
6924 713534.0508892648
7349 713777.6855417785
7599 713817.9825578108
7708 714023.9454286675
7747 714231.4262106975
8251 714907.7237781889
8801 715547.3330219002
9369 715691.5638816759
9449 716177.9612154413
9609 716701.5764377908
9694 717349.9710928826
9835 718737.4407559964
10000 715685.8629850601
evaluations raw_y
1 680520.6303188383
5 681510.3436691719
12 681638.4564407147
13 682071.7035229810
25 682490.0154283660
30 682842.6500115693
32 684106.2698298123
33 684542.9771805846
37 684999.4479299204
48 685155.7767402899
49 685931.3956376938
71 686058.1903184686
87 686592.2299020058
90 686793.2424682146
138 687192.9257016985
147 688035.7612680155
156 688884.7895798569
184 689055.9214386231
203 689220.2164055411
216 689917.2940304563
240 690497.3104864103
241 690529.2735102827
277 690757.0186650731
316 690896.6428611631
317 691274.5776271543
334 691929.0569765780
395 692790.8942621296
426 693292.3056053522
446 693673.8717616296
551 694333.5671133013
596 694389.3452749558
644 694551.8587946596
701 694630.1397469855
707 694931.9643402891
1001 695462.1853071232
1022 695637.0132585939
1083 696117.3284213342
1134 696712.8011903936
1169 697371.0712939620
1254 697789.1656063474
1279 698457.0623077429
1387 699553.9148038378
1425 699669.9905083203
1439 700522.5297042540
1471 701014.4493432719
1585 701619.6703328594
1592 702823.5646653359
1616 704460.7258176882
1855 704656.5538259925
1903 705223.3876464346
1945 705420.7568630264
2007 706950.9552201009
2191 707066.6814220680
2397 707937.2416831549
2522 708228.4453510661
2535 708564.0836439624
2540 708583.3249187662
2673 708933.5273985697
2677 710014.9389643330
2886 710402.8028896728
2952 710634.6690237520
2959 710770.6054486049
3052 711076.3008616816
3202 711303.4986001304
3332 712239.0479462057
3372 713087.1604010612
3381 713978.6119285594
3494 714595.6611640296
3583 714950.8882292005
3621 715639.6018370067
3846 716112.9868561840
4076 716170.5130005617
4128 716174.9340395345
4238 717467.4581171985
4356 719346.5103674738
4407 719353.9960296371
4409 720283.7980995863
4528 720864.5714169177
4601 720921.0491535574
5006 721360.9816624575
5091 721694.8266013864
5173 721765.1760054053
5200 721893.9457104589
5225 722586.7639010361
5607 723368.3566673389
5814 723528.6652276112
5899 723709.0372741345
5925 724113.5865640222
5982 724341.6938663247
5992 724474.0954763393
6033 725169.3062395640
6296 725328.6089798140
6341 725425.9993400644
6395 726044.3005257256
6431 726955.2665984803
6710 727206.5697693558
6977 728908.6965455350
7287 729353.4161148438
7345 729462.2428410719
7348 730174.0188714740
7365 730418.9229816849
7671 730839.7456172621
7702 730958.1012448268
7907 731204.5017699586
8524 731711.0139940064
8597 732102.8961906064
8869 733058.2419853553
9778 733579.5815333588
10000 716799.9919605415
evaluations raw_y
1 702778.4402362645
7 704788.6158461872
31 705778.3493896405
35 706301.6407026079
50 706717.3147918106
60 707950.7149717634
86 708299.8284875028
107 708604.7432015990
120 708919.2725313946
132 709002.3949330113
157 709165.2185051378
189 709252.6412934109
222 709991.4506059812
234 710204.2476926121
288 710895.8955172179
301 711623.6899741703
487 713006.3735318566
601 713023.8792414033
606 713535.4176224526
638 713793.5265367869
738 713957.6420394549
765 714678.5675503877
863 714879.4889512004
901 715412.0283124809
937 715432.6421065163
1052 715523.2922876431
1117 715639.2197770395
1144 715936.8790547524
1150 716726.1434932546
1210 717227.7121976577
1214 718518.1911521415
1258 719459.2260585353
1260 719502.1083865003
1443 720433.1516481073
1452 722025.3323711058
1877 722802.8902706498
1878 723155.4729878403
1880 723749.9546983519
2217 723876.3841461214
2322 724653.0700630115
2393 725262.8630769994
2419 725393.8609425358
2608 725506.4860658189
2618 726195.7365196323
2925 726264.8627371333
3013 727089.4539089232
3033 727921.5867577563
3163 728137.2970929375
3190 728838.6049836123
3350 729709.4824549932
3420 730524.9783696220
3424 731060.2369610262
3490 731508.9455671742
3575 732257.1765056825
3749 732305.8193833871
3918 732481.1102638209
4073 732731.3380396982
4096 733213.4758852457
4147 733343.4122740122
4230 733476.1906686776
4239 733883.5802133908
4245 734099.2622864067
4404 735323.2030018249
4580 735410.1833535405
4676 735517.2842079600
4721 735828.5294723089
4852 736354.0619424707
5133 736528.9970118550
6002 738487.7945161560
6836 739448.7837148658
7056 740043.0778023079
7160 740099.0354486266
7901 740350.0463989765
7908 740393.6161127528
7910 740809.6183414282
8071 741426.6540801993
8122 741839.3825958273
8196 743730.2288222180
8524 743854.8459042970
8528 743952.2142486622
8705 743992.5531467481
8863 745208.0535356989
8902 746098.4657692022
9081 746419.5761274743
9127 746822.1545996574
9186 747029.8042877495
9379 747328.9005971686
9395 747426.4251862691
9777 748242.2135115905
9872 749011.3700204372
9983 749613.6783205963
10000 718661.1232451504
evaluations raw_y
1 717757.5137975086
4 718565.5866697581
9 718641.0138222541
14 719414.6173295790
17 719892.7331409353
30 719950.3873041139
32 720281.4340902640
80 721975.5054948420
97 722204.7372755344
99 722587.1567698984
122 723209.4143144423
163 723266.4285714166
179 723908.7405504090
205 724829.7202181072
308 726084.2155152314
318 726866.5951450244
322 727345.5787404068
497 727984.4579012955
579 728372.3658101156
641 729751.5303167441
691 730474.3141652290
696 731434.2787718411
870 732431.9988051002
905 732545.7755780446
987 732826.2065796683
1103 732860.8952546095
1133 733294.6909935196
1351 733344.0351662303
1362 733562.8978984668
1395 733742.1635982340
1440 734114.1469414178
1477 734518.8713462119
1605 735149.6985391384
1614 735283.9266203245
1640 735649.9165412044
1886 735666.8961960319
1978 735820.0708658303
2047 736220.9473256465
2114 736409.3083156811
2124 736829.1733870285
2433 736886.2708529279
2476 737724.4936569931
2712 737768.4038821663
2767 738142.7488488136
2825 738367.4336467654
2863 738974.5472116647
2922 739606.5020974838
2954 739900.4714326053
3129 741545.4592363407
3168 741893.8675160555
3236 742213.0689164867
3445 742536.9577956162
3509 742621.2093916768
3621 742671.9213916266
3848 742880.9945758141
3978 743396.8157866154
4104 743537.7624070734
4110 743770.2403946521
4251 744120.0460694010
4271 744966.7396434312
4500 744976.7759642535
4550 745545.3148246119
4601 745553.9035881584
4620 746311.0134742877
4689 746980.5765797369
4717 747095.0572318463
4749 748549.5780430312
5028 749664.6551826084
5459 749929.4877872289
5748 750588.7957941400
6007 751111.2475945592
6137 751313.2343697742
6345 752249.2683828155
6424 752443.2528074414
6609 752745.3649754191
6689 753616.2023728787
6707 753824.8192472984
6832 754225.3889740915
6918 754291.5547952440
7089 754435.1723188965
7236 754624.4656629610
7280 755868.7496686538
7385 755958.2546199126
7436 756036.2579420173
7540 756582.9363609706
8004 756797.1671612493
8006 757730.5641287442
8037 757806.9669376138
8199 758322.4892214043
8429 759211.5144081060
8570 759357.1541512640
9069 760252.0890932912
9458 760982.0460978734
9489 761011.4251296438
9814 761237.7903699171
9897 761268.2882877865
10000 736885.4574806970
evaluations raw_y
1 690815.2841713381
12 691477.1050182402
14 692130.3995810532
25 692178.5602385717
27 692579.3644226490
34 692778.8450659557
53 692824.6816878737
69 693729.4835006734
93 694545.3782263697
101 694777.4569997682
116 694872.3904962704
122 696565.6158795275
204 696851.0010380222
222 697954.2049173760
320 699397.2717297757
323 699429.0785986427
324 700070.5775849510
339 700289.9148513610
362 700293.8646611079
373 700743.1948653554
451 701602.6334671503
647 702060.3607802073
729 702689.3304756749
794 703504.0837767862
796 703554.7343561290
920 704473.3247168289
930 704560.4698533004
1051 704940.6263763413
1167 705058.8134083871
1183 705253.3139049578
1203 705351.1437485054
1236 705451.1704301422
1246 705538.6049539046
1324 705983.8554632606
1460 706110.2871271293
1548 706318.7897872991
1650 707075.7357331758
1690 708197.9175325296
1840 709617.9531678424
1875 709943.3742625961
1899 710501.0164372836
1900 710654.9826067354
1913 710879.8629928849
1923 711302.1565135482
1993 712144.9033664063
2147 712572.0679848294
2178 712939.0679337991
2269 713013.1072675437
2272 713617.1583903627
2645 714055.4194565181
2805 714243.6412646185
3012 714919.1543232191
3097 716234.0986026314
3185 716328.4515907890
3225 717057.7873639587
3235 717083.0855584290
3367 718026.6403944797
3406 718237.9810820133
3482 718401.8241472979
3527 719706.5589938081
3686 719797.4369953291
3747 719901.7868044832
4107 720284.6451651278
4246 720310.5670948399
4332 721604.9590374926
4665 722201.6185735634
4929 722296.4655586038
4956 722497.9755372424
5019 723443.2826634164
5171 723823.1146315048
5346 724744.8270007476
5907 725287.9109533740
6021 725992.1361444134
6180 726265.4320667246
6396 727113.4160019035
6514 727496.1236680923
6858 728006.5317331899
6912 728812.4303709095
6938 729060.4574714396
7150 729546.6462297835
7152 730352.8310715705
7157 731287.5901054952
7439 731539.8524119034
7750 732450.7970681114
7840 732828.2489838974
7883 732883.9640744362
8027 732898.1176369027
8338 732981.2169046006
8421 733592.8728979833
8641 735270.6524985656
8901 735896.7881671858
8912 735974.7713832634
8957 736259.9288742894
9271 736364.8948670820
9486 737930.5452295903
9676 738177.9706295048
10000 723386.5112299081
evaluations raw_y
1 704276.8872608084
3 704507.7882341414
5 704951.0116813664
6 706289.5262037634
18 706516.2162693304
29 707427.1815772417
30 708013.3085042899
40 708055.8449167958
45 708779.2489295199
63 709394.7148461158
84 709901.6611169782
93 710230.3037267930
99 711439.7170716890
130 711863.6120778257
137 712515.5975667929
182 713933.1053267152
342 714287.3097377652
424 714539.4972809153
443 714816.3634022083
507 715722.7694766510
531 716545.4723078344
609 717020.9444535826
642 717378.3940657297
830 718704.6923763570
895 719623.3702325182
912 720100.7849382912
946 720600.8942699828
1036 721137.8937296205
1292 722451.8151760598
1293 723293.5060088451
1448 723986.0529285996
1505 725305.0194622307
1581 727089.3844148185
1835 727307.0279026398
2061 727320.6763797293
2121 727458.4027693899
2183 728372.3276012961
2212 728614.7502492969
2366 728642.6434170718
2403 728804.1048099529
2453 729093.7617458839
2463 730177.5192249118
2619 730908.1577585166
2687 730946.2335852787
2874 731452.0695043707
2972 732491.1583761079
3069 733743.5641991886
3339 734356.2302366159
3468 735130.3063750556
3626 735186.1731442737
3722 735772.2213553933
3853 736321.7533367308
3971 736451.9941285863
4320 736515.2508374378
4517 738052.1005365025
4985 738380.7372676621
5105 739423.2043892707
5563 739479.5270343880
5985 739932.4970315290
6183 740167.6591480600
6259 741454.5598412408
6281 741949.3582459319
6584 742074.2764941014
6613 742154.0587450974
6743 742830.9081309434
7108 743609.0094138099
7115 744029.5685668957
7211 744357.2883806764
7326 744373.4101052318
7482 745024.1647659659
7725 745883.5679146148
7797 747543.9697483048
8004 748016.4401932346
8034 748096.3816435363
8363 748738.0923243065
8485 749317.0836709358
8747 749638.1286606312
9242 749802.8113883588
9514 750008.4219826363
9558 750137.6046877059
9969 750408.1885261853
10000 722388.5432886475
evaluations raw_y
1 692794.7579585852
3 693018.2038431916
4 693836.8538027566
5 694789.2686748869
6 695908.6326552068
8 696470.3349170052
15 696811.1031481739
17 697759.8850150357
18 698348.4138005753
46 698871.8846451726
50 699018.6411383006
126 699563.6919571030
147 700370.7188814208
208 700853.8793163295
213 701100.6146189554
324 701514.3481008490
325 701723.3259767242
373 702202.3814382183
414 702496.4744062010
441 702539.4022462200
497 702594.5200658765
510 703272.3557387599
511 704465.6559173642
537 704911.7067277074
680 705158.1597601741
691 705584.3552141304
827 706276.0251928070
861 707601.9172804095
880 709217.2274288014
944 709383.1769547234
984 709951.0300759014
1006 710168.9282890677
1046 710752.3031148990
1062 711295.9216194458
1095 711354.0487685928
1114 711820.3683448652
1304 712896.3511860016
1354 713514.0877259156
1372 713907.6938377459
1379 713919.4036271696
1487 714720.6485285732
1647 714803.4215749284
1731 715595.6929545491
1750 715669.9164415657
1764 715689.7947664456
1910 716116.2367105623
1946 717156.0489645471
2014 717188.7766923365
2051 718768.8718789626
2158 718940.0396178497
2183 719029.0284436294
2260 719340.0947997964
2513 719962.9309432051
2615 720214.9886333774
2742 720785.7417056871
2843 720893.3948962527
2895 721106.1982238685
3084 721123.3306439436
3366 721322.9493756917
3436 722382.9726884774
3466 722496.0280055170
3515 723701.5085263897
3655 723900.0307382059
3733 724094.2486852452
3777 724392.8262197740
3846 724655.4058831967
3938 724804.6806074479
3997 725704.0986907752
4106 726595.0165588943
4508 727123.9094808714
4831 727661.8542842964
4982 729448.2017849369
4983 729560.8086637055
4995 730512.9497334843
5228 730955.3673902758
5582 731304.2484030862
5596 731445.1696784362
5664 732779.4266065129
5821 732931.2586921558
5996 733306.0954420548
6014 733571.3284202635
6416 733613.1632452841
6427 734131.0085122277
6607 734740.7836984432
6854 734778.8734563201
6861 735478.0573969695
7043 736401.0903890312
7519 736505.6898173463
7547 736626.1198616457
7549 737268.9931621617
7759 737397.9094239225
8077 738532.4761489786
8107 738896.8744062526
8118 739414.0901214075
8300 740001.5384338876
8346 740244.9490336577
8433 740771.3720270192
8751 741126.8557007812
9263 741359.0360944852
9626 741710.4519186325
9992 741985.6109973899
10000 727443.8709682748
evaluations raw_y
1 680036.9381997274
2 680777.6769156425
7 681080.9857946162
14 681419.6100766322
16 681662.1222453928
37 681697.2138107920
56 681905.7647199912
110 682028.3282176438
146 682416.3496806696
164 683139.7919519254
174 683452.2073783919
198 684017.1304842936
210 684145.3271196851
291 684698.6138572292
302 685042.7878691688
325 685447.1654616236
354 686963.8548057094
356 687151.4696253672
369 687478.9757110735
378 687878.2428349317
432 687987.3959609600
482 688157.9202927091
496 688372.2677308416
508 688971.1579085264
535 689051.5958074076
557 690323.5031574076
579 690984.7111318512
633 691820.3246369729
648 691964.9005269435
724 692145.2709700543
856 692320.6202365413
978 694478.9209910617
1133 694516.9701437253
1138 694795.7840778104
1208 695456.7767495437
1216 695689.5091808782
1248 696229.4018636964
1282 696364.8589950053
1326 697628.0708880142
1518 698567.7146764544
1568 698702.1339321429
1675 698997.3272105054
1680 699585.7257768475
1783 700232.0119938981
1828 701288.4826315914
1899 702573.5323538525
1972 702868.9507656917
2020 703719.7931066896
2060 703781.8803641322
2261 704444.1073856592
2293 705062.3707322418
2515 706274.8707873581
2574 706596.5609059320
2627 707928.8098122299
2819 708037.6362134829
2877 708697.9408898997
3002 709599.7300473568
3458 710431.7933073440
3743 710981.1325049920
3843 711800.1016077419
4001 712494.3992212701
4165 712569.7952438878
4175 712586.6580059621
4397 712661.1876366037
4424 712887.2913636091
4508 713366.4890911188
4687 713583.4690776769
4734 713667.8146095523
4754 713998.6030616153
4830 714070.6917034235
4854 714458.3961868259
4887 714686.4794018188
4949 714946.0849618023
4977 715868.6019397869
5000 715971.3061182753
5018 716634.1646527073
5046 717318.2597936392
5105 718453.0051674461
5244 718520.6910528626
5484 719257.2985494025
5679 720164.3981607455
5744 720207.3948931309
5998 720366.0924014059
6399 721791.0524455732
6884 722482.6963356360
7235 723793.3148051377
7604 723854.0463767665
7837 724204.8295335410
7927 724329.8411818108
8184 724872.3530030516
8464 724904.3426610539
9020 725048.5475713453
9192 725543.2967010657
9415 725608.2137437273
9426 725763.8586344562
9459 725783.6829710420
9797 726232.7490491159
10000 695540.3689976864
evaluations raw_y
1 713905.9164916414
4 715034.8390732667
9 715217.2853895318
23 715689.3396755800
27 715914.2127642452
42 716128.7839706790
43 717048.6955084411
70 717940.4738569712
80 718875.9320243077
84 719521.0841941064
105 720573.1534238565
106 720702.0950899646
109 720807.2563225125
115 721634.6667252765
158 722256.6545863497
179 722262.9064589235
203 722762.9348167615
206 723209.0333235655
233 723574.2202208359
254 724213.0532191908
280 724716.2663982883
331 725206.4554886462
374 725978.3909606583
392 726773.9163929839
459 726869.8996492758
476 727751.9598867819
598 728236.1703318056
634 728254.9557265198
786 728408.0328177745
805 728713.8336131588
859 729004.3764643839
867 729232.9118655743
894 730800.7811156365
929 731170.2954793749
1065 731199.9158426207
1066 731322.3340910550
1071 732118.4701524192
1165 732203.9574331887
1480 732317.8191091879
1529 732992.0854455960
1560 733186.0802971665
1628 734452.8474928539
1741 734465.3771647251
1816 735278.8778968359
2027 735643.9235177485
2096 735976.1769130896
2132 736974.6895577856
2363 737350.5671769001
2376 737538.9187071646
2413 737787.2600041126
2438 737888.9901791270
2508 737934.9292100213
2526 738439.1434149418
2719 738840.8812510539
3102 739662.9519409039
3121 740437.2096666365
3136 740873.2035944872
3594 740952.4409719612
3663 741182.3218764352
3728 741881.0160190567
3884 741961.4132960608
4081 742349.7349312330
4094 742547.2547689416
4145 744593.4652135974
4173 744774.7226562459
4235 744788.9632391845
4243 745741.6473026954
4448 745778.0694684794
4500 746374.3557058307
4647 746793.7045164171
5046 746854.5612114221
5062 747342.6729745633
5068 747742.4082028620
5124 747840.5300787153
5219 748445.2691873462
5631 750405.9029924137
5684 750908.6097593984
6052 750915.9585425977
6087 750930.6386639756
6343 751648.2413371310
6568 752155.0273704575
6719 752352.4046504523
6736 752533.0771821984
6849 752611.8643588804
6871 753122.5975375081
7568 755177.6634880124
7953 755577.8822373218
8289 755645.9110415148
8319 756428.8232342255
8389 756572.5265198697
8608 757339.7277498164
8831 757426.8096936544
9107 757580.2250890520
9246 758096.0408317967
9281 758376.9340519260
9541 759271.8527295165
9797 759707.5332370145
9933 759966.9435049178
10000 699812.1573319148
evaluations raw_y
1 673890.3016414262
17 674532.2584634848
19 674560.0423258553
20 675207.0862365210
26 675711.6667275106
32 675973.6331751631
40 676314.7380566320
62 676481.7245494777
84 676565.4342701000
230 676966.9426514255
253 678244.2962108405
287 678333.1319324736
308 678875.2208951992
392 679245.7789593015
420 679834.3436431574
492 680118.6798730202
496 680713.1770564435
502 680868.2498247414
520 681009.2146716897
533 682850.1477738998
595 683053.0726840703
609 683125.0326999858
621 684107.6184100161
626 684278.2338110987
646 685542.4561668721
773 685630.5974654410
828 686250.8732778968
1059 686794.6635166185
1159 687233.6823175002
1264 687923.4385835817
1347 688091.7255551228
1470 688525.2381699122
1486 689246.7767084431
1626 690041.7695150214
1747 691017.7912961903
1886 691402.5861488237
1943 691434.0430209957
1985 691668.1763649808
2087 691670.7779477797
2125 692586.7935049064
2133 693150.8270240544
2316 693615.2829312887
2427 693955.6360040010
2501 694673.7234050476
2513 695572.0097316774
2611 696353.2106786140
2678 696651.8654947451
2726 697037.0503988345
2766 697803.5767292454
2789 697961.2466999915
2902 698375.1282916475
3046 699562.9267371646
3156 699863.4120285088
3255 700303.7243681888
3288 700348.1830940937
3327 700575.4921643969
3340 701192.5163886842
3356 701767.6353540407
3536 701822.5419261840
3570 701863.0918386783
3573 702209.2621022041
3671 702700.1395890942
3846 703277.2112518046
3863 703798.4007249611
4023 704090.9623933460
4094 704549.6515047844
4178 705272.3256181611
4180 706059.6820485436
4273 706144.5356181298
4278 706386.5580385852
4358 706725.5285111881
4594 708503.3644592785
4865 708888.2408801295
4989 709593.1693430474
5061 709672.3680950699
5169 710091.6551770716
5398 710651.8368868503
5761 710687.3566790043
5813 711057.6736681075
6126 711712.7635630640
6211 711808.5791275856
6241 712272.0286240121
6307 712452.7391922686
6401 713179.7974403682
6527 713768.4348574629
6577 713776.7531195909
6684 714460.9358187941
6826 715247.6640195214
6861 716439.4403742910
7151 716996.7827120150
7462 718238.7381972237
7738 719072.6596023531
7915 719269.3133098243
7946 719940.3023548945
8049 720782.8883428550
8101 720847.4788647268
8194 721186.8701071453
8207 721815.5608823539
8408 722010.5896003088
8417 722749.2621600750
8657 723501.8807762361
8979 723651.7498424808
9143 724350.2106121809
9376 725060.2718520137
9565 725239.6864338316
9620 725471.3964214277
9635 726164.3563557609
10000 701424.2853454401
evaluations raw_y
1 684096.1060183391
4 684103.5282071059
7 684576.4155294109
15 684946.7566149950
21 685305.5601441755
32 686120.1477435121
37 686708.7339974672
43 688265.2019450923
107 688459.3413382445
119 689006.5518170879
146 689807.1680879447
157 690551.4408800332
178 690756.2246047917
221 691472.9923464031
240 692521.5552274978
287 693162.5984332989
316 693726.1425460407
335 694432.9394507487
369 695058.5371076680
382 695392.2064092405
400 695442.7763096550
409 696504.7830515397
430 696627.3549138465
446 697107.2516098282
456 698158.5660705777
464 698956.3142762288
548 699179.5826283542
656 699412.9089534456
659 700204.5536265859
682 700798.3663189660
743 701486.1935296023
815 701657.4122414902
839 702017.2622344984
1096 702773.4582364736
1167 702852.8299999502
1176 703045.1675437307
1186 703129.9794571518
1330 703289.3740502729
1372 704002.2138447185
1394 704187.8024546815
1397 704899.5809674815
1485 704916.3594385439
1715 705600.5145938450
1795 705923.3175069398
2038 706105.0627439442
2147 706186.0567957188
2209 706764.8068579893
2262 706835.2947624825
2401 707509.6451293362
2534 707952.0435409257
2562 708112.1938936320
2590 709050.3056625591
2616 709500.9351842159
2623 709822.2068971777
2715 710119.4373639720
2835 711695.1674408899
3024 712418.7081676465
3044 713414.8048546150
3161 714011.2894417244
3384 714137.3243197254
3479 714210.1500294978
3624 714487.7837616502
3723 715574.8633779373
3798 715991.8982522305
3806 716792.8825905330
3977 717458.0588689980
4098 717545.1668981476
4124 717653.3403093481
4174 717887.8118464529
4220 717931.8165897356
4383 718233.4959592980
4429 718253.5239911573
4434 719815.7622394036
4600 720839.5586929237
4756 721405.2148805894
4900 721751.7109889159
5273 722613.0964780012
5319 723601.9101132528
5522 724172.5968479449
5525 724452.6313079224
5774 724760.1440127757
5891 724875.7775494369
5949 725121.8397420344
6260 725655.2898206288
6461 725783.4326218681
6811 726154.6279197298
6870 726264.7711566447
6892 727241.2561680077
6943 727673.7931666651
7470 728277.7261439918
7893 728391.0323020749
7896 728881.7823551329
8030 729101.2804527829
8125 729709.3553507810
8433 729898.7034024729
8434 730401.3236581782
8582 730832.9905891442
8725 731386.6300211968
8852 731723.4884854582
9177 731893.8154805540
9279 732652.1275893931
9571 733069.2774488847
9586 733608.7308738312
9673 733981.8341979836
10000 687192.8380878498
evaluations raw_y
1 683303.0560983074
8 683399.3124324793
9 684253.1122141161
11 685789.3372736740
12 686405.9876384819
14 687291.6941233234
22 688782.9664057837
28 688801.7591370955
77 688974.8981793150
118 689185.7809819323
133 689866.3235418722
140 690028.0300648628
146 690183.3215502357
147 690682.7699879726
178 691593.7352024218
192 692584.6238928146
220 692920.9112392964
230 693180.4908084647
272 693346.4276927338
282 694016.8261431416
303 694408.9038073361
345 695186.0425594721
396 696174.1123074064
450 696379.3364247059
595 696643.1295558237
606 696719.7363921034
663 696803.1088767389
707 697420.2176899721
771 698191.1220091425
883 698899.5534010143
965 699033.9688679227
1011 699809.3726580264
1025 700124.6655410188
1133 700159.5683341449
1203 700860.0161910836
1313 701000.9886638867
1383 701493.1084075575
1421 702756.4728392143
1508 703674.1231705843
1519 704601.1427800501
1550 704778.1729477529
1555 705362.0547022222
1582 705868.0309143976
1637 705977.6980990762
1759 706255.0681101452
1914 706260.9182768437
1924 706489.2442613514
1982 707077.7549760911
2004 707478.8795135110
2026 707997.6202256366
2056 708171.9772408257
2153 709121.2247889774
2362 709733.1509686650
2419 709836.6396815350
2483 710207.3826506817
2515 710581.8671307785
2535 710617.7598555391
2561 710662.1741394163
2585 710961.8172581244
2622 711053.9572695005
2755 711521.1285641576
2759 711540.5881800854
2817 712464.6754103199
2879 712699.3185522746
2931 713318.8714024097
3030 713407.6319667487
3200 713408.4427620672
3246 713700.5903305364
3337 714566.2065879726
3344 714615.9758110648
3403 714831.7675826375
3422 715384.0326095151
3473 715622.0907261421
3491 716259.7780104877
3719 716469.8474207036
3851 716754.4668363190
3954 717016.2809182480
4068 717529.2751389953
4117 717988.5100038144
4140 718295.2312222178
4290 719423.8534483860
4328 719766.2302169040
4474 720100.0908231329
4486 720393.0283423746
4581 720643.7731877767
4649 721517.7579951782
4673 721899.7367201634
4687 722611.5639669958
4753 722647.2967661406
4813 722986.7674350579
4834 723133.8697249154
4876 723169.3108244386
4931 723881.3392668813
5024 724101.7299648660
5086 724184.2776496804
5150 724670.4505657092
5176 724787.8778646104
5254 725705.7398423149
5341 726274.0964065262
5370 726697.7183864733
5376 727995.9038379386
5523 728893.7451688732
5596 729220.5566697016
5613 729941.4105772492
6010 730750.0856303759
6254 731298.8271864937
6499 731984.7174684888
6920 732672.3711959552
7183 733337.5723480572
7243 733887.2476053704
7456 734302.2790479924
7709 735439.8453740758
8098 735736.6318898123
8688 738364.3943787295
9137 738504.2326709097
9412 738627.1858336431
9415 739419.9224683584
9568 740034.6775600919
9807 740494.4377577204
9932 740870.3561902045
9938 742592.4056208815
10000 723168.5544178748
evaluations raw_y
1 682988.5161101898
7 683226.3526564607
14 684004.6427885810
16 684147.0890988675
103 686072.8249138397
190 686558.2941069755
197 686846.0986547892
204 687240.9475173599
221 688155.3109785530
224 688970.2930929594
241 689500.5642872584
257 690017.5463712517
269 691974.4039901547
295 692011.9140847877
301 693436.9462962701
332 693716.7542656562
561 694369.2829545875
582 695085.9348704099
689 695343.6682093553
715 695433.8278484038
739 696758.4060720933
763 697239.5309492769
855 697509.7470753744
883 698036.0152439672
1172 698075.2072332903
1251 698315.5297831313
1281 698791.1316653584
1350 699410.7537175003
1394 699456.5316958735
1426 699938.2266479516
1456 700317.1387677118
1471 700659.0070260823
1555 701234.9559463523
1563 701349.9646359143
1698 701475.2220521716
1724 702257.7985693759
1737 702423.5915362563
1843 702506.7507400963
1907 702838.1863341327
1939 703253.7057635036
1981 703595.5991403547
2046 704352.3008952482
2118 704426.8220458536
2171 704983.8236584570
2235 705489.6598816719
2239 706419.0771318411
2325 706656.1284346844
2584 707078.2807301086
2654 707607.8133654324
2670 707857.4266839406
2678 707920.2375318592
2721 708569.2911559234
2769 708707.4162877998
2842 709168.6472888144
2870 709744.4860682985
2952 710269.8298458896
3028 710439.5121806309
3048 711288.5383015987
3142 712253.7825112583
3154 712962.0445002151
3162 713953.7427839530
3295 714426.8084806261
3388 714848.1912826111
3435 715117.2947785264
4148 715596.2087598905
4284 715871.6390430431
4406 716686.9813602379
4447 716706.4579658104
4792 716732.1903678245
4936 716910.9844845162
4970 716922.3010266609
5174 717234.9941771597
5300 718139.7116543181
5312 718576.7449381045
5551 718655.6805335404
5752 719571.3491635411
5869 720077.4674295012
6047 720393.8956408791
6232 720600.2696632978
6399 720811.2241061402
6428 720995.1213742235
6496 721052.3174109912
6534 721383.3914288608
6546 722217.8749715928
6595 722983.1196685093
7092 723588.5943325148
7142 724453.3216721000
7964 724607.5202632261
7977 724917.2325716135
7985 724941.8521203237
8006 725441.2364628137
8129 725973.2586773456
8491 726026.3447073491
8733 726179.9724379196
8920 726379.4397113266
8926 726717.8445154736
8995 727015.8392945109
9058 727248.0977621760
9605 727393.3168345762
9774 727890.9626968895
9878 728158.1925472516
10000 720627.9474058172
evaluations raw_y
1 658739.3175353504
3 659457.4479050076
4 660035.6798679053
5 661537.3548947701
6 662161.4548019709
10 662231.0597249058
60 662934.8307645627
90 663354.8794777116
196 663773.6679999559
259 665139.9078853920
289 665340.1932420853
290 666598.1718489105
307 667516.8887861335
311 667860.1098992532
328 669396.2153161434
423 669506.6907449326
425 670238.0405282327
454 671362.8326455767
524 671828.9388073179
565 672868.0636043267
653 673747.0129293397
716 673753.2511534997
718 673957.1378421691
724 674262.3469287893
734 674391.3549295013
759 675114.8146969128
788 675955.5645767673
848 676338.3576574995
849 676860.6673437592
1049 677309.5104076068
1344 678365.1225845300
1432 678933.2229295359
1474 679601.1732346311
1564 681178.8211320445
1927 681967.8281370598
2012 682149.3302680957
2102 683424.1247824511
2210 683646.5549226454
2283 684615.7293161282
2329 685904.1084406597
2413 686826.4844335067
2476 687341.0956897304
2483 687349.3808685889
2578 688105.2698808712
2630 689419.5053625959
2758 689513.8639510077
2921 690381.5231515105
3043 690512.3458480482
3069 691391.9618347430
3415 691576.4665640603
3466 692092.0455208190
3614 692360.6588090834
3640 692522.3847516403
3804 693137.1636540903
3954 694629.7162805274
3977 695612.2781290422
4174 696407.9852650678
4531 696888.6322647769
4681 697273.2483392030
4700 698241.8998792430
4744 698706.4905483711
4770 698970.6892236689
4881 699258.1738308129
4970 699470.2408748798
5026 699765.2070416978
5280 700189.1817357313
5289 700390.8203459464
5401 700761.1833413739
5419 700914.6342214026
5585 701219.0672003789
5662 701420.0876492118
6183 702366.4324108921
6553 702379.9654367103
6869 702903.1506209684
7228 703425.8412163849
7280 703551.5383226369
7485 704534.6241874668
7570 704929.8827094516
7836 705771.1886065946
7963 705870.7327529957
7978 706201.5101365999
8230 706516.2654018624
8248 706625.5857702472
8377 706637.4605368023
8417 707078.0384625365
8507 707147.8990656704
8649 707394.9113025287
8678 707491.9051271470
8801 708604.6581770222
9435 708845.2121048410
9513 709549.4351563095
9640 710440.2658492237
10000 683408.7805323534
evaluations raw_y
1 684484.6144846461
18 684542.8817745195
24 684585.2687703114
49 684975.5357348921
69 685674.1140578506
73 685790.7700771565
79 686390.3236768352
86 686849.3577922650
136 687043.7281842810
153 687831.0694066646
161 688148.0169913510
166 688614.6692008524
168 690075.2522743406
188 690632.9686399281
210 690657.8943283900
225 691516.0691371906
247 693236.8452308472
260 693694.4347227843
368 694312.2980317964
400 694477.4339506890
450 695292.4833135841
467 695327.2038605945
622 696293.5959265833
628 697147.3503212318
654 697723.9188402030
677 698713.9697530174
877 699456.9657462855
919 699663.9716165038
982 699823.0254730042
1041 701236.6800243963
1155 702529.2083029889
1175 703375.4984812703
1225 703765.5459924584
1239 704030.1042132323
1251 704673.6251571134
1335 704721.7448995234
1353 704951.9096718833
1411 705212.6106268879
1441 705371.9453196006
1500 705770.7910820344
1526 706630.8789790663
1727 706714.2852368909
1744 706820.1159992192
1749 707061.3898673524
1760 707187.7340200904
1866 708059.2314943679
1932 708893.0630309186
1967 709342.2843344639
2376 709434.7007605688
2438 709587.5822249663
2667 710027.2456537307
2763 710216.8656130405
3072 710489.1173114165
3089 711407.8748947134
3228 711718.4784645484
3311 711844.7395854357
3317 712364.7189316133
3398 712634.0747280358
3478 713065.9332939520
3499 713419.1491367893
3749 714326.0284800004
3777 715038.3096862556
3998 715814.4353534397
4095 716281.2592019400
4264 716704.0389743389
4314 717054.2788175303
4367 717404.4466199888
4381 717566.9712092117
4535 718135.5378658051
4710 718208.0073696329
4874 718758.8368196820
5055 718912.0989924048
5298 719023.7387300419
5368 719506.3991406285
5478 720145.3218521886
6016 720392.0809425389
6109 720551.5859863779
6114 721023.7929254730
6685 721482.6678712101
6969 721684.7864207475
7465 721688.6432044338
7475 721948.8190022892
7811 722237.4501443224
7921 722714.8258082028
8007 723014.6390828585
8027 724286.2392994402
8047 724983.0642519750
8522 725816.9820110704
8530 726233.1557191492
8539 726322.1392396879
8573 726329.6329378452
8613 726778.0361547323
8664 726925.4993762878
8734 726946.4838486041
8841 726967.8588189523
9233 727497.3793992864
9235 727540.9600973420
9303 727707.1325465669
9613 729017.7024770644
9866 729065.3139304416
9954 729457.9057912386
10000 668296.7005488167
evaluations raw_y
1 698400.0672566850
6 698838.8104762854
7 698979.7832382125
12 699560.9765553047
26 699851.3805546877
48 700077.4627654272
76 700815.1004460868
77 701484.4197624983
83 702021.7063457019
92 702454.8393629069
94 703391.9263547674
101 704348.6469510774
151 704360.4150678839
155 704532.3211101382
202 705215.1803739175
229 705448.1500708067
288 706190.8576218351
344 707191.9027353153
383 708629.0077140270
520 709286.5201189104
622 710057.4156162478
662 710454.6800152294
666 710576.5557670918
678 710877.0393000391
699 712148.0627596386
751 712811.9436186114
927 712970.7516433438
990 713223.3072011687
1032 713875.1956207603
1087 714243.8901902203
1196 714424.5864895218
1231 715970.6079748534
1305 716931.5068285271
1326 717849.1100842429
1536 718527.0988520581
1610 718532.1427638526
1632 718547.4954031967
1667 718871.3238739126
1900 720325.6221060304
2006 721156.1808707190
2042 721172.4906749910
2445 721181.4030696988
2644 722179.5895379474
2726 722970.4229478657
2747 724630.5054634005
3475 724817.6245854474
3499 724964.6412547545
3599 725559.4857857671
3668 725916.9869527533
3776 726682.2951469853
3852 726927.1190825421
4038 727826.1593340772
4056 728391.1925119499
4240 728595.2986736350
4340 728761.6313148837
4451 729194.2185101566
4515 730161.1810389271
4534 730610.1477234209
4598 731425.1273065876
4671 731518.1566496267
4740 732087.1803685830
4913 732501.1235553585
4972 732605.8058815318
5304 732630.5934422908
5311 733636.2923617777
5795 734729.0729598271
6229 735085.0427719317
6475 735403.0706544749
6895 735499.6598963476
7070 736419.5726273083
7139 736605.7069101586
7413 737148.4612541661
7459 737211.4020090926
7568 737366.0609804486
7583 737693.0949865197
7753 738626.4504856245
7908 738744.3343134486
7961 738981.5724956879
7968 740296.4526256343
8468 740350.0563151139
8482 740690.1832826219
8518 740878.9095871530
8534 741591.6615001557
8735 741994.0386333446
9427 742084.6687546112
9464 742153.5428660039
9639 743157.2984091262
9754 744469.1683598252
9958 744874.1561489750
10000 734046.6314583560
evaluations raw_y
1 713878.8381701851
3 713962.3848124137
9 714513.1007038447
11 715690.6752738003
21 716866.2397662501
36 716967.1212144860
38 717218.6143881587
50 717328.4022845430
88 717433.4154098075
211 718728.2563601993
267 718874.9664144878
281 719225.5567008184
355 719455.4791222569
438 719813.6957037547
485 720241.1810187533
615 721132.0346251735
640 721912.1175373897
764 723064.9077880161
786 723533.4051675115
824 724170.9692597671
886 725182.6128114907
966 725412.1814557530
1111 726071.4065494675
1123 726853.6620623919
1536 726939.4748221426
1684 727175.5606186106
1810 727214.8050592614
1898 728495.6594861803
2168 729058.9367153714
2175 729680.2606137563
2213 730637.5360535609
2479 731206.5537714800
2533 731739.3584817315
2591 732049.6601155715
2631 732701.3867998000
2711 733460.3843538283
2920 733972.1825587660
3011 735721.1953345794
3249 736299.7343801551
3332 736559.2323635814
3337 736818.2727217999
3373 737910.0776162957
3620 738403.1583931987
3722 739038.9277676683
3750 739537.0380737950
4100 739796.8670098402
4343 740474.7949511774
4410 741915.0341964435
4434 742936.9116117143
4506 743607.9933003230
4547 744459.1731687959
4609 744592.5579925237
4755 745013.4627950258
4865 745251.4627703247
4872 746063.0975444692
5041 746122.2263519078
5239 746691.2502616679
5252 746735.7446366050
5528 747266.7538550028
5634 747765.9555337529
5740 748052.5786234171
6060 748715.6659788366
6254 749063.8897241901
6516 749354.1145090108
6529 750556.6542288931
6658 750616.5030151327
6811 751771.8748566699
6905 752187.2378685778
7018 752574.6896154202
7085 752804.0092881713
7370 754335.0240754824
8004 754722.8174929171
8239 754954.1820710058
8268 755137.2209939590
8393 755734.9237318829
8475 756163.6905824090
8764 756453.6542370321
8869 756716.5695254075
9050 757384.8745547736
9104 757507.7350388619
9105 758182.5467949345
9178 758956.7044669413
9402 759067.3569066005
9535 759287.7196056218
9565 760032.8331755213
9662 760168.3201029742
9779 760769.0191021709
9851 761146.3281465109
10000 726403.5904469134
evaluations raw_y
1 691633.2198296064
6 692237.5982299768
47 692881.1730351564
104 692962.4655717906
124 693103.2496273631
129 694262.6055593104
131 695429.5007256123
157 696085.8005713471
174 696403.0674976597
225 697086.7776445569
278 697232.0287256937
306 697308.7400941881
319 697731.3949284125
337 697867.8683922745
539 698197.2129848510
569 698856.4240871075
690 699144.1071318572
723 700822.5269941567
804 701034.7689201426
805 701586.1552878817
849 702538.5537056951
921 702877.1323472466
988 704094.9986445749
997 704847.7412226815
1095 705693.7234653584
1104 705714.6724495370
1106 706318.4074573847
1143 706619.4696961262
1195 708037.5907730011
1271 708108.8916321343
1398 708703.4866239902
1412 709175.9689149942
1421 709355.4726809314
1529 710351.6763224497
1553 710931.9991699278
1590 711434.2157388174
1686 712023.9397737394
1759 712994.7066429646
1802 713554.4213019223
1807 713875.0773747923
1810 713947.9148158779
1872 714269.4363630875
2217 714639.8060553581
2314 714862.7330363059
2334 714971.5585329272
2604 715711.8889077897
2732 716430.2158196860
2857 717279.1445408432
3024 717567.7086332510
3065 718200.8492822546
3101 718634.6895475845
3207 719114.6992216057
3443 719448.9422778009
3510 719452.4758407038
3542 720002.0845367657
3631 720951.3354661025
3748 721299.6038716997
4058 721305.3101041662
4263 721769.6116820754
4392 722297.2515950062
4396 722342.3813751048
4524 722513.0981349504
4547 722956.9707160786
4694 723240.6294140600
4792 723802.8012188630
4895 723960.8734351667
5111 724125.7085074531
5154 724572.7856582233
5210 724944.4070586476
5939 725518.0816399790
6107 726343.7431104201
6130 727400.4985733073
6248 727714.7051463932
6493 727769.9173705238
6560 728014.2422660360
6659 728247.1215026600
6996 728481.8328794617
7002 729406.7702994226
7135 729588.2694979156
7211 730509.7009410694
7240 730615.5473247255
7365 731437.2901243604
8143 731453.1568633911
8247 731560.2217466346
8307 733162.1265187741
8309 733962.6235456881
8565 734026.9902722778
8896 734311.1089952054
9002 734883.0591388332
9024 734915.9762621357
9580 735395.0329679765
10000 696413.6094861549
evaluations raw_y
1 691744.2769596856
2 691877.9382239379
6 691890.2966615648
8 692901.4226946775
11 693099.4843771027
29 694429.3042300378
46 695261.0618002292
60 695912.9647983416
85 696648.7711624028
194 697630.4613618822
205 698422.5973492186
332 699179.8666895571
462 699479.4613146685
526 699798.1865800811
535 700519.4514417953
558 700836.7674367079
713 701564.3590223122
888 702227.0204254219
896 703708.6822788088
915 704050.5731011116
1018 704216.6736034566
1019 704451.5050112273
1045 704808.1709699809
1332 705697.3009796144
1435 706113.9422389776
1529 706706.7789245648
1573 707029.5935636123
1603 707126.9752719002
1615 707397.1883642389
1692 708366.1125803029
1807 709475.4914965342
2150 709527.2283713073
2584 709868.6881115586
2617 710704.2720001484
2689 711622.2676651560
2811 712225.5319549885
2815 712264.5936766117
2993 713191.6039214534
3095 713841.8032808380
3323 714262.1061658971
3344 714502.9710366360
3366 715033.4782446277
3631 715780.6696789239
3645 716569.2806465867
3674 716753.2957220926
3789 717095.8561750952
3805 717339.3956958550
3954 717517.8422114719
3956 717943.7178913141
3960 718927.5107073345
3993 719699.9420864873
4464 719981.0896462206
4510 720607.4715916492
4687 721186.5627371300
4849 721415.1873866374
4892 721437.8618132244
4906 722713.8107175383
5149 723293.3557661342
5555 723427.0893885614
5619 723663.7588057850
5790 724257.5174966562
5811 724965.6667784801
5885 725274.3501932202
6237 725596.8439708868
6315 726707.3720243461
6381 727076.7930681715
6464 727446.8384126726
6567 727545.1135045167
6582 728926.2237493851
6760 729045.5266725571
6843 729286.6917787521
6861 729294.7748378675
6862 729895.7880308727
7100 730300.4860687299
7103 731191.4015698101
7126 731357.3023941541
7180 731408.9377190471
7335 732367.0354128198
7563 732699.8809212574
7611 733277.9928828123
7746 733603.4034580686
7864 733882.2061219040
8002 735202.6308743315
8041 735315.2920981995
8234 735588.5227596728
8555 736295.3212456061
8795 736574.1235370508
8820 737166.6466026428
8916 737670.9508649645
8953 738315.6628120079
9130 739117.7889458265
9155 739898.0319560550
9392 740682.3269787484
9660 741145.5908968515
9702 741407.0858337468
10000 707802.1394662231
evaluations raw_y
1 683420.9172515409
6 684480.8086960942
9 684963.0062908198
14 685953.5597544558
16 686635.7431835942
36 686927.8154627866
58 687064.9164758665
82 687123.0664035568
90 687458.4141445663
109 687499.2725651732
122 687587.3386244791
135 687972.3129467163
141 688257.5813026841
144 689528.3511981964
149 690163.0010128779
159 690302.0580310841
164 691419.7300826110
167 692264.3610795550
189 693369.2297476024
205 693708.7780079753
270 694116.7781028413
305 694886.9734166370
393 695875.2557972656
410 695940.1022741571
411 696334.8901881961
415 697188.1177566815
421 697944.8221778941
456 698702.8542783757
511 698902.0321921316
629 698953.3860819753
661 699287.5507935834
668 699525.1274788385
721 700482.6953084873
791 700767.8262041657
859 701368.6214173150
1191 701511.6024198253
1204 701551.3951662591
1225 701706.1118133353
1240 702039.8683566827
1241 702893.4678096607
1253 702899.1230425312
1319 704056.8074750020
1322 704945.9986827021
1338 705308.5516137320
1343 705690.7309963142
1344 706319.2480137524
1365 707064.3796395205
1407 707535.3635055234
1702 707772.6034104198
1726 708069.6962787173
1732 708296.1007971986
1775 708822.0189851685
1810 709735.3733404850
1834 710888.5995664631
2136 711133.0647493966
2240 711541.1122884207
2242 711771.4881303841
2253 712437.5758892882
2383 713273.1869304163
2413 713490.6402307930
2518 713541.5197516381
2622 714225.4593574494
2900 714903.5945013250
2943 715097.5549719511
3173 715495.9256376280
3433 715927.0307972997
3660 716909.5885379082
3791 717547.9326653208
3856 717898.8688886313
3980 718888.1805498399
4087 719483.3370831393
4111 720372.8188114300
4268 722336.6862394297
4477 723022.4175547471
4824 723457.0915257181
4954 724369.1245979995
5066 725284.6833123870
5572 726169.7596254349
5743 726241.0341280685
5747 726321.4783685150
5820 726892.9637049193
6057 726950.7395221207
6068 727477.7248859460
6128 727815.9032059218
6323 727907.6391956251
6445 728313.0455799208
6480 730188.9398050982
6608 730409.7886475346
6737 730428.0535071151
7144 730847.0269230552
7371 730980.3934979544
7505 731272.8930134755
7857 732155.2041713943
8203 732286.6686244176
8395 732741.5108471229
9042 732898.6647947257
9068 733181.2555857565
9096 733774.1341952819
9269 733890.2497327682
9583 734707.9888510557
9817 735114.2039438353
9982 735378.9318972894
10000 735114.2039438353
