evaluations raw_y
1 -255821.1000000000
2 -254521.1000000000
7 -254364.1000000000
10 -253596.1000000000
12 -251013.1000000000
15 -249889.1000000000
16 -249359.1000000000
17 -246523.1000000000
19 -245549.1000000000
20 -244959.1000000000
21 -244757.1000000000
22 -244298.1000000000
25 -242412.1000000000
27 -241818.1000000000
30 -241208.1000000000
35 -240581.1000000000
36 -239968.1000000000
38 -239868.1000000000
41 -238994.1000000000
46 -238882.1000000000
50 -238417.1000000000
53 -234877.1000000000
55 -234521.1000000000
59 -232647.1000000000
62 -232280.1000000000
64 -231644.1000000000
67 -230821.1000000000
73 -229997.1000000000
76 -229323.1000000000
78 -228135.1000000000
81 -227075.1000000000
82 -226087.1000000000
83 -225437.1000000000
84 -225314.1000000000
85 -224592.1000000000
90 -223674.1000000000
91 -223595.1000000000
92 -222714.1000000000
95 -221853.1000000000
96 -218105.1000000000
100 -217179.1000000000
106 -217085.1000000000
107 -215167.1000000000
109 -214433.1000000000
110 -213967.1000000000
113 -213936.1000000000
115 -213227.1000000000
116 -213023.1000000000
118 -212653.1000000000
123 -211319.1000000000
129 -207547.1000000000
131 -206772.1000000000
138 -206349.1000000000
140 -204731.1000000000
148 -203781.1000000000
151 -203095.1000000000
153 -202685.1000000000
155 -201165.1000000000
158 -200965.1000000000
160 -200028.1000000000
166 -200022.1000000000
170 -199199.1000000000
178 -198021.1000000000
179 -197550.1000000000
183 -196362.1000000000
186 -195995.1000000000
187 -195458.1000000000
189 -194638.1000000000
192 -194005.1000000000
196 -193668.1000000000
199 -190869.1000000000
203 -188541.1000000000
212 -188175.1000000000
215 -186921.1000000000
218 -186677.1000000000
219 -185988.1000000000
222 -184698.1000000000
250 -183755.1000000000
251 -182946.1000000000
252 -181438.1000000000
264 -180850.1000000000
266 -179928.1000000000
268 -179105.1000000000
269 -178625.1000000000
275 -177939.1000000000
277 -177933.1000000000
300 -176753.1000000000
305 -174909.1000000000
311 -174186.1000000000
313 -172960.1000000000
324 -172332.1000000000
327 -171556.1000000000
330 -171415.1000000000
333 -170692.1000000000
343 -170336.1000000000
356 -169561.1000000000
364 -166805.1000000000
365 -165253.1000000000
369 -165065.1000000000
370 -163581.1000000000
376 -163379.1000000000
385 -163257.1000000000
389 -162813.1000000000
396 -161854.1000000000
427 -161358.1000000000
430 -161048.1000000000
436 -160723.1000000000
442 23426.2201193903
444 23461.1559895312
459 23550.6857982012
490 23749.8894790842
548 23849.4885122965
573 24048.6858888886
708 24066.0705136779
709 24140.9853112480
713 24240.6260021816
723 24373.7636468266
755 24473.2689941207
808 24562.7755534531
1043 24576.7508762985
1045 24693.4694951347
1047 24805.0644353850
1049 25117.7174374745
1051 25175.3466201026
1262 25573.7724308599
1441 25673.1904239205
10001 -161103.1000000000
evaluations raw_y
1 -291341.1000000000
3 -291036.1000000000
5 -290099.1000000000
6 -290005.1000000000
7 -289131.1000000000
12 -287579.1000000000
13 -286759.1000000000
15 -285898.1000000000
16 -283315.1000000000
20 -282411.1000000000
24 -282001.1000000000
26 -281878.1000000000
29 -279616.1000000000
30 -277824.1000000000
35 -277365.1000000000
36 -276885.1000000000
37 -276062.1000000000
38 -275706.1000000000
42 -274763.1000000000
43 -273845.1000000000
45 -269845.1000000000
46 -269283.1000000000
49 -267365.1000000000
50 -266752.1000000000
54 -265977.1000000000
55 -265303.1000000000
56 -264125.1000000000
60 -263937.1000000000
62 -260645.1000000000
64 -257329.1000000000
65 -257327.1000000000
66 -256935.1000000000
71 -255165.1000000000
74 -253613.1000000000
75 -251967.1000000000
77 -250793.1000000000
88 -250349.1000000000
90 -248847.1000000000
92 -246699.1000000000
93 -244863.1000000000
94 -244129.1000000000
100 -243762.1000000000
101 -242385.1000000000
104 -241662.1000000000
108 -240178.1000000000
111 -238990.1000000000
115 -238309.1000000000
125 -237541.1000000000
127 -237319.1000000000
129 -236823.1000000000
131 -235951.1000000000
132 -234449.1000000000
134 -233839.1000000000
135 -233373.1000000000
146 -231013.1000000000
149 -229595.1000000000
159 -228295.1000000000
160 -227682.1000000000
163 -227219.1000000000
167 -225457.1000000000
179 -224821.1000000000
184 -222778.1000000000
189 -222370.1000000000
190 -222089.1000000000
191 -220799.1000000000
197 -220687.1000000000
200 -216939.1000000000
201 -216739.1000000000
203 -216149.1000000000
206 -215373.1000000000
208 -214622.1000000000
216 -211734.1000000000
217 -211101.1000000000
219 -211045.1000000000
224 -208593.1000000000
227 -208232.1000000000
230 -205433.1000000000
232 -202329.1000000000
237 -201585.1000000000
244 -198141.1000000000
248 -197191.1000000000
250 -197034.1000000000
252 -196559.1000000000
256 -195305.1000000000
265 -193425.1000000000
267 -192960.1000000000
269 -191986.1000000000
270 -191985.1000000000
273 -191162.1000000000
279 -189288.1000000000
281 -189166.1000000000
282 -186355.1000000000
283 -184909.1000000000
290 -184457.1000000000
316 -183807.1000000000
333 -182983.1000000000
355 -182531.1000000000
361 -181822.1000000000
362 -180314.1000000000
371 -178194.1000000000
373 -176300.1000000000
377 -175379.1000000000
381 -171795.1000000000
386 -171315.1000000000
412 -170315.1000000000
413 -168657.1000000000
422 -168626.1000000000
426 -166864.1000000000
430 -163987.1000000000
437 -163783.1000000000
444 -160779.1000000000
451 -160667.1000000000
466 24374.1913928320
467 24575.6949796073
509 24677.3050556549
575 24775.5166474297
620 24975.3820688221
723 25075.3123236675
10001 -161359.1000000000
evaluations raw_y
1 -284444.1000000000
3 -283026.1000000000
5 -282152.1000000000
6 -281748.1000000000
11 -280801.1000000000
17 -279829.1000000000
19 -279333.1000000000
21 -278396.1000000000
22 -277524.1000000000
24 -276749.1000000000
26 -275303.1000000000
27 -275162.1000000000
28 -273872.1000000000
30 -273285.1000000000
32 -272517.1000000000
34 -271763.1000000000
35 -270211.1000000000
37 -266211.1000000000
39 -264833.1000000000
42 -262250.1000000000
43 -260207.1000000000
45 -257408.1000000000
51 -257071.1000000000
52 -255301.1000000000
55 -254934.1000000000
58 -254321.1000000000
62 -253145.1000000000
65 -252753.1000000000
70 -252030.1000000000
73 -251828.1000000000
76 -250412.1000000000
82 -248538.1000000000
83 -247928.1000000000
86 -247338.1000000000
87 -246084.1000000000
90 -245718.1000000000
91 -241970.1000000000
92 -241337.1000000000
94 -240213.1000000000
100 -239991.1000000000
105 -239324.1000000000
106 -238916.1000000000
109 -238379.1000000000
112 -236461.1000000000
113 -235772.1000000000
114 -235766.1000000000
115 -233504.1000000000
116 -232608.1000000000
117 -232252.1000000000
118 -228712.1000000000
119 -227266.1000000000
122 -224162.1000000000
126 -222014.1000000000
138 -219686.1000000000
139 -219036.1000000000
140 -218474.1000000000
144 -217658.1000000000
147 -217416.1000000000
148 -216190.1000000000
154 -215602.1000000000
155 -214628.1000000000
156 -211697.1000000000
157 -208820.1000000000
158 -208349.1000000000
165 -207861.1000000000
166 -207451.1000000000
167 -206717.1000000000
173 -206616.1000000000
176 -205772.1000000000
183 -205127.1000000000
186 -203793.1000000000
190 -202850.1000000000
193 -202738.1000000000
194 -202565.1000000000
195 -201876.1000000000
200 -201754.1000000000
201 -200782.1000000000
204 -199845.1000000000
215 -199225.1000000000
216 -198663.1000000000
220 -198273.1000000000
223 -197587.1000000000
225 -195687.1000000000
227 -195235.1000000000
228 -194331.1000000000
232 -193994.1000000000
234 -193783.1000000000
246 -192806.1000000000
252 -192062.1000000000
258 -191950.1000000000
272 -191241.1000000000
275 -189797.1000000000
286 -189374.1000000000
293 -187530.1000000000
298 -186656.1000000000
299 -185210.1000000000
300 -184747.1000000000
306 -184380.1000000000
310 -184192.1000000000
311 -182724.1000000000
314 -181498.1000000000
342 -180030.1000000000
348 -178194.1000000000
365 -178039.1000000000
372 -177706.1000000000
388 -177627.1000000000
412 -176852.1000000000
413 -176264.1000000000
424 -175939.1000000000
425 -174995.1000000000
427 -174529.1000000000
428 -172635.1000000000
435 -168863.1000000000
452 -168724.1000000000
470 -167777.1000000000
475 -164461.1000000000
476 -161457.1000000000
486 -161401.1000000000
495 25061.6564284547
506 25215.6622769800
554 25434.1934539142
562 25535.4586480089
575 25935.4557364675
631 26035.4525347254
812 26235.4482680131
10001 -163689.1000000000
evaluations raw_y
1 -274273.1000000000
2 -273785.1000000000
7 -272911.1000000000
8 -272905.1000000000
9 -271845.1000000000
10 -268097.1000000000
11 -267895.1000000000
12 -266393.1000000000
13 -265015.1000000000
15 -264789.1000000000
17 -264314.1000000000
18 -263924.1000000000
20 -261125.1000000000
25 -259748.1000000000
28 -259007.1000000000
32 -256251.1000000000
35 -255895.1000000000
37 -254029.1000000000
39 -253339.1000000000
41 -253308.1000000000
43 -252843.1000000000
44 -252603.1000000000
46 -252015.1000000000
48 -250761.1000000000
49 -249789.1000000000
52 -249162.1000000000
53 -248754.1000000000
56 -248543.1000000000
59 -248133.1000000000
62 -247885.1000000000
63 -247784.1000000000
64 -246964.1000000000
69 -245412.1000000000
70 -245045.1000000000
72 -244285.1000000000
74 -244229.1000000000
75 -243292.1000000000
76 -243050.1000000000
80 -242877.1000000000
85 -242340.1000000000
94 -241511.1000000000
98 -241411.1000000000
101 -240468.1000000000
102 -239981.1000000000
103 -239648.1000000000
105 -238204.1000000000
110 -237745.1000000000
111 -237557.1000000000
115 -236185.1000000000
116 -235938.1000000000
118 -235064.1000000000
122 -232736.1000000000
123 -232046.1000000000
124 -231302.1000000000
129 -230479.1000000000
130 -230448.1000000000
132 -229918.1000000000
136 -228941.1000000000
141 -228112.1000000000
142 -227616.1000000000
149 -225742.1000000000
151 -225680.1000000000
154 -224736.1000000000
156 -223786.1000000000
162 -220682.1000000000
167 -219993.1000000000
168 -217101.1000000000
173 -216657.1000000000
177 -216029.1000000000
181 -213025.1000000000
184 -209025.1000000000
185 -205485.1000000000
193 -204017.1000000000
197 -204011.1000000000
198 -203655.1000000000
210 -203373.1000000000
212 -202740.1000000000
222 -199424.1000000000
227 -198649.1000000000
229 -198555.1000000000
239 -197780.1000000000
247 -196806.1000000000
263 -196216.1000000000
264 -195393.1000000000
268 -195391.1000000000
270 -194668.1000000000
271 -194511.1000000000
274 -194285.1000000000
279 -193672.1000000000
290 -191754.1000000000
293 -191388.1000000000
309 -190400.1000000000
312 -189632.1000000000
316 -186701.1000000000
320 -185061.1000000000
322 -183615.1000000000
326 -182754.1000000000
327 -181308.1000000000
329 -181186.1000000000
330 -180764.1000000000
331 -178388.1000000000
334 -177214.1000000000
338 -176525.1000000000
342 -174755.1000000000
344 -173287.1000000000
348 -171953.1000000000
350 -170829.1000000000
357 -169908.1000000000
358 -168732.1000000000
360 -168620.1000000000
361 -166168.1000000000
379 -165716.1000000000
399 -165391.1000000000
400 -164568.1000000000
402 -162798.1000000000
406 -161572.1000000000
418 -161202.1000000000
423 -160528.1000000000
434 -160042.1000000000
437 22858.8510707126
440 23361.8577187439
443 23560.7925596999
492 23568.4081726881
494 23733.4152252312
506 23787.1308080475
510 23844.5588279516
545 23943.4067187487
552 24021.7601282261
554 24423.5817225187
561 24432.0860244947
563 24530.4982421146
565 24589.7445175611
572 24774.4325788229
599 24842.0077297413
622 25041.2418494256
646 25140.8560904547
696 25147.5302216407
699 25442.1262722431
710 25804.4405398642
741 25897.3516396623
779 25997.2200228677
850 26114.5923831948
870 26199.8477879880
877 26598.4525696139
888 26688.8497606329
921 26705.6003551931
922 27075.0596600793
10001 -161839.1000000000
evaluations raw_y
1 -278128.1000000000
2 -275251.1000000000
3 -274601.1000000000
6 -273968.1000000000
13 -273124.1000000000
18 -269540.1000000000
23 -265792.1000000000
27 -265298.1000000000
29 -264475.1000000000
31 -264165.1000000000
35 -263243.1000000000
40 -260660.1000000000
44 -259686.1000000000
45 -259199.1000000000
46 -258610.1000000000
48 -257108.1000000000
50 -256441.1000000000
52 -253437.1000000000
53 -252843.1000000000
56 -249527.1000000000
59 -248273.1000000000
61 -247497.1000000000
68 -244661.1000000000
71 -243141.1000000000
74 -242953.1000000000
78 -242340.1000000000
82 -241932.1000000000
85 -239001.1000000000
87 -238878.1000000000
88 -238767.1000000000
91 -237863.1000000000
93 -236417.1000000000
98 -233125.1000000000
99 -232451.1000000000
103 -230551.1000000000
109 -230195.1000000000
111 -229461.1000000000
113 -228524.1000000000
114 -226650.1000000000
117 -226304.1000000000
119 -225716.1000000000
123 -222905.1000000000
125 -222439.1000000000
130 -218995.1000000000
134 -217109.1000000000
142 -215775.1000000000
147 -215564.1000000000
150 -215002.1000000000
151 -214902.1000000000
155 -213602.1000000000
162 -212779.1000000000
164 -212778.1000000000
165 -212386.1000000000
166 -211398.1000000000
178 -210465.1000000000
180 -209047.1000000000
181 -208313.1000000000
182 -206833.1000000000
187 -206496.1000000000
192 -204988.1000000000
193 -203370.1000000000
201 -202192.1000000000
202 -202186.1000000000
203 -201849.1000000000
204 -201694.1000000000
209 -200950.1000000000
210 -200550.1000000000
216 -196778.1000000000
217 -195778.1000000000
222 -195055.1000000000
228 -194194.1000000000
229 -193706.1000000000
231 -193462.1000000000
237 -191588.1000000000
240 -191487.1000000000
242 -191456.1000000000
243 -191344.1000000000
249 -191104.1000000000
253 -189260.1000000000
257 -188574.1000000000
262 -188037.1000000000
264 -187221.1000000000
270 -186262.1000000000
275 -184470.1000000000
283 -183998.1000000000
286 -183223.1000000000
288 -181453.1000000000
291 -180713.1000000000
298 -180269.1000000000
311 -179397.1000000000
316 -178784.1000000000
319 -177809.1000000000
320 -177055.1000000000
327 -176365.1000000000
330 -175422.1000000000
339 -174234.1000000000
358 -171874.1000000000
359 -171733.1000000000
360 -170249.1000000000
378 -170137.1000000000
379 -169524.1000000000
408 -168773.1000000000
411 -168183.1000000000
418 -165807.1000000000
421 -164339.1000000000
435 -164333.1000000000
436 -163929.1000000000
437 -161667.1000000000
442 24641.7927367836
443 25146.2038433357
543 25346.5474888136
721 25448.8660397104
764 25555.5818306618
810 25655.7404005691
1013 25856.0601291842
10001 -162944.1000000000
evaluations raw_y
1 -263826.1000000000
2 -263434.1000000000
3 -259686.1000000000
4 -257106.1000000000
6 -255660.1000000000
10 -254727.1000000000
11 -253473.1000000000
14 -251145.1000000000
15 -250321.1000000000
19 -246737.1000000000
22 -246175.1000000000
23 -245453.1000000000
27 -244866.1000000000
28 -244256.1000000000
30 -244254.1000000000
31 -243621.1000000000
34 -243135.1000000000
36 -243073.1000000000
37 -240185.1000000000
38 -239210.1000000000
39 -237366.1000000000
41 -236879.1000000000
43 -236408.1000000000
48 -236075.1000000000
56 -234887.1000000000
59 -232739.1000000000
62 -232383.1000000000
64 -231973.1000000000
69 -231762.1000000000
70 -229762.1000000000
71 -227808.1000000000
77 -227118.1000000000
78 -225244.1000000000
81 -224877.1000000000
86 -224188.1000000000
90 -223010.1000000000
91 -222931.1000000000
92 -221485.1000000000
104 -218169.1000000000
106 -218057.1000000000
107 -217635.1000000000
108 -216739.1000000000
112 -215964.1000000000
116 -214462.1000000000
117 -213711.1000000000
118 -212739.1000000000
127 -212617.1000000000
137 -211658.1000000000
143 -210242.1000000000
146 -209426.1000000000
149 -208776.1000000000
151 -208034.1000000000
161 -207808.1000000000
162 -206630.1000000000
163 -205442.1000000000
167 -204829.1000000000
171 -202030.1000000000
174 -201093.1000000000
175 -199371.1000000000
176 -198682.1000000000
182 -198480.1000000000
187 -197891.1000000000
192 -197264.1000000000
195 -196204.1000000000
197 -195514.1000000000
199 -193640.1000000000
201 -192138.1000000000
203 -191315.1000000000
205 -188211.1000000000
215 -187477.1000000000
216 -186353.1000000000
217 -185063.1000000000
222 -183691.1000000000
236 -183024.1000000000
239 -182885.1000000000
245 -182638.1000000000
246 -181260.1000000000
251 -180860.1000000000
254 -180858.1000000000
262 -180184.1000000000
273 -179323.1000000000
287 -178143.1000000000
294 -177196.1000000000
295 -176721.1000000000
307 -176256.1000000000
317 -175313.1000000000
319 -175213.1000000000
321 -174241.1000000000
328 -172449.1000000000
335 -171509.1000000000
339 -170873.1000000000
340 -170401.1000000000
349 -169067.1000000000
367 -166691.1000000000
369 -164239.1000000000
376 -163063.1000000000
385 -162611.1000000000
387 -161870.1000000000
391 -161147.1000000000
394 23334.2583979734
396 23606.6532110693
401 23752.1283899047
414 23818.7575465293
416 23856.4571900061
432 23976.3274370355
435 24037.7485170725
440 24065.5468463289
446 24164.8057290820
457 24170.4540990963
476 24269.9252365377
486 24352.2592272727
487 24385.6661930301
488 24474.8158828487
490 24747.6636818678
492 24851.4057813882
506 24905.5260479832
527 24942.2705248804
534 24978.3827582572
539 25065.3768690841
555 25116.1262813685
569 25135.6532264708
595 25320.3420037435
605 25352.4594894336
619 25750.5203027288
623 25779.2936747378
651 25855.7055906721
658 25915.6326148595
667 25940.3139374234
685 26015.2307053051
770 26020.1952371198
797 26063.7458587387
834 26133.3203738730
841 26217.5734014519
848 26235.4983877371
850 26302.7836364877
851 26360.6915515804
854 26386.0299484325
855 26418.2450395955
950 26578.2927585384
984 26777.3269005667
1008 26886.4423962834
1077 26898.4586850918
1078 26930.6487158214
1210 27129.8188252385
1211 27250.6014914565
1453 27252.9742267169
1457 27514.1849741421
1666 27539.4191288424
1668 27559.1531006448
1669 27603.1556560130
2020 27607.9067717902
2033 27738.5106261749
10001 -159955.1000000000
evaluations raw_y
1 -285943.1000000000
2 -284763.1000000000
3 -284353.1000000000
4 -283997.1000000000
6 -283009.1000000000
8 -282420.1000000000
9 -281042.1000000000
11 -280161.1000000000
12 -278941.1000000000
13 -276898.1000000000
14 -276075.1000000000
19 -275875.1000000000
20 -275288.1000000000
21 -275177.1000000000
22 -273303.1000000000
23 -272431.1000000000
24 -270595.1000000000
30 -270281.1000000000
31 -268133.1000000000
34 -266833.1000000000
36 -266057.1000000000
37 -265815.1000000000
41 -264815.1000000000
42 -261711.1000000000
44 -261365.1000000000
49 -260643.1000000000
50 -259141.1000000000
52 -258953.1000000000
53 -258628.1000000000
54 -257076.1000000000
55 -256596.1000000000
56 -255536.1000000000
59 -255073.1000000000
61 -253629.1000000000
63 -253324.1000000000
64 -252674.1000000000
68 -252668.1000000000
72 -251794.1000000000
73 -249914.1000000000
76 -248967.1000000000
77 -248216.1000000000
79 -247745.1000000000
80 -246105.1000000000
81 -245517.1000000000
82 -244071.1000000000
83 -242947.1000000000
87 -242171.1000000000
91 -239283.1000000000
96 -239057.1000000000
97 -238282.1000000000
98 -235446.1000000000
99 -232154.1000000000
102 -231907.1000000000
103 -230933.1000000000
105 -230199.1000000000
109 -229997.1000000000
114 -229553.1000000000
116 -227679.1000000000
117 -224880.1000000000
119 -224780.1000000000
121 -223895.1000000000
125 -223487.1000000000
132 -223007.1000000000
144 -219259.1000000000
146 -219147.1000000000
151 -216567.1000000000
152 -215723.1000000000
160 -214171.1000000000
162 -213431.1000000000
167 -213384.1000000000
169 -212695.1000000000
170 -212522.1000000000
173 -210800.1000000000
175 -208472.1000000000
176 -208135.1000000000
178 -206249.1000000000
186 -206149.1000000000
187 -205482.1000000000
189 -204759.1000000000
194 -203999.1000000000
201 -203998.1000000000
202 -202772.1000000000
203 -202030.1000000000
205 -200164.1000000000
207 -199803.1000000000
208 -199797.1000000000
209 -196049.1000000000
211 -194049.1000000000
213 -193574.1000000000
215 -192624.1000000000
217 -192291.1000000000
226 -191697.1000000000
230 -190623.1000000000
231 -190621.1000000000
234 -190084.1000000000
243 -188908.1000000000
245 -188092.1000000000
246 -184092.1000000000
247 -182838.1000000000
258 -182094.1000000000
259 -181481.1000000000
262 -180792.1000000000
268 -179866.1000000000
269 -178096.1000000000
271 -177608.1000000000
274 -175025.1000000000
281 -174339.1000000000
290 -172967.1000000000
291 -172936.1000000000
292 -172528.1000000000
305 -171238.1000000000
309 -170364.1000000000
322 -169190.1000000000
326 -169049.1000000000
329 -168970.1000000000
336 -167468.1000000000
347 -165810.1000000000
354 -165528.1000000000
355 -164753.1000000000
365 -164165.1000000000
375 -160849.1000000000
385 25290.3506195709
507 25491.0546158819
515 25591.4055673897
519 25694.3904001924
532 25895.0922059254
641 26296.4904735873
686 26399.4643824752
10001 -160829.1000000000
evaluations raw_y
1 -280000.1000000000
2 -278623.1000000000
5 -277949.1000000000
6 -275497.1000000000
8 -273169.1000000000
9 -270333.1000000000
14 -270052.1000000000
15 -269108.1000000000
16 -268794.1000000000
18 -268428.1000000000
22 -267304.1000000000
23 -266480.1000000000
25 -266401.1000000000
26 -266289.1000000000
27 -265809.1000000000
28 -264859.1000000000
29 -264137.1000000000
31 -263165.1000000000
32 -262977.1000000000
33 -262946.1000000000
35 -261758.1000000000
38 -261421.1000000000
43 -260592.1000000000
44 -260225.1000000000
47 -259307.1000000000
48 -259107.1000000000
51 -258703.1000000000
52 -256749.1000000000
54 -253857.1000000000
55 -253413.1000000000
56 -253258.1000000000
57 -252337.1000000000
58 -251710.1000000000
59 -247938.1000000000
60 -246094.1000000000
63 -245724.1000000000
65 -243850.1000000000
69 -243545.1000000000
71 -243301.1000000000
72 -242656.1000000000
73 -242533.1000000000
85 -241789.1000000000
91 -240309.1000000000
94 -238435.1000000000
100 -237983.1000000000
107 -236803.1000000000
113 -235431.1000000000
120 -235070.1000000000
123 -231966.1000000000
124 -231122.1000000000
125 -229620.1000000000
127 -228886.1000000000
128 -228684.1000000000
130 -226232.1000000000
131 -224978.1000000000
138 -224568.1000000000
141 -223278.1000000000
143 -222218.1000000000
145 -220710.1000000000
150 -219970.1000000000
158 -219858.1000000000
160 -217102.1000000000
162 -216413.1000000000
164 -216171.1000000000
167 -214945.1000000000
174 -212825.1000000000
176 -212359.1000000000
178 -211433.1000000000
185 -211041.1000000000
188 -210919.1000000000
192 -209931.1000000000
193 -209070.1000000000
198 -208476.1000000000
200 -208420.1000000000
201 -205416.1000000000
205 -205079.1000000000
206 -205073.1000000000
213 -204717.1000000000
224 -204616.1000000000
234 -204003.1000000000
235 -203792.1000000000
236 -202000.1000000000
237 -201224.1000000000
241 -199330.1000000000
251 -196747.1000000000
256 -195938.1000000000
258 -195936.1000000000
260 -195161.1000000000
263 -193717.1000000000
268 -191837.1000000000
269 -189993.1000000000
272 -189767.1000000000
276 -188863.1000000000
280 -187886.1000000000
284 -187014.1000000000
291 -185462.1000000000
298 -184462.1000000000
309 -184052.1000000000
322 -183343.1000000000
327 -182406.1000000000
330 -182050.1000000000
337 -181299.1000000000
339 -178407.1000000000
343 -175596.1000000000
349 -174624.1000000000
354 -174622.1000000000
362 -171691.1000000000
380 -169805.1000000000
393 -168035.1000000000
394 -167730.1000000000
395 -166989.1000000000
396 -165811.1000000000
401 -165198.1000000000
402 -162321.1000000000
411 -160173.1000000000
424 24346.6322591792
426 24478.1292773443
435 24678.4261521486
446 24778.5722688637
548 24880.6113549384
611 25281.1896207400
660 25383.2002149129
869 25489.2011831958
1103 25689.4615509127
10001 25559.8387268494
evaluations raw_y
1 -274081.1000000000
5 -273969.1000000000
7 -273577.1000000000
12 -272887.1000000000
14 -271335.1000000000
18 -271334.1000000000
19 -270869.1000000000
21 -268493.1000000000
25 -268188.1000000000
27 -267626.1000000000
28 -263854.1000000000
30 -263031.1000000000
31 -262726.1000000000
37 -262113.1000000000
39 -260939.1000000000
41 -259649.1000000000
42 -259282.1000000000
44 -255966.1000000000
45 -254196.1000000000
49 -253992.1000000000
50 -253496.1000000000
51 -249748.1000000000
52 -248688.1000000000
54 -248462.1000000000
58 -247639.1000000000
59 -247187.1000000000
60 -245719.1000000000
62 -244541.1000000000
64 -243615.1000000000
66 -242171.1000000000
68 -240794.1000000000
71 -239314.1000000000
73 -238777.1000000000
85 -238529.1000000000
87 -238525.1000000000
92 -237578.1000000000
94 -236855.1000000000
97 -235677.1000000000
98 -235202.1000000000
99 -233868.1000000000
100 -233554.1000000000
103 -232374.1000000000
106 -231911.1000000000
110 -231202.1000000000
111 -230865.1000000000
112 -230045.1000000000
113 -229458.1000000000
118 -228896.1000000000
120 -227896.1000000000
128 -227452.1000000000
131 -226226.1000000000
132 -224848.1000000000
133 -223202.1000000000
134 -222780.1000000000
135 -222657.1000000000
141 -222455.1000000000
142 -220663.1000000000
143 -220657.1000000000
145 -219915.1000000000
150 -219456.1000000000
154 -217538.1000000000
156 -215768.1000000000
159 -214322.1000000000
160 -213842.1000000000
161 -213475.1000000000
164 -213374.1000000000
165 -212652.1000000000
167 -211730.1000000000
170 -210550.1000000000
172 -209573.1000000000
173 -207687.1000000000
180 -207201.1000000000
182 -206588.1000000000
183 -205368.1000000000
184 -203848.1000000000
193 -203754.1000000000
197 -202925.1000000000
200 -202040.1000000000
201 -200318.1000000000
203 -199130.1000000000
209 -198006.1000000000
215 -197047.1000000000
223 -196968.1000000000
229 -196502.1000000000
230 -194050.1000000000
234 -191930.1000000000
252 -189478.1000000000
256 -188597.1000000000
273 -187421.1000000000
275 -186447.1000000000
276 -186101.1000000000
281 -185691.1000000000
285 -184754.1000000000
290 -184748.1000000000
294 -184609.1000000000
296 -183672.1000000000
303 -183670.1000000000
307 -183034.1000000000
310 -181780.1000000000
317 -180830.1000000000
322 -178936.1000000000
329 -178814.1000000000
345 -178091.1000000000
354 -177017.1000000000
355 -174218.1000000000
359 -173395.1000000000
362 -172141.1000000000
365 -171401.1000000000
376 -168645.1000000000
380 -168423.1000000000
382 -168013.1000000000
387 -167184.1000000000
395 -166288.1000000000
399 -165599.1000000000
401 -164725.1000000000
405 -163750.1000000000
424 -163342.1000000000
427 -163131.1000000000
432 -162188.1000000000
456 -160308.1000000000
464 23638.3684077905
480 23838.1938092100
552 24038.0147346478
558 24137.9237170501
597 24537.5591594018
822 24638.3651912783
1883 24739.1666344904
10001 -160404.1000000000
evaluations raw_y
1 -266096.1000000000
4 -265460.1000000000
5 -264873.1000000000
7 -263496.1000000000
8 -260916.1000000000
10 -259408.1000000000
11 -258914.1000000000
13 -257624.1000000000
16 -256652.1000000000
21 -255006.1000000000
23 -254361.1000000000
24 -254357.1000000000
25 -253548.1000000000
26 -252960.1000000000
27 -252131.1000000000
28 -250905.1000000000
30 -250858.1000000000
31 -248689.1000000000
33 -248567.1000000000
43 -248175.1000000000
44 -247819.1000000000
45 -246027.1000000000
46 -243984.1000000000
47 -242810.1000000000
49 -242568.1000000000
51 -240650.1000000000
57 -240170.1000000000
59 -239581.1000000000
61 -239579.1000000000
65 -239189.1000000000
74 -237189.1000000000
77 -236576.1000000000
78 -236215.1000000000
81 -235037.1000000000
93 -234574.1000000000
95 -234330.1000000000
97 -233640.1000000000
101 -232817.1000000000
110 -231994.1000000000
112 -230660.1000000000
113 -230252.1000000000
115 -230079.1000000000
119 -229746.1000000000
120 -228244.1000000000
123 -227056.1000000000
130 -226576.1000000000
137 -226435.1000000000
140 -225660.1000000000
144 -223816.1000000000
146 -222828.1000000000
148 -222728.1000000000
150 -220580.1000000000
154 -219846.1000000000
158 -219734.1000000000
159 -218480.1000000000
165 -217844.1000000000
180 -217604.1000000000
183 -216657.1000000000
184 -215323.1000000000
185 -214569.1000000000
191 -212733.1000000000
198 -211093.1000000000
200 -207649.1000000000
202 -205321.1000000000
209 -204492.1000000000
211 -203202.1000000000
212 -203063.1000000000
213 -201837.1000000000
216 -201362.1000000000
219 -200639.1000000000
220 -200439.1000000000
229 -199952.1000000000
236 -199493.1000000000
241 -198589.1000000000
243 -198495.1000000000
246 -197753.1000000000
251 -195909.1000000000
255 -195443.1000000000
257 -192991.1000000000
265 -192539.1000000000
272 -192382.1000000000
273 -190914.1000000000
276 -187983.1000000000
279 -187271.1000000000
280 -187269.1000000000
288 -186806.1000000000
293 -186439.1000000000
296 -185819.1000000000
297 -185448.1000000000
300 -184714.1000000000
310 -182594.1000000000
312 -182172.1000000000
315 -180286.1000000000
320 -179863.1000000000
326 -179333.1000000000
332 -177971.1000000000
343 -177409.1000000000
344 -177286.1000000000
355 -176724.1000000000
376 -176187.1000000000
378 -175787.1000000000
381 -172039.1000000000
409 -171758.1000000000
442 -171752.1000000000
446 -170929.1000000000
496 -170741.1000000000
500 -170679.1000000000
509 -168303.1000000000
531 -167715.1000000000
533 -166891.1000000000
552 -166115.1000000000
554 -165429.1000000000
556 -161657.1000000000
566 24520.6929257132
581 24692.6191069639
661 24795.2472771341
668 24995.8349689908
680 25098.4419964293
706 25299.0268681883
811 25399.3170021804
1776 25800.4792131911
10001 -161117.1000000000
evaluations raw_y
1 -267643.1000000000
4 -266976.1000000000
6 -265686.1000000000
11 -265200.1000000000
13 -264587.1000000000
16 -264446.1000000000
17 -262676.1000000000
18 -260758.1000000000
19 -260397.1000000000
21 -260318.1000000000
22 -259381.1000000000
23 -258922.1000000000
24 -258213.1000000000
25 -256729.1000000000
30 -256629.1000000000
32 -256149.1000000000
40 -256038.1000000000
45 -255701.1000000000
46 -255213.1000000000
47 -251465.1000000000
48 -250642.1000000000
49 -250179.1000000000
50 -247343.1000000000
51 -246602.1000000000
53 -245630.1000000000
54 -243908.1000000000
55 -242682.1000000000
65 -242069.1000000000
66 -241598.1000000000
67 -239704.1000000000
72 -238884.1000000000
76 -238853.1000000000
78 -237932.1000000000
81 -237242.1000000000
88 -236705.1000000000
89 -235954.1000000000
90 -235474.1000000000
91 -234556.1000000000
92 -232690.1000000000
96 -232446.1000000000
101 -229002.1000000000
104 -227748.1000000000
105 -227467.1000000000
107 -225631.1000000000
109 -225156.1000000000
111 -224569.1000000000
116 -224213.1000000000
117 -222369.1000000000
122 -222322.1000000000
124 -219742.1000000000
129 -217699.1000000000
130 -217451.1000000000
136 -215577.1000000000
142 -213125.1000000000
144 -212758.1000000000
145 -211578.1000000000
147 -208474.1000000000
148 -206966.1000000000
153 -205786.1000000000
155 -205416.1000000000
158 -205214.1000000000
161 -203094.1000000000
162 -202213.1000000000
164 -200993.1000000000
166 -200005.1000000000
173 -199161.1000000000
176 -198567.1000000000
179 -197881.1000000000
180 -197679.1000000000
196 -197557.1000000000
197 -197211.1000000000
205 -195765.1000000000
207 -194641.1000000000
212 -193704.1000000000
213 -191942.1000000000
229 -191769.1000000000
235 -188185.1000000000
238 -188073.1000000000
239 -187717.1000000000
242 -184713.1000000000
245 -183766.1000000000
259 -183666.1000000000
260 -179894.1000000000
263 -179472.1000000000
272 -178587.1000000000
277 -177085.1000000000
282 -176714.1000000000
283 -176635.1000000000
284 -176047.1000000000
301 -175335.1000000000
304 -174361.1000000000
315 -174238.1000000000
334 -173429.1000000000
336 -172819.1000000000
338 -171945.1000000000
361 -170945.1000000000
369 -170553.1000000000
385 -167622.1000000000
395 -167150.1000000000
419 -164258.1000000000
428 -163948.1000000000
429 -162178.1000000000
434 -161203.1000000000
444 -160029.1000000000
448 23605.7085787811
451 23710.5649720945
459 23765.0039968473
497 23941.6491491990
521 24124.9854798900
527 24523.6355461254
583 24722.9576984671
638 24822.6159699142
639 24922.0398796713
1278 25021.4714909382
10001 -160609.1000000000
evaluations raw_y
1 -280679.1000000000
4 -280309.1000000000
6 -280109.1000000000
7 -279621.1000000000
9 -278647.1000000000
10 -278019.1000000000
11 -277878.1000000000
15 -277419.1000000000
19 -275545.1000000000
22 -274319.1000000000
23 -272319.1000000000
27 -268547.1000000000
29 -268265.1000000000
30 -268259.1000000000
33 -267398.1000000000
38 -267006.1000000000
40 -266069.1000000000
41 -265865.1000000000
42 -265156.1000000000
43 -264800.1000000000
45 -261356.1000000000
46 -259564.1000000000
48 -259084.1000000000
51 -258024.1000000000
53 -257201.1000000000
54 -255583.1000000000
57 -254973.1000000000
60 -254385.1000000000
63 -253975.1000000000
64 -250391.1000000000
66 -249983.1000000000
71 -248995.1000000000
77 -247151.1000000000
78 -245429.1000000000
83 -245367.1000000000
84 -244944.1000000000
87 -243078.1000000000
88 -242397.1000000000
90 -241711.1000000000
95 -241231.1000000000
100 -240497.1000000000
101 -239525.1000000000
102 -237149.1000000000
105 -235313.1000000000
112 -234391.1000000000
115 -233057.1000000000
122 -230888.1000000000
127 -230686.1000000000
129 -230278.1000000000
131 -229331.1000000000
141 -229091.1000000000
145 -228219.1000000000
148 -227451.1000000000
153 -226501.1000000000
155 -225811.1000000000
160 -223549.1000000000
163 -222065.1000000000
164 -221965.1000000000
166 -220631.1000000000
167 -220166.1000000000
168 -219226.1000000000
171 -218402.1000000000
172 -218160.1000000000
176 -217351.1000000000
180 -217014.1000000000
181 -216704.1000000000
185 -214252.1000000000
186 -214250.1000000000
188 -212370.1000000000
190 -211883.1000000000
191 -211578.1000000000
198 -211241.1000000000
201 -207949.1000000000
205 -206659.1000000000
212 -203119.1000000000
218 -202786.1000000000
221 -199950.1000000000
223 -198772.1000000000
224 -197518.1000000000
226 -196622.1000000000
228 -196085.1000000000
238 -195152.1000000000
240 -195058.1000000000
241 -194307.1000000000
250 -194303.1000000000
251 -193831.1000000000
269 -192655.1000000000
277 -190327.1000000000
279 -189552.1000000000
299 -186972.1000000000
304 -186028.1000000000
311 -185415.1000000000
312 -184639.1000000000
323 -183459.1000000000
324 -183093.1000000000
328 -181677.1000000000
332 -181057.1000000000
333 -180732.1000000000
343 -180575.1000000000
362 -178929.1000000000
363 -178573.1000000000
376 -177819.1000000000
381 -177538.1000000000
394 -177532.1000000000
395 -175874.1000000000
403 -175569.1000000000
410 -174123.1000000000
424 -173912.1000000000
435 -173757.1000000000
436 -171857.1000000000
437 -170305.1000000000
455 -169420.1000000000
457 -168130.1000000000
460 -167256.1000000000
465 -166852.1000000000
471 -166356.1000000000
474 -164594.1000000000
504 -163676.1000000000
511 -161528.1000000000
512 -161427.1000000000
520 -160247.1000000000
549 20738.8310684742
550 21468.6546118301
551 21626.5845388258
553 22173.1490743812
555 22476.9159281433
556 22481.4993600183
687 22501.4328296620
689 22677.9967750427
696 22877.6013935245
703 23032.9343370033
720 23232.3345535058
721 23415.1334045135
840 23505.7267239886
894 23904.3074464463
923 24004.2847844667
1512 24103.9242337967
1915 24108.2414891531
1927 24196.4028227897
1928 24279.4815830225
1935 24431.3664902416
2006 24559.0370146084
2124 24659.0141915986
10001 -160764.1000000000
evaluations raw_y
1 -277558.1000000000
2 -277479.1000000000
4 -276805.1000000000
5 -274805.1000000000
6 -274401.1000000000
8 -272281.1000000000
9 -270641.1000000000
10 -270231.1000000000
12 -269387.1000000000
13 -269214.1000000000
14 -268844.1000000000
18 -268084.1000000000
24 -265756.1000000000
28 -264940.1000000000
30 -263762.1000000000
31 -261179.1000000000
34 -261022.1000000000
36 -260300.1000000000
37 -259655.1000000000
41 -256763.1000000000
45 -256201.1000000000
46 -255023.1000000000
50 -254536.1000000000
52 -254128.1000000000
53 -252366.1000000000
54 -252020.1000000000
56 -251628.1000000000
63 -250886.1000000000
70 -250258.1000000000
72 -249795.1000000000
73 -246864.1000000000
76 -244964.1000000000
79 -244376.1000000000
83 -243547.1000000000
87 -240748.1000000000
88 -239522.1000000000
93 -238699.1000000000
97 -237958.1000000000
98 -237535.1000000000
101 -236563.1000000000
103 -235619.1000000000
104 -235263.1000000000
105 -234275.1000000000
108 -232829.1000000000
110 -231361.1000000000
111 -229443.1000000000
114 -229051.1000000000
115 -227499.1000000000
117 -227311.1000000000
124 -226021.1000000000
126 -225819.1000000000
131 -224882.1000000000
136 -224680.1000000000
140 -224398.1000000000
147 -222636.1000000000
148 -222074.1000000000
149 -221299.1000000000
153 -220362.1000000000
160 -220118.1000000000
164 -218818.1000000000
167 -217564.1000000000
175 -216788.1000000000
178 -215851.1000000000
179 -214663.1000000000
187 -213245.1000000000
193 -212715.1000000000
198 -212126.1000000000
205 -211655.1000000000
209 -210655.1000000000
214 -209794.1000000000
221 -208274.1000000000
230 -208273.1000000000
233 -207907.1000000000
234 -207455.1000000000
242 -205619.1000000000
243 -204952.1000000000
244 -204486.1000000000
248 -203042.1000000000
249 -202124.1000000000
252 -199976.1000000000
254 -199865.1000000000
261 -198503.1000000000
263 -198447.1000000000
268 -197497.1000000000
270 -195454.1000000000
271 -193732.1000000000
278 -192757.1000000000
283 -191379.1000000000
284 -190971.1000000000
285 -190634.1000000000
290 -187757.1000000000
299 -187367.1000000000
302 -184263.1000000000
321 -183800.1000000000
323 -181906.1000000000
325 -181077.1000000000
326 -180677.1000000000
327 -179261.1000000000
335 -178339.1000000000
345 -178260.1000000000
352 -177040.1000000000
355 -175572.1000000000
359 -174945.1000000000
360 -174019.1000000000
361 -173285.1000000000
371 -170449.1000000000
401 -166701.1000000000
411 -166479.1000000000
432 -165703.1000000000
434 -165456.1000000000
458 -164084.1000000000
469 -163471.1000000000
494 23471.7532081406
531 23562.4310563562
617 23661.4902687690
707 23761.1179927285
843 23960.3725828660
1954 23961.8086814943
1958 24324.7453904312
1961 24343.3311201437
1998 24427.6428300371
10001 -160770.1000000000
evaluations raw_y
1 -276819.1000000000
2 -272819.1000000000
4 -272615.1000000000
8 -271435.1000000000
10 -270612.1000000000
13 -269392.1000000000
14 -268455.1000000000
16 -268424.1000000000
17 -266806.1000000000
23 -266439.1000000000
24 -265067.1000000000
26 -264093.1000000000
27 -263970.1000000000
28 -263914.1000000000
31 -263726.1000000000
32 -261578.1000000000
33 -259932.1000000000
34 -258058.1000000000
35 -257445.1000000000
41 -256694.1000000000
42 -254932.1000000000
43 -253932.1000000000
44 -252170.1000000000
46 -250996.1000000000
47 -250588.1000000000
49 -248634.1000000000
58 -248329.1000000000
61 -247939.1000000000
62 -246577.1000000000
63 -245603.1000000000
65 -244479.1000000000
69 -243738.1000000000
70 -242550.1000000000
74 -241134.1000000000
75 -240524.1000000000
78 -240044.1000000000
80 -239148.1000000000
81 -238843.1000000000
86 -238103.1000000000
88 -237757.1000000000
93 -236581.1000000000
94 -235892.1000000000
96 -235256.1000000000
97 -234974.1000000000
98 -232086.1000000000
99 -231142.1000000000
101 -231111.1000000000
102 -230369.1000000000
104 -228041.1000000000
106 -226197.1000000000
113 -225312.1000000000
114 -225157.1000000000
115 -224931.1000000000
118 -221615.1000000000
128 -220147.1000000000
134 -218967.1000000000
135 -218144.1000000000
137 -217942.1000000000
138 -217454.1000000000
139 -216745.1000000000
141 -215105.1000000000
145 -214345.1000000000
146 -213427.1000000000
147 -211533.1000000000
151 -210155.1000000000
154 -209745.1000000000
159 -209155.1000000000
160 -208326.1000000000
178 -205570.1000000000
182 -204062.1000000000
184 -202762.1000000000
186 -202174.1000000000
190 -200404.1000000000
203 -199815.1000000000
207 -198992.1000000000
220 -198269.1000000000
225 -196935.1000000000
229 -195491.1000000000
238 -192655.1000000000
239 -192232.1000000000
247 -189652.1000000000
248 -186360.1000000000
252 -185999.1000000000
258 -185386.1000000000
261 -185030.1000000000
263 -184930.1000000000
264 -184929.1000000000
268 -183741.1000000000
271 -182867.1000000000
275 -181934.1000000000
278 -181190.1000000000
287 -179936.1000000000
295 -179484.1000000000
306 -177982.1000000000
316 -177445.1000000000
317 -177055.1000000000
320 -176493.1000000000
323 -176431.1000000000
328 -175484.1000000000
329 -172673.1000000000
336 -172516.1000000000
345 -172514.1000000000
351 -172266.1000000000
352 -172040.1000000000
354 -171427.1000000000
357 -168975.1000000000
374 -167075.1000000000
375 -166425.1000000000
378 -165960.1000000000
380 -165206.1000000000
394 -163916.1000000000
397 -163230.1000000000
400 -162258.1000000000
410 -162252.1000000000
411 -160482.1000000000
419 22940.6369991747
420 24072.0196629895
421 24519.9665462558
424 25024.4450517864
428 25220.9342129229
445 25346.0884389384
459 25566.2185731512
477 25766.5768344478
594 25868.7562221949
617 25968.9322918145
844 26369.6381760893
10001 -160362.1000000000
evaluations raw_y
1 -281870.1000000000
2 -279870.1000000000
4 -279447.1000000000
5 -278085.1000000000
6 -277108.1000000000
7 -275208.1000000000
8 -274728.1000000000
11 -274139.1000000000
12 -273858.1000000000
16 -273264.1000000000
17 -272541.1000000000
20 -271601.1000000000
22 -270627.1000000000
23 -270439.1000000000
24 -269502.1000000000
27 -269110.1000000000
28 -268236.1000000000
29 -266356.1000000000
39 -265471.1000000000
42 -265146.1000000000
43 -264683.1000000000
45 -263860.1000000000
46 -262308.1000000000
50 -261479.1000000000
51 -261277.1000000000
52 -260501.1000000000
55 -257624.1000000000
57 -257319.1000000000
58 -256398.1000000000
61 -255753.1000000000
64 -255397.1000000000
66 -252814.1000000000
68 -252039.1000000000
69 -251683.1000000000
70 -248884.1000000000
75 -247630.1000000000
76 -246150.1000000000
77 -245427.1000000000
82 -245286.1000000000
85 -244696.1000000000
94 -244386.1000000000
96 -243198.1000000000
100 -242837.1000000000
108 -242715.1000000000
109 -241461.1000000000
110 -240045.1000000000
113 -239549.1000000000
117 -238725.1000000000
123 -237223.1000000000
125 -237019.1000000000
127 -236297.1000000000
129 -235608.1000000000
132 -233156.1000000000
133 -233056.1000000000
135 -232316.1000000000
140 -230480.1000000000
143 -229102.1000000000
146 -227684.1000000000
147 -227274.1000000000
150 -224343.1000000000
152 -224220.1000000000
156 -222886.1000000000
157 -221666.1000000000
158 -220922.1000000000
160 -219922.1000000000
161 -219522.1000000000
162 -219189.1000000000
164 -216737.1000000000
165 -216537.1000000000
167 -216535.1000000000
169 -214661.1000000000
176 -214034.1000000000
179 -213752.1000000000
182 -213597.1000000000
193 -212984.1000000000
194 -212103.1000000000
206 -211029.1000000000
211 -207925.1000000000
225 -206981.1000000000
227 -206361.1000000000
230 -205424.1000000000
240 -204477.1000000000
245 -203518.1000000000
246 -203296.1000000000
252 -202321.1000000000
254 -202007.1000000000
260 -199679.1000000000
262 -198707.1000000000
267 -197811.1000000000
268 -196967.1000000000
275 -196045.1000000000
277 -195708.1000000000
279 -194999.1000000000
281 -193773.1000000000
282 -192950.1000000000
287 -192871.1000000000
288 -191149.1000000000
294 -190783.1000000000
306 -190049.1000000000
307 -189801.1000000000
311 -189127.1000000000
328 -188318.1000000000
332 -187542.1000000000
340 -186726.1000000000
341 -185280.1000000000
342 -183237.1000000000
343 -182365.1000000000
346 -181542.1000000000
351 -180722.1000000000
354 -177830.1000000000
357 -177828.1000000000
364 -174936.1000000000
369 -174113.1000000000
370 -172495.1000000000
371 -171319.1000000000
374 -170415.1000000000
375 -170025.1000000000
390 -167649.1000000000
403 -167602.1000000000
406 -166860.1000000000
420 -165016.1000000000
421 -163836.1000000000
441 -163102.1000000000
442 -163023.1000000000
446 -162413.1000000000
493 -161723.1000000000
509 -160862.1000000000
517 -160861.1000000000
527 23319.8562007994
528 23451.6636284699
532 23557.4364307669
541 23663.8212616375
548 23863.6271905898
560 23949.9700098367
587 24046.3753270094
625 24146.1991543018
636 24545.4940524478
665 24641.3646464706
843 24741.9014548267
10001 -161826.1000000000
evaluations raw_y
1 -286166.1000000000
2 -285743.1000000000
5 -285255.1000000000
6 -284370.1000000000
7 -283296.1000000000
9 -281034.1000000000
12 -278103.1000000000
18 -278101.1000000000
21 -277415.1000000000
22 -276497.1000000000
25 -275525.1000000000
27 -274931.1000000000
32 -273994.1000000000
40 -273586.1000000000
41 -273194.1000000000
43 -272453.1000000000
44 -271393.1000000000
46 -268077.1000000000
48 -267343.1000000000
55 -266653.1000000000
56 -265757.1000000000
58 -264341.1000000000
60 -263153.1000000000
64 -259709.1000000000
66 -257791.1000000000
72 -256501.1000000000
74 -255620.1000000000
76 -253260.1000000000
82 -252627.1000000000
85 -249087.1000000000
90 -248930.1000000000
91 -248690.1000000000
97 -246736.1000000000
98 -245234.1000000000
99 -244312.1000000000
104 -242412.1000000000
105 -240766.1000000000
109 -240593.1000000000
110 -239413.1000000000
111 -238235.1000000000
112 -237545.1000000000
114 -236608.1000000000
117 -236298.1000000000
120 -235575.1000000000
121 -233701.1000000000
127 -231121.1000000000
132 -230750.1000000000
140 -229803.1000000000
142 -228041.1000000000
144 -226917.1000000000
147 -226101.1000000000
151 -225491.1000000000
154 -223983.1000000000
157 -223109.1000000000
162 -222365.1000000000
164 -221031.1000000000
167 -220843.1000000000
171 -220075.1000000000
174 -217239.1000000000
175 -216292.1000000000
179 -215516.1000000000
183 -215149.1000000000
189 -214905.1000000000
191 -213039.1000000000
195 -212702.1000000000
197 -212502.1000000000
200 -211130.1000000000
201 -210730.1000000000
206 -208886.1000000000
207 -207418.1000000000
208 -206418.1000000000
213 -205000.1000000000
216 -201000.1000000000
217 -199156.1000000000
218 -198543.1000000000
222 -198133.1000000000
225 -195241.1000000000
231 -194519.1000000000
237 -193852.1000000000
238 -192562.1000000000
243 -191739.1000000000
251 -191259.1000000000
259 -188255.1000000000
260 -186493.1000000000
261 -186489.1000000000
263 -185189.1000000000
271 -184249.1000000000
277 -183786.1000000000
281 -183150.1000000000
285 -182176.1000000000
296 -182082.1000000000
297 -182080.1000000000
299 -181832.1000000000
302 -181009.1000000000
303 -179135.1000000000
314 -178359.1000000000
319 -177617.1000000000
324 -176443.1000000000
328 -176053.1000000000
329 -175720.1000000000
337 -175261.1000000000
339 -173375.1000000000
345 -172785.1000000000
359 -171852.1000000000
368 -171752.1000000000
378 -171721.1000000000
380 -168910.1000000000
414 -168904.1000000000
416 -168075.1000000000
430 -167934.1000000000
450 -167062.1000000000
453 -165422.1000000000
464 -164450.1000000000
474 -163462.1000000000
481 -163106.1000000000
483 -161660.1000000000
524 -160298.1000000000
534 -159961.1000000000
545 22205.2616447476
547 22386.6485924521
548 22588.7148214554
551 22685.8240355552
555 22791.8858878508
557 22890.1860408555
573 22979.9534647273
596 23379.2884266192
735 23578.9540072646
866 23679.5986398255
1052 23879.2543949287
1122 23979.0808543930
2062 24079.7209931731
10001 -160676.1000000000
evaluations raw_y
1 -262492.1000000000
3 -259615.1000000000
5 -259156.1000000000
9 -258668.1000000000
10 -258197.1000000000
12 -257584.1000000000
15 -257218.1000000000
16 -255928.1000000000
17 -254550.1000000000
22 -252788.1000000000
23 -252396.1000000000
25 -251786.1000000000
26 -250064.1000000000
27 -248692.1000000000
30 -247755.1000000000
31 -247533.1000000000
33 -246920.1000000000
34 -243628.1000000000
38 -241728.1000000000
39 -241447.1000000000
41 -240473.1000000000
42 -239247.1000000000
47 -237373.1000000000
49 -237017.1000000000
51 -236113.1000000000
54 -235369.1000000000
55 -234947.1000000000
56 -233029.1000000000
58 -232492.1000000000
59 -231803.1000000000
62 -230974.1000000000
63 -230024.1000000000
64 -229559.1000000000
65 -228808.1000000000
70 -227831.1000000000
71 -227198.1000000000
76 -226423.1000000000
79 -226090.1000000000
86 -225336.1000000000
88 -224212.1000000000
89 -224150.1000000000
99 -224148.1000000000
102 -222490.1000000000
104 -220988.1000000000
106 -220458.1000000000
109 -219012.1000000000
113 -218620.1000000000
114 -217330.1000000000
115 -217299.1000000000
121 -216558.1000000000
124 -214796.1000000000
126 -214491.1000000000
128 -213573.1000000000
129 -213461.1000000000
132 -212638.1000000000
134 -212267.1000000000
135 -211047.1000000000
143 -210075.1000000000
152 -209623.1000000000
154 -207779.1000000000
162 -206259.1000000000
167 -205484.1000000000
169 -205117.1000000000
170 -203243.1000000000
171 -203237.1000000000
174 -202263.1000000000
175 -201811.1000000000
176 -201474.1000000000
180 -200788.1000000000
183 -200562.1000000000
185 -197979.1000000000
195 -197343.1000000000
202 -196368.1000000000
204 -195424.1000000000
210 -195177.1000000000
216 -195066.1000000000
231 -194250.1000000000
233 -193262.1000000000
236 -192008.1000000000
248 -191061.1000000000
253 -189509.1000000000
256 -188919.1000000000
262 -188357.1000000000
263 -187667.1000000000
265 -186858.1000000000
267 -186852.1000000000
279 -185926.1000000000
283 -184752.1000000000
284 -181436.1000000000
290 -181210.1000000000
296 -180273.1000000000
302 -178387.1000000000
306 -177891.1000000000
310 -176703.1000000000
318 -176672.1000000000
320 -175120.1000000000
323 -174712.1000000000
325 -174512.1000000000
348 -173332.1000000000
352 -171332.1000000000
357 -170258.1000000000
372 -168364.1000000000
376 -167690.1000000000
378 -166272.1000000000
384 -165351.1000000000
389 -164661.1000000000
412 -162285.1000000000
416 -162083.1000000000
431 -160313.1000000000
436 24733.2775581703
449 24833.7779987305
528 25033.6426246483
536 25233.5072971644
697 25333.9647215047
10001 25209.9227097907
evaluations raw_y
1 -297186.1000000000
2 -297184.1000000000
4 -296110.1000000000
5 -293658.1000000000
9 -291896.1000000000
10 -290344.1000000000
11 -290096.1000000000
12 -289159.1000000000
14 -288336.1000000000
15 -286828.1000000000
16 -284828.1000000000
17 -282934.1000000000
18 -282567.1000000000
20 -282206.1000000000
22 -281497.1000000000
27 -280321.1000000000
29 -276781.1000000000
30 -276295.1000000000
32 -276248.1000000000
33 -275301.1000000000
34 -274707.1000000000
37 -272915.1000000000
41 -272836.1000000000
43 -270460.1000000000
44 -269898.1000000000
47 -269002.1000000000
48 -265898.1000000000
51 -264994.1000000000
53 -264165.1000000000
55 -262987.1000000000
57 -262577.1000000000
59 -262106.1000000000
61 -261147.1000000000
66 -261025.1000000000
71 -260099.1000000000
72 -259789.1000000000
75 -257915.1000000000
76 -257507.1000000000
78 -257107.1000000000
79 -254351.1000000000
83 -251540.1000000000
86 -248957.1000000000
90 -248755.1000000000
93 -246607.1000000000
94 -245873.1000000000
96 -242125.1000000000
97 -241792.1000000000
100 -239623.1000000000
103 -238848.1000000000
108 -238844.1000000000
109 -237870.1000000000
110 -235750.1000000000
113 -233980.1000000000
122 -233486.1000000000
128 -232850.1000000000
133 -231478.1000000000
134 -231055.1000000000
136 -230321.1000000000
139 -230110.1000000000
144 -229163.1000000000
146 -229069.1000000000
149 -228958.1000000000
155 -228754.1000000000
159 -228698.1000000000
160 -226936.1000000000
170 -226161.1000000000
173 -225574.1000000000
176 -224158.1000000000
178 -222674.1000000000
180 -220830.1000000000
185 -217942.1000000000
188 -216754.1000000000
191 -216165.1000000000
192 -215552.1000000000
193 -214575.1000000000
194 -213631.1000000000
197 -212659.1000000000
202 -212129.1000000000
204 -212017.1000000000
208 -210247.1000000000
212 -209573.1000000000
219 -207655.1000000000
223 -206826.1000000000
228 -206003.1000000000
231 -202255.1000000000
232 -201974.1000000000
241 -199614.1000000000
242 -199535.1000000000
246 -199253.1000000000
268 -198563.1000000000
273 -197874.1000000000
276 -193874.1000000000
296 -193569.1000000000
297 -192151.1000000000
301 -191290.1000000000
320 -188962.1000000000
322 -188482.1000000000
327 -187532.1000000000
333 -187290.1000000000
336 -186102.1000000000
339 -185990.1000000000
341 -185851.1000000000
343 -185363.1000000000
356 -184623.1000000000
362 -184617.1000000000
367 -183097.1000000000
379 -182772.1000000000
384 -181592.1000000000
400 -178661.1000000000
407 -175825.1000000000
413 -174379.1000000000
416 -170607.1000000000
417 -168155.1000000000
424 -167270.1000000000
431 -166642.1000000000
436 -166487.1000000000
438 -166015.1000000000
444 -165247.1000000000
446 -165241.1000000000
457 -163375.1000000000
460 -161929.1000000000
469 -161120.1000000000
486 -160183.1000000000
492 22864.9110409219
507 22983.3299465649
604 23082.5277177991
609 23481.0869821953
706 23680.3612731218
787 23779.9967167218
796 23879.1252251548
991 23881.2984628505
995 23995.1684468831
1001 24121.8739530215
1003 24460.3721476680
1025 24557.8260212254
1561 24650.3976880281
10001 -160432.1000000000
evaluations raw_y
1 -272486.1000000000
2 -271232.1000000000
3 -269278.1000000000
4 -268589.1000000000
6 -268109.1000000000
9 -267883.1000000000
10 -267546.1000000000
12 -267209.1000000000
13 -266232.1000000000
15 -265871.1000000000
16 -264651.1000000000
17 -261067.1000000000
19 -258691.1000000000
20 -257937.1000000000
22 -256863.1000000000
24 -256047.1000000000
25 -254670.1000000000
26 -252501.1000000000
27 -251377.1000000000
32 -250905.1000000000
34 -249571.1000000000
35 -248921.1000000000
36 -248145.1000000000
38 -247988.1000000000
39 -247254.1000000000
41 -246666.1000000000
42 -246664.1000000000
44 -246170.1000000000
46 -245926.1000000000
48 -245847.1000000000
54 -245079.1000000000
56 -242627.1000000000
57 -241885.1000000000
60 -240551.1000000000
61 -239728.1000000000
62 -239138.1000000000
64 -238264.1000000000
69 -237777.1000000000
73 -237325.1000000000
78 -233785.1000000000
80 -232611.1000000000
81 -231433.1000000000
82 -230529.1000000000
83 -228663.1000000000
84 -227839.1000000000
87 -227309.1000000000
91 -226366.1000000000
92 -223530.1000000000
94 -220653.1000000000
95 -219779.1000000000
97 -218271.1000000000
101 -217448.1000000000
102 -214556.1000000000
104 -213866.1000000000
106 -212686.1000000000
114 -212198.1000000000
116 -210714.1000000000
117 -210683.1000000000
119 -210231.1000000000
121 -209906.1000000000
124 -208718.1000000000
125 -206824.1000000000
126 -205032.1000000000
127 -204536.1000000000
136 -204222.1000000000
146 -203917.1000000000
160 -203284.1000000000
170 -202938.1000000000
173 -199622.1000000000
178 -198332.1000000000
185 -197382.1000000000
187 -196917.1000000000
194 -195415.1000000000
195 -194949.1000000000
206 -194012.1000000000
209 -193553.1000000000
211 -192819.1000000000
213 -192068.1000000000
218 -191735.1000000000
219 -188979.1000000000
222 -188032.1000000000
229 -187419.1000000000
231 -186129.1000000000
235 -185182.1000000000
237 -184707.1000000000
242 -183329.1000000000
245 -182329.1000000000
246 -181716.1000000000
247 -180196.1000000000
249 -179786.1000000000
250 -179584.1000000000
257 -179176.1000000000
264 -178400.1000000000
265 -176556.1000000000
269 -176477.1000000000
286 -175657.1000000000
287 -174720.1000000000
292 -174093.1000000000
295 -172249.1000000000
327 -171540.1000000000
335 -170851.1000000000
338 -169407.1000000000
344 -167407.1000000000
350 -166231.1000000000
356 -165519.1000000000
358 -164544.1000000000
374 -163784.1000000000
375 -163502.1000000000
381 -163501.1000000000
392 -163499.1000000000
410 -162573.1000000000
411 -160955.1000000000
417 26025.4523604603
418 26554.3246793052
436 26692.5686824107
437 26893.3098699936
500 26996.6676808812
510 27114.6888196632
560 27217.9695224816
820 27318.3251084556
874 27719.7501545703
1175 27920.4601182822
10001 -160329.1000000000
evaluations raw_y
1 -274991.1000000000
3 -274591.1000000000
10 -274201.1000000000
12 -273478.1000000000
13 -271838.1000000000
16 -269952.1000000000
17 -268980.1000000000
18 -268924.1000000000
19 -268238.1000000000
20 -267877.1000000000
21 -267875.1000000000
22 -266971.1000000000
24 -266605.1000000000
25 -265417.1000000000
28 -263625.1000000000
29 -263525.1000000000
37 -262802.1000000000
39 -260474.1000000000
45 -260030.1000000000
48 -259663.1000000000
51 -258217.1000000000
53 -257466.1000000000
54 -256856.1000000000
55 -256464.1000000000
57 -255046.1000000000
63 -252898.1000000000
65 -252412.1000000000
70 -251475.1000000000
73 -248598.1000000000
75 -247154.1000000000
78 -246560.1000000000
80 -244838.1000000000
81 -243861.1000000000
82 -243402.1000000000
86 -240514.1000000000
87 -239705.1000000000
97 -239501.1000000000
102 -238017.1000000000
105 -236123.1000000000
106 -236117.1000000000
109 -235129.1000000000
110 -234211.1000000000
114 -234132.1000000000
115 -233602.1000000000
117 -232050.1000000000
119 -230796.1000000000
120 -230429.1000000000
123 -230058.1000000000
124 -229384.1000000000
125 -228324.1000000000
127 -224740.1000000000
128 -224601.1000000000
129 -222149.1000000000
131 -219145.1000000000
137 -218863.1000000000
144 -218129.1000000000
149 -216951.1000000000
150 -214591.1000000000
151 -211792.1000000000
155 -210976.1000000000
156 -209508.1000000000
160 -208895.1000000000
161 -208740.1000000000
162 -205929.1000000000
163 -205341.1000000000
166 -204518.1000000000
175 -203578.1000000000
188 -202682.1000000000
190 -202093.1000000000
195 -201351.1000000000
198 -200684.1000000000
199 -196936.1000000000
201 -195646.1000000000
204 -194284.1000000000
205 -192448.1000000000
212 -188448.1000000000
220 -186980.1000000000
221 -186570.1000000000
226 -185570.1000000000
233 -185107.1000000000
247 -184995.1000000000
249 -184171.1000000000
255 -182917.1000000000
257 -179377.1000000000
261 -178668.1000000000
264 -178424.1000000000
266 -178110.1000000000
273 -176464.1000000000
276 -176127.1000000000
282 -176048.1000000000
288 -175225.1000000000
290 -173056.1000000000
299 -172334.1000000000
303 -171453.1000000000
315 -171143.1000000000
319 -171032.1000000000
325 -169586.1000000000
326 -169219.1000000000
337 -168767.1000000000
342 -166997.1000000000
345 -166510.1000000000
346 -166038.1000000000
351 -165215.1000000000
353 -164975.1000000000
356 -164973.1000000000
358 -163355.1000000000
387 -162999.1000000000
391 -161821.1000000000
396 -160647.1000000000
424 22214.0045797887
425 22663.0048140710
426 22766.4169222640
431 23417.4477723170
446 23518.3261467138
505 23718.1367535893
522 23821.9224377594
603 24021.6590500344
699 24122.3043978648
714 24222.1672963542
718 24621.6187924564
1568 24715.3998744696
10001 -161773.1000000000
evaluations raw_y
1 -266820.1000000000
12 -265996.1000000000
13 -263953.1000000000
14 -263264.1000000000
15 -262856.1000000000
16 -262809.1000000000
17 -262419.1000000000
18 -261239.1000000000
19 -260267.1000000000
20 -259382.1000000000
21 -258640.1000000000
23 -258436.1000000000
24 -258225.1000000000
25 -255221.1000000000
26 -255217.1000000000
27 -255078.1000000000
36 -254634.1000000000
38 -254267.1000000000
40 -253207.1000000000
41 -252748.1000000000
44 -252135.1000000000
45 -251135.1000000000
47 -250745.1000000000
52 -250265.1000000000
53 -250263.1000000000
55 -248817.1000000000
56 -247315.1000000000
62 -246547.1000000000
63 -246139.1000000000
65 -246138.1000000000
66 -243686.1000000000
67 -243624.1000000000
71 -243545.1000000000
74 -239961.1000000000
79 -239280.1000000000
83 -239078.1000000000
87 -238745.1000000000
89 -236975.1000000000
91 -236944.1000000000
95 -236456.1000000000
96 -234194.1000000000
102 -233070.1000000000
108 -232361.1000000000
109 -232117.1000000000
111 -232111.1000000000
112 -230319.1000000000
113 -229607.1000000000
114 -228189.1000000000
115 -227230.1000000000
116 -223230.1000000000
120 -222893.1000000000
123 -222170.1000000000
131 -221537.1000000000
132 -220349.1000000000
133 -220238.1000000000
136 -219828.1000000000
143 -219362.1000000000
149 -218425.1000000000
151 -215614.1000000000
155 -214280.1000000000
158 -213670.1000000000
159 -213207.1000000000
160 -212230.1000000000
161 -211407.1000000000
162 -209923.1000000000
167 -209452.1000000000
172 -208272.1000000000
176 -207518.1000000000
180 -204202.1000000000
181 -201874.1000000000
183 -201312.1000000000
188 -200552.1000000000
189 -200247.1000000000
191 -199999.1000000000
196 -199024.1000000000
202 -197070.1000000000
208 -196450.1000000000
214 -194614.1000000000
217 -193839.1000000000
226 -193010.1000000000
230 -192640.1000000000
231 -192485.1000000000
249 -192245.1000000000
253 -191963.1000000000
259 -188423.1000000000
268 -188311.1000000000
290 -187848.1000000000
297 -185954.1000000000
298 -184728.1000000000
307 -183810.1000000000
309 -182914.1000000000
315 -182324.1000000000
323 -181583.1000000000
326 -180103.1000000000
333 -177226.1000000000
334 -175360.1000000000
335 -172468.1000000000
336 -171624.1000000000
344 -170873.1000000000
355 -168421.1000000000
356 -167969.1000000000
360 -167483.1000000000
379 -166539.1000000000
383 -165850.1000000000
398 -164907.1000000000
402 -164515.1000000000
407 -163137.1000000000
410 -162276.1000000000
435 -160986.1000000000
450 22730.0123245002
457 22775.0635700321
458 22883.5273452428
465 23282.0240398139
471 23347.8267421920
478 23421.4315221939
484 23506.4552871198
531 23550.8432923961
538 23730.5830998379
546 23808.9734206264
634 23908.4757266882
652 24107.4815852868
898 24153.1239929952
899 24309.7650402880
910 24334.9215153670
930 24392.0607248741
1312 24403.4047520624
1317 24437.9387192034
1420 24609.9117839187
1582 24808.8605038533
1834 24907.5622334304
10001 -161586.1000000000
evaluations raw_y
1 -274109.1000000000
3 -273137.1000000000
4 -272832.1000000000
6 -272302.1000000000
7 -270800.1000000000
8 -270396.1000000000
9 -269218.1000000000
14 -268826.1000000000
15 -268193.1000000000
23 -265817.1000000000
24 -264880.1000000000
28 -263880.1000000000
30 -261003.1000000000
31 -260322.1000000000
32 -259735.1000000000
33 -258289.1000000000
34 -257897.1000000000
35 -257695.1000000000
36 -254764.1000000000
39 -252764.1000000000
42 -251944.1000000000
46 -251544.1000000000
49 -249904.1000000000
55 -249181.1000000000
56 -248710.1000000000
57 -248300.1000000000
58 -247477.1000000000
59 -247430.1000000000
60 -245586.1000000000
66 -245176.1000000000
68 -242340.1000000000
69 -239448.1000000000
72 -239077.1000000000
74 -238140.1000000000
80 -237552.1000000000
83 -236580.1000000000
86 -235654.1000000000
87 -234736.1000000000
88 -234730.1000000000
98 -234668.1000000000
99 -233725.1000000000
100 -231825.1000000000
105 -230409.1000000000
109 -228535.1000000000
117 -225779.1000000000
125 -224894.1000000000
132 -224683.1000000000
133 -224327.1000000000
135 -221223.1000000000
149 -219889.1000000000
150 -219885.1000000000
152 -218697.1000000000
154 -217874.1000000000
164 -217246.1000000000
166 -216325.1000000000
171 -215251.1000000000
176 -214969.1000000000
189 -214602.1000000000
191 -213662.1000000000
199 -211082.1000000000
207 -210373.1000000000
212 -209633.1000000000
217 -207273.1000000000
220 -206660.1000000000
232 -206195.1000000000
234 -205015.1000000000
236 -204068.1000000000
244 -201269.1000000000
247 -198265.1000000000
249 -196975.1000000000
251 -195139.1000000000
254 -193221.1000000000
255 -192735.1000000000
256 -192085.1000000000
266 -191780.1000000000
272 -189936.1000000000
284 -186164.1000000000
293 -184938.1000000000
294 -184293.1000000000
298 -183704.1000000000
303 -182484.1000000000
304 -182174.1000000000
306 -180672.1000000000
312 -179498.1000000000
331 -177852.1000000000
332 -176978.1000000000
334 -176821.1000000000
356 -176710.1000000000
368 -176343.1000000000
383 -175880.1000000000
393 -175267.1000000000
401 -174808.1000000000
418 -174172.1000000000
425 -172918.1000000000
429 -172777.1000000000
431 -172551.1000000000
440 -171607.1000000000
444 -170832.1000000000
462 -169280.1000000000
472 -169278.1000000000
479 -165278.1000000000
490 -164604.1000000000
512 -162738.1000000000
515 -161376.1000000000
520 -160913.1000000000
540 -160912.1000000000
559 23446.9100419512
560 23471.4000448627
573 23527.9071938916
645 23727.0814833333
730 23728.0608415672
731 23746.3096844529
907 23845.8861960415
10001 22823.5281037115
evaluations raw_y
1 -269703.1000000000
3 -269481.1000000000
6 -268994.1000000000
12 -268882.1000000000
15 -268170.1000000000
18 -267249.1000000000
19 -266784.1000000000
20 -266110.1000000000
25 -265739.1000000000
29 -264513.1000000000
31 -263684.1000000000
32 -260144.1000000000
39 -260033.1000000000
40 -259148.1000000000
42 -257972.1000000000
44 -257484.1000000000
45 -256661.1000000000
47 -256025.1000000000
48 -255415.1000000000
51 -254125.1000000000
52 -251248.1000000000
53 -250686.1000000000
54 -248924.1000000000
55 -248002.1000000000
57 -247186.1000000000
58 -246505.1000000000
66 -243922.1000000000
67 -243428.1000000000
68 -243287.1000000000
69 -241333.1000000000
70 -241107.1000000000
72 -240663.1000000000
75 -239940.1000000000
76 -239474.1000000000
77 -238734.1000000000
80 -238045.1000000000
81 -237164.1000000000
83 -237158.1000000000
86 -237064.1000000000
90 -237033.1000000000
91 -235845.1000000000
93 -234667.1000000000
94 -234078.1000000000
95 -231930.1000000000
96 -231317.1000000000
108 -230895.1000000000
109 -229479.1000000000
111 -229400.1000000000
117 -229033.1000000000
119 -227855.1000000000
124 -226347.1000000000
128 -224178.1000000000
129 -223868.1000000000
132 -222894.1000000000
134 -221236.1000000000
137 -220412.1000000000
139 -220107.1000000000
147 -219751.1000000000
149 -219704.1000000000
155 -217442.1000000000
160 -217076.1000000000
161 -217020.1000000000
166 -215658.1000000000
167 -215206.1000000000
172 -211458.1000000000
177 -210532.1000000000
180 -210393.1000000000
181 -209625.1000000000
184 -208721.1000000000
186 -207495.1000000000
194 -206672.1000000000
201 -205492.1000000000
209 -204318.1000000000
210 -203928.1000000000
215 -203334.1000000000
216 -202600.1000000000
221 -201825.1000000000
223 -201366.1000000000
225 -200522.1000000000
233 -199894.1000000000
236 -199557.1000000000
237 -199551.1000000000
246 -195551.1000000000
248 -194563.1000000000
249 -192689.1000000000
251 -191243.1000000000
252 -189943.1000000000
258 -189071.1000000000
264 -188311.1000000000
268 -187057.1000000000
274 -186120.1000000000
275 -182536.1000000000
277 -181974.1000000000
278 -181284.1000000000
295 -180351.1000000000
298 -179377.1000000000
306 -178902.1000000000
311 -177958.1000000000
331 -177308.1000000000
334 -175756.1000000000
335 -172008.1000000000
350 -170122.1000000000
354 -169436.1000000000
357 -169069.1000000000
366 -168736.1000000000
370 -167994.1000000000
381 -167051.1000000000
385 -164931.1000000000
388 -164705.1000000000
389 -164461.1000000000
396 -163931.1000000000
399 -163869.1000000000
405 -163224.1000000000
417 -162490.1000000000
420 -161513.1000000000
429 -160333.1000000000
431 23077.6410925111
432 23882.2532848282
433 24167.1593686094
434 24505.7907086262
440 24624.7524133811
443 24724.8583332149
491 24829.6304278041
952 25029.8164582405
10001 -160845.1000000000
evaluations raw_y
1 -265672.1000000000
7 -264828.1000000000
9 -264019.1000000000
15 -263560.1000000000
16 -260980.1000000000
18 -260590.1000000000
19 -257779.1000000000
25 -256017.1000000000
28 -255404.1000000000
29 -254932.1000000000
30 -254436.1000000000
31 -253064.1000000000
36 -249064.1000000000
37 -248183.1000000000
41 -247243.1000000000
45 -246534.1000000000
46 -246478.1000000000
47 -245788.1000000000
49 -245427.1000000000
51 -244933.1000000000
52 -241185.1000000000
53 -240264.1000000000
54 -239435.1000000000
55 -238905.1000000000
56 -238442.1000000000
58 -237152.1000000000
59 -237151.1000000000
60 -234352.1000000000
62 -233716.1000000000
70 -232941.1000000000
72 -232693.1000000000
75 -232467.1000000000
76 -231523.1000000000
82 -230586.1000000000
85 -230475.1000000000
86 -229862.1000000000
87 -229118.1000000000
90 -228918.1000000000
92 -227024.1000000000
96 -225556.1000000000
99 -224368.1000000000
103 -222502.1000000000
104 -221056.1000000000
105 -220280.1000000000
123 -219347.1000000000
124 -217178.1000000000
125 -215292.1000000000
127 -213374.1000000000
132 -212614.1000000000
139 -211891.1000000000
146 -210919.1000000000
147 -210439.1000000000
150 -210300.1000000000
152 -209560.1000000000
154 -208740.1000000000
158 -207232.1000000000
159 -206546.1000000000
163 -205933.1000000000
164 -205468.1000000000
167 -205266.1000000000
171 -204554.1000000000
176 -203813.1000000000
181 -203090.1000000000
186 -203059.1000000000
187 -201507.1000000000
191 -201460.1000000000
196 -200286.1000000000
199 -198524.1000000000
203 -197056.1000000000
205 -195802.1000000000
206 -194032.1000000000
208 -193495.1000000000
215 -193395.1000000000
216 -193028.1000000000
218 -193022.1000000000
222 -192618.1000000000
225 -189034.1000000000
244 -187780.1000000000
256 -185826.1000000000
261 -184186.1000000000
263 -184086.1000000000
268 -183114.1000000000
270 -182524.1000000000
271 -180680.1000000000
272 -180676.1000000000
274 -177799.1000000000
289 -175899.1000000000
298 -175025.1000000000
299 -174658.1000000000
300 -173835.1000000000
302 -173723.1000000000
308 -173033.1000000000
315 -171813.1000000000
329 -171611.1000000000
343 -171245.1000000000
349 -168357.1000000000
350 -167357.1000000000
360 -166949.1000000000
361 -165157.1000000000
372 -164595.1000000000
377 -163261.1000000000
386 -162527.1000000000
394 -161939.1000000000
403 -161547.1000000000
404 24408.7645983547
407 24588.9227242487
415 24682.5707066245
445 24799.0058047307
461 24998.7577800590
480 25198.5052310980
506 25298.8676810747
522 25399.1925359871
589 25798.6572292166
630 25898.5207358722
747 25995.3021293299
10001 -160762.1000000000
evaluations raw_y
1 -267341.1000000000
3 -265455.1000000000
6 -264480.1000000000
8 -262104.1000000000
11 -261484.1000000000
12 -260661.1000000000
13 -260175.1000000000
14 -258667.1000000000
16 -257927.1000000000
17 -257237.1000000000
22 -254481.1000000000
23 -253548.1000000000
24 -253192.1000000000
29 -252192.1000000000
34 -250356.1000000000
35 -249666.1000000000
38 -248026.1000000000
40 -247636.1000000000
41 -246456.1000000000
44 -244612.1000000000
46 -241608.1000000000
49 -241514.1000000000
51 -240901.1000000000
55 -240491.1000000000
56 -240135.1000000000
59 -239647.1000000000
62 -238958.1000000000
64 -238836.1000000000
66 -238113.1000000000
67 -237141.1000000000
70 -236400.1000000000
75 -236288.1000000000
76 -235701.1000000000
78 -235528.1000000000
84 -234667.1000000000
85 -234245.1000000000
86 -234189.1000000000
88 -233797.1000000000
91 -231917.1000000000
92 -231043.1000000000
93 -230761.1000000000
95 -229814.1000000000
96 -229169.1000000000
101 -228273.1000000000
102 -227095.1000000000
104 -225869.1000000000
110 -224453.1000000000
119 -224061.1000000000
120 -223861.1000000000
125 -220969.1000000000
129 -218609.1000000000
135 -217849.1000000000
138 -217478.1000000000
141 -216888.1000000000
146 -216065.1000000000
147 -215311.1000000000
149 -214426.1000000000
153 -213714.1000000000
156 -213242.1000000000
157 -212561.1000000000
159 -211894.1000000000
161 -211431.1000000000
163 -209987.1000000000
179 -209115.1000000000
181 -208715.1000000000
187 -206595.1000000000
200 -205421.1000000000
201 -204233.1000000000
208 -201434.1000000000
209 -199882.1000000000
212 -199880.1000000000
221 -198820.1000000000
235 -198580.1000000000
240 -198378.1000000000
250 -198255.1000000000
251 -197768.1000000000
252 -196391.1000000000
253 -193499.1000000000
256 -193034.1000000000
260 -191700.1000000000
262 -189248.1000000000
266 -188911.1000000000
269 -188907.1000000000
275 -184907.1000000000
276 -184455.1000000000
280 -180683.1000000000
286 -179181.1000000000
288 -178701.1000000000
291 -178420.1000000000
292 -177483.1000000000
311 -176989.1000000000
317 -176910.1000000000
324 -175532.1000000000
327 -174798.1000000000
329 -174576.1000000000
331 -173604.1000000000
334 -173181.1000000000
336 -172204.1000000000
349 -170360.1000000000
351 -169897.1000000000
357 -169417.1000000000
369 -168237.1000000000
386 -167643.1000000000
396 -166465.1000000000
408 -165838.1000000000
409 -164714.1000000000
419 -164389.1000000000
439 -163761.1000000000
448 -163302.1000000000
470 -161384.1000000000
488 -161243.1000000000
491 23057.3002361454
495 23256.7194281709
497 23394.6180895789
508 23453.6614590768
513 23540.8413300009
598 23938.8903126567
648 24047.3052962351
650 24247.1553363406
651 24348.7850761068
655 24442.4370509457
664 24621.2899963004
674 24720.9844204951
698 24773.2537227462
699 25046.0593927839
879 25059.7268695118
884 25103.0300134754
895 25191.1054280282
921 25290.6542753387
10001 -161399.1000000000
evaluations raw_y
1 -293054.1000000000
2 -290050.1000000000
3 -289316.1000000000
6 -287436.1000000000
7 -286956.1000000000
8 -286675.1000000000
10 -285698.1000000000
11 -282767.1000000000
13 -281587.1000000000
15 -280702.1000000000
16 -280012.1000000000
17 -279037.1000000000
18 -278261.1000000000
19 -278035.1000000000
21 -277880.1000000000
23 -277555.1000000000
26 -276833.1000000000
27 -274457.1000000000
28 -273734.1000000000
29 -271565.1000000000
30 -270193.1000000000
33 -266445.1000000000
35 -264787.1000000000
37 -263533.1000000000
39 -262996.1000000000
44 -261552.1000000000
46 -260843.1000000000
49 -260347.1000000000
50 -259572.1000000000
55 -259162.1000000000
56 -257544.1000000000
57 -256042.1000000000
58 -255942.1000000000
60 -255005.1000000000
68 -254265.1000000000
71 -254018.1000000000
73 -252372.1000000000
76 -251892.1000000000
78 -251770.1000000000
83 -248454.1000000000
84 -244914.1000000000
88 -243014.1000000000
92 -242841.1000000000
93 -241867.1000000000
94 -241557.1000000000
99 -238265.1000000000
100 -237671.1000000000
101 -237026.1000000000
102 -236824.1000000000
106 -236135.1000000000
109 -234651.1000000000
111 -234557.1000000000
117 -233620.1000000000
121 -233306.1000000000
124 -231536.1000000000
126 -230862.1000000000
129 -230525.1000000000
130 -229349.1000000000
133 -228445.1000000000
135 -227498.1000000000
139 -227054.1000000000
141 -226427.1000000000
142 -222655.1000000000
148 -221153.1000000000
154 -219309.1000000000
157 -218676.1000000000
165 -217853.1000000000
167 -217365.1000000000
176 -215919.1000000000
181 -214731.1000000000
187 -212969.1000000000
191 -212227.1000000000
199 -211331.1000000000
200 -209997.1000000000
201 -209221.1000000000
206 -207499.1000000000
211 -207259.1000000000
217 -206892.1000000000
218 -206751.1000000000
221 -206720.1000000000
225 -206364.1000000000
227 -205604.1000000000
229 -204968.1000000000
236 -203500.1000000000
237 -202619.1000000000
240 -201865.1000000000
253 -199745.1000000000
254 -199293.1000000000
255 -196401.1000000000
259 -195997.1000000000
260 -195053.1000000000
265 -192161.1000000000
269 -192050.1000000000
270 -191050.1000000000
274 -190364.1000000000
276 -189889.1000000000
282 -189269.1000000000
283 -188656.1000000000
296 -187016.1000000000
297 -186187.1000000000
298 -185779.1000000000
299 -185035.1000000000
304 -182147.1000000000
312 -181457.1000000000
316 -179665.1000000000
325 -177082.1000000000
328 -175636.1000000000
335 -175244.1000000000
344 -174634.1000000000
351 -173953.1000000000
361 -172117.1000000000
370 -172038.1000000000
386 -170120.1000000000
391 -168120.1000000000
392 -167918.1000000000
397 -167095.1000000000
404 -165718.1000000000
405 -165671.1000000000
409 -163311.1000000000
420 -162057.1000000000
421 -161083.1000000000
430 -160960.1000000000
439 -160537.1000000000
445 22966.8993989579
447 23060.9723576363
456 23201.8919238564
462 23323.3176299480
463 23351.6246439686
465 23481.8907090506
475 23513.7181736042
503 23544.8628718453
505 23916.6550891928
506 24087.4424189703
576 24187.9759537941
591 24387.4648291548
595 24475.8300748356
652 24874.6984953232
801 24967.5482849976
988 25067.2449217258
10001 -160344.1000000000
evaluations raw_y
1 -264863.1000000000
2 -264637.1000000000
4 -264276.1000000000
6 -262128.1000000000
9 -262028.1000000000
12 -261784.1000000000
14 -261479.1000000000
16 -260553.1000000000
21 -258709.1000000000
24 -258372.1000000000
28 -257782.1000000000
31 -257169.1000000000
34 -257163.1000000000
35 -256340.1000000000
41 -253757.1000000000
43 -251995.1000000000
44 -251501.1000000000
46 -250554.1000000000
47 -249710.1000000000
48 -249230.1000000000
49 -248742.1000000000
51 -248531.1000000000
54 -248430.1000000000
56 -245978.1000000000
59 -243650.1000000000
60 -242474.1000000000
62 -242118.1000000000
65 -241429.1000000000
67 -239789.1000000000
69 -238917.1000000000
72 -238175.1000000000
73 -237231.1000000000
75 -236284.1000000000
78 -235884.1000000000
81 -235880.1000000000
87 -235158.1000000000
88 -235111.1000000000
89 -234829.1000000000
90 -234085.1000000000
91 -233897.1000000000
93 -230357.1000000000
95 -229057.1000000000
101 -228667.1000000000
102 -227221.1000000000
106 -226684.1000000000
110 -222936.1000000000
111 -222734.1000000000
115 -221925.1000000000
118 -218481.1000000000
119 -216645.1000000000
120 -216566.1000000000
128 -215064.1000000000
129 -215063.1000000000
130 -213875.1000000000
133 -212938.1000000000
137 -211566.1000000000
143 -210880.1000000000
145 -210244.1000000000
147 -209521.1000000000
149 -209321.1000000000
156 -207875.1000000000
159 -206954.1000000000
162 -206495.1000000000
163 -205755.1000000000
164 -204535.1000000000
165 -202492.1000000000
167 -202178.1000000000
168 -199290.1000000000
180 -195974.1000000000
181 -195024.1000000000
183 -192855.1000000000
191 -191918.1000000000
194 -191356.1000000000
204 -191300.1000000000
209 -189642.1000000000
218 -188224.1000000000
226 -187635.1000000000
237 -186990.1000000000
245 -186504.1000000000
249 -186041.1000000000
257 -183921.1000000000
258 -182401.1000000000
260 -182034.1000000000
263 -181211.1000000000
267 -180878.1000000000
269 -177106.1000000000
277 -176282.1000000000
287 -175360.1000000000
293 -174637.1000000000
297 -173861.1000000000
301 -169861.1000000000
302 -168957.1000000000
309 -168324.1000000000
326 -167450.1000000000
328 -166769.1000000000
333 -164013.1000000000
335 -162787.1000000000
338 -162395.1000000000
351 -161271.1000000000
357 -160799.1000000000
362 -160039.1000000000
379 24306.1501161003
380 24793.3376700749
382 25077.5419568116
384 25240.6550357000
385 25820.3087526075
404 26021.0753622093
509 26124.5486370541
557 26224.9298093357
569 26626.4573224393
576 26827.2208836991
912 26930.6898759009
10001 -160030.1000000000
evaluations raw_y
1 -264909.1000000000
2 -264667.1000000000
7 -264079.1000000000
10 -263879.1000000000
11 -262435.1000000000
12 -261983.1000000000
18 -260803.1000000000
19 -258475.1000000000
20 -257847.1000000000
27 -256513.1000000000
28 -255595.1000000000
31 -253447.1000000000
32 -253335.1000000000
34 -252891.1000000000
35 -252791.1000000000
36 -252082.1000000000
38 -251156.1000000000
41 -250156.1000000000
42 -249851.1000000000
45 -248901.1000000000
48 -248147.1000000000
50 -247558.1000000000
51 -243558.1000000000
57 -243310.1000000000
62 -242333.1000000000
64 -241853.1000000000
65 -240131.1000000000
67 -238257.1000000000
71 -237428.1000000000
74 -236801.1000000000
77 -235031.1000000000
79 -234395.1000000000
84 -234184.1000000000
87 -233996.1000000000
97 -233516.1000000000
98 -233057.1000000000
99 -231221.1000000000
102 -230446.1000000000
104 -228800.1000000000
108 -228799.1000000000
114 -227381.1000000000
115 -226161.1000000000
116 -224783.1000000000
117 -224416.1000000000
120 -221617.1000000000
121 -219999.1000000000
128 -219027.1000000000
129 -218801.1000000000
136 -217868.1000000000
139 -217416.1000000000
140 -217091.1000000000
143 -216282.1000000000
144 -215056.1000000000
149 -214240.1000000000
150 -213879.1000000000
152 -212433.1000000000
154 -210553.1000000000
156 -210220.1000000000
160 -209444.1000000000
163 -209088.1000000000
164 -207134.1000000000
170 -205908.1000000000
173 -205314.1000000000
175 -205202.1000000000
177 -205171.1000000000
178 -204420.1000000000
179 -203535.1000000000
190 -201765.1000000000
192 -198929.1000000000
194 -198689.1000000000
196 -198379.1000000000
200 -196117.1000000000
209 -195297.1000000000
210 -194735.1000000000
215 -193959.1000000000
222 -192625.1000000000
227 -190173.1000000000
238 -186633.1000000000
246 -186262.1000000000
249 -185573.1000000000
252 -184831.1000000000
263 -184730.1000000000
270 -183656.1000000000
281 -183342.1000000000
286 -182653.1000000000
287 -179209.1000000000
290 -178839.1000000000
296 -175547.1000000000
299 -175147.1000000000
303 -173627.1000000000
306 -173625.1000000000
319 -169877.1000000000
337 -169704.1000000000
344 -167535.1000000000
355 -166591.1000000000
357 -166054.1000000000
363 -165117.1000000000
365 -164394.1000000000
368 -164113.1000000000
377 -163641.1000000000
396 -162666.1000000000
401 -161944.1000000000
406 -161210.1000000000
418 -160565.1000000000
420 -160228.1000000000
425 23926.6167677583
433 24025.9702160449
494 24225.8542582708
547 24425.7385634994
581 24526.4595800203
597 24627.1474657494
1312 25026.8844026653
1595 25126.8161016692
10001 -161982.1000000000
evaluations raw_y
1 -283879.1000000000
3 -281999.1000000000
6 -281223.1000000000
7 -281084.1000000000
11 -280674.1000000000
12 -278346.1000000000
15 -277954.1000000000
17 -277341.1000000000
22 -276366.1000000000
23 -273530.1000000000
26 -272587.1000000000
27 -272347.1000000000
29 -271603.1000000000
32 -270894.1000000000
38 -269894.1000000000
39 -269794.1000000000
40 -269319.1000000000
41 -269115.1000000000
44 -267697.1000000000
45 -267574.1000000000
47 -267094.1000000000
48 -266937.1000000000
50 -266186.1000000000
51 -265830.1000000000
52 -264576.1000000000
53 -262124.1000000000
54 -261924.1000000000
55 -261461.1000000000
59 -260693.1000000000
66 -258923.1000000000
68 -258861.1000000000
74 -255973.1000000000
79 -255150.1000000000
84 -254556.1000000000
86 -252294.1000000000
89 -251471.1000000000
90 -249428.1000000000
95 -249306.1000000000
98 -249024.1000000000
99 -248435.1000000000
103 -248191.1000000000
107 -247601.1000000000
111 -247264.1000000000
112 -246435.1000000000
115 -245983.1000000000
118 -245871.1000000000
123 -245182.1000000000
132 -244310.1000000000
137 -244279.1000000000
139 -243545.1000000000
142 -243323.1000000000
143 -241951.1000000000
145 -240979.1000000000
146 -240170.1000000000
148 -239860.1000000000
149 -238913.1000000000
151 -237151.1000000000
152 -236470.1000000000
153 -234634.1000000000
154 -233989.1000000000
155 -233369.1000000000
157 -232425.1000000000
158 -232424.1000000000
160 -232345.1000000000
161 -231167.1000000000
163 -231088.1000000000
167 -230475.1000000000
171 -230273.1000000000
174 -230100.1000000000
189 -229734.1000000000
192 -228088.1000000000
195 -226914.1000000000
197 -226301.1000000000
199 -223849.1000000000
207 -223353.1000000000
208 -222791.1000000000
211 -222477.1000000000
217 -222266.1000000000
225 -220764.1000000000
226 -220137.1000000000
228 -218657.1000000000
229 -217431.1000000000
233 -217331.1000000000
237 -215162.1000000000
241 -214625.1000000000
246 -213936.1000000000
252 -213825.1000000000
254 -211026.1000000000
260 -209800.1000000000
261 -207220.1000000000
263 -204328.1000000000
264 -204047.1000000000
275 -203075.1000000000
277 -202252.1000000000
280 -201789.1000000000
281 -200171.1000000000
286 -199275.1000000000
289 -195503.1000000000
293 -195277.1000000000
297 -194667.1000000000
299 -193115.1000000000
310 -192927.1000000000
311 -192475.1000000000
312 -191700.1000000000
320 -191112.1000000000
325 -190426.1000000000
326 -188924.1000000000
327 -188532.1000000000
335 -187354.1000000000
342 -186718.1000000000
343 -184598.1000000000
360 -183875.1000000000
363 -183133.1000000000
366 -182215.1000000000
370 -181565.1000000000
373 -181518.1000000000
374 -180702.1000000000
382 -176954.1000000000
392 -176466.1000000000
393 -174914.1000000000
395 -174553.1000000000
399 -173137.1000000000
416 -171917.1000000000
426 -170051.1000000000
433 -168281.1000000000
443 -167787.1000000000
467 -167120.1000000000
478 -164364.1000000000
480 -162918.1000000000
485 -161981.1000000000
490 -160087.1000000000
493 22502.5828119273
494 22621.9936671093
496 22742.9095484867
497 22909.0927195397
504 23001.5627023812
522 23184.8534112927
582 23384.1673574283
585 23484.1223262777
613 23584.0249994981
622 23683.6742437210
675 23699.4275633892
677 23757.3856831759
691 23835.0254616346
732 23913.4805422593
841 24112.8051530601
847 24114.2836093819
849 24226.4011938265
855 24314.9904454687
865 24391.0257825391
874 24477.5994263983
1278 24569.0423719302
10001 23933.7542079610
evaluations raw_y
1 -277189.1000000000
2 -277110.1000000000
5 -276050.1000000000
8 -274548.1000000000
10 -273867.1000000000
16 -272023.1000000000
21 -271200.1000000000
23 -270339.1000000000
25 -268465.1000000000
28 -266957.1000000000
32 -265779.1000000000
34 -265423.1000000000
36 -264005.1000000000
41 -263724.1000000000
42 -260280.1000000000
43 -257828.1000000000
44 -257240.1000000000
45 -256290.1000000000
46 -255796.1000000000
47 -255183.1000000000
48 -254837.1000000000
53 -253952.1000000000
56 -252977.1000000000
59 -252387.1000000000
64 -251611.1000000000
65 -250998.1000000000
67 -248110.1000000000
71 -246733.1000000000
72 -246533.1000000000
73 -246058.1000000000
79 -245571.1000000000
81 -243211.1000000000
82 -242237.1000000000
89 -240591.1000000000
92 -239647.1000000000
93 -239059.1000000000
97 -237215.1000000000
102 -236541.1000000000
104 -235315.1000000000
106 -235071.1000000000
111 -232179.1000000000
112 -231775.1000000000
114 -230803.1000000000
118 -228004.1000000000
123 -227847.1000000000
124 -227018.1000000000
125 -226778.1000000000
127 -226731.1000000000
131 -226730.1000000000
137 -226448.1000000000
139 -225707.1000000000
141 -224373.1000000000
143 -223746.1000000000
145 -223056.1000000000
146 -222097.1000000000
148 -220143.1000000000
151 -217139.1000000000
154 -216316.1000000000
157 -216112.1000000000
163 -214320.1000000000
165 -212662.1000000000
171 -211474.1000000000
172 -211022.1000000000
173 -210536.1000000000
174 -209614.1000000000
178 -207852.1000000000
180 -206562.1000000000
182 -206360.1000000000
185 -206358.1000000000
187 -206327.1000000000
194 -206227.1000000000
195 -206148.1000000000
198 -202400.1000000000
208 -202344.1000000000
210 -201440.1000000000
211 -200910.1000000000
212 -199936.1000000000
220 -198964.1000000000
228 -198650.1000000000
234 -198170.1000000000
236 -197503.1000000000
240 -196585.1000000000
244 -195397.1000000000
245 -193951.1000000000
250 -193323.1000000000
251 -192786.1000000000
254 -189975.1000000000
257 -189342.1000000000
269 -188971.1000000000
270 -188282.1000000000
271 -187945.1000000000
280 -186945.1000000000
297 -186941.1000000000
300 -185061.1000000000
303 -183593.1000000000
309 -181473.1000000000
315 -181065.1000000000
324 -179597.1000000000
325 -179134.1000000000
333 -177688.1000000000
336 -177296.1000000000
347 -176006.1000000000
353 -175370.1000000000
355 -174918.1000000000
363 -171602.1000000000
367 -170422.1000000000
370 -167530.1000000000
375 -166786.1000000000
389 -164030.1000000000
420 -163087.1000000000
427 -162599.1000000000
433 -161824.1000000000
435 -161416.1000000000
444 -160593.1000000000
462 -160226.1000000000
470 23790.5567575186
472 24867.2175738826
473 25062.3945131854
474 25185.9797659534
478 25311.0403460557
545 25413.0092037085
567 25613.2799327606
609 25715.2202052273
633 25821.9618499802
830 26222.4257445809
1165 26422.6544275016
1620 26522.7675875683
10001 -161272.1000000000
