evaluations raw_y
1 -2071.0000000000
2 -2070.0000000000
5 -2069.0000000000
68 -2068.0000000000
3251 -2067.0000000000
4940 -2066.0000000000
10001 -2070.0000000000
evaluations raw_y
1 -1929.0000000000
5 -1928.0000000000
59 -1927.0000000000
217 -1926.0000000000
457 -1925.0000000000
10001 -1929.0000000000
evaluations raw_y
1 -2010.0000000000
2 -2008.0000000000
156 -2007.0000000000
444 -2006.0000000000
10001 -2010.0000000000
evaluations raw_y
1 -2014.0000000000
2 -2013.0000000000
30 -2012.0000000000
92 -2011.0000000000
278 -2010.0000000000
374 -2009.0000000000
10001 -2014.0000000000
evaluations raw_y
1 -2093.0000000000
2 -2092.0000000000
15 -2091.0000000000
75 -2090.0000000000
106 -2089.0000000000
3189 -2088.0000000000
10001 -2092.0000000000
evaluations raw_y
1 -2035.0000000000
7 -2034.0000000000
10 -2033.0000000000
59 -2031.0000000000
507 -2030.0000000000
10001 -2035.0000000000
evaluations raw_y
1 -1966.0000000000
6 -1965.0000000000
14 -1963.0000000000
809 -1962.0000000000
7868 -1961.0000000000
10001 -1966.0000000000
evaluations raw_y
1 -1940.0000000000
3 -1939.0000000000
46 -1938.0000000000
345 -1937.0000000000
3464 -1936.0000000000
10001 -1940.0000000000
evaluations raw_y
1 -2009.0000000000
4 -2007.0000000000
141 -2006.0000000000
2025 -2005.0000000000
2579 -2004.0000000000
10001 -2008.0000000000
evaluations raw_y
1 -1998.0000000000
2 -1997.0000000000
22 -1996.0000000000
47 -1995.0000000000
1123 -1994.0000000000
2921 -1993.0000000000
10001 -1998.0000000000
evaluations raw_y
1 -2064.0000000000
3 -2063.0000000000
15 -2062.0000000000
131 -2061.0000000000
395 -2060.0000000000
4341 -2059.0000000000
10001 -2063.0000000000
evaluations raw_y
1 -2041.0000000000
6 -2039.0000000000
151 -2038.0000000000
881 -2037.0000000000
3056 -2036.0000000000
10001 -2042.0000000000
evaluations raw_y
1 -2052.0000000000
9 -2051.0000000000
18 -2050.0000000000
330 -2049.0000000000
911 -2047.0000000000
10001 -2052.0000000000
evaluations raw_y
1 -2035.0000000000
2 -2034.0000000000
7 -2032.0000000000
21 -2031.0000000000
9267 -2030.0000000000
10001 -2035.0000000000
evaluations raw_y
1 -2032.0000000000
2 -2031.0000000000
16 -2030.0000000000
164 -2029.0000000000
553 -2028.0000000000
9711 -2027.0000000000
10001 -2031.0000000000
evaluations raw_y
1 -2017.0000000000
2 -2016.0000000000
11 -2015.0000000000
50 -2014.0000000000
2047 -2013.0000000000
7065 -2012.0000000000
10001 -2018.0000000000
evaluations raw_y
1 -1959.0000000000
2 -1958.0000000000
7 -1957.0000000000
68 -1956.0000000000
80 -1955.0000000000
10001 -1960.0000000000
evaluations raw_y
1 -1986.0000000000
7 -1985.0000000000
59 -1984.0000000000
296 -1983.0000000000
1557 -1982.0000000000
2584 -1981.0000000000
10001 -1986.0000000000
evaluations raw_y
1 -1975.0000000000
3 -1974.0000000000
13 -1973.0000000000
18 -1972.0000000000
255 -1971.0000000000
9553 -1970.0000000000
10001 -1974.0000000000
evaluations raw_y
1 -1978.0000000000
6 -1977.0000000000
63 -1975.0000000000
4208 -1974.0000000000
10001 -1978.0000000000
evaluations raw_y
1 -2009.0000000000
7 -2008.0000000000
21 -2007.0000000000
285 -2006.0000000000
1691 -2004.0000000000
10001 -2012.0000000000
evaluations raw_y
1 -1984.0000000000
8 -1983.0000000000
33 -1982.0000000000
47 -1981.0000000000
750 -1980.0000000000
6176 -1979.0000000000
10001 -1985.0000000000
evaluations raw_y
1 -2036.0000000000
8 -2034.0000000000
12 -2033.0000000000
605 -2032.0000000000
10001 -2035.0000000000
evaluations raw_y
1 -2002.0000000000
8 -1996.0000000000
10001 -2002.0000000000
evaluations raw_y
1 -2012.0000000000
2 -2009.0000000000
180 -2008.0000000000
685 -2007.0000000000
10001 -2012.0000000000
evaluations raw_y
1 -2056.0000000000
3 -2055.0000000000
42 -2054.0000000000
262 -2052.0000000000
2179 -2051.0000000000
9031 -2050.0000000000
10001 -2056.0000000000
evaluations raw_y
1 -2067.0000000000
7 -2066.0000000000
24 -2065.0000000000
104 -2064.0000000000
1061 -2063.0000000000
2550 -2062.0000000000
10001 -2067.0000000000
evaluations raw_y
1 -1968.0000000000
8 -1967.0000000000
58 -1966.0000000000
202 -1965.0000000000
490 -1964.0000000000
1258 -1963.0000000000
10001 -1968.0000000000
evaluations raw_y
1 -2024.0000000000
3 -2022.0000000000
136 -2021.0000000000
402 -2020.0000000000
7521 -2019.0000000000
10001 -2025.0000000000
evaluations raw_y
1 -1974.0000000000
3 -1972.0000000000
312 -1970.0000000000
6164 -1969.0000000000
10001 -1974.0000000000
