evaluations raw_y
1 -1990.0000000000
2 -1970.0000000000
4 -1954.0000000000
21 -1942.0000000000
29 -1927.0000000000
405 -1901.0000000000
799 -1898.0000000000
823 -1885.0000000000
1191 -1874.0000000000
1597 -1863.0000000000
2019 -1858.0000000000
2399 -1838.0000000000
2775 -1823.0000000000
3181 -1809.0000000000
3565 -1793.0000000000
3583 -1789.0000000000
3965 -1775.0000000000
4361 -1759.0000000000
4397 -1758.0000000000
4757 -1745.0000000000
5149 -1742.0000000000
5155 -1736.0000000000
5551 -1725.0000000000
5579 -1724.0000000000
5943 -1717.0000000000
6349 -1709.0000000000
7135 -1705.0000000000
7159 -1704.0000000000
7169 -1702.0000000000
7529 -1699.0000000000
7537 -1680.0000000000
8323 -1677.0000000000
8355 -1676.0000000000
8749 -1674.0000000000
9111 -1662.0000000000
9529 -1661.0000000000
9901 -1660.0000000000
9903 -1658.0000000000
10296 -2325.0000000000
evaluations raw_y
1 -2048.0000000000
2 -1974.0000000000
4 -1952.0000000000
8 -1918.0000000000
403 -1871.0000000000
799 -1857.0000000000
833 -1849.0000000000
1195 -1839.0000000000
1597 -1836.0000000000
1985 -1835.0000000000
1993 -1833.0000000000
2007 -1831.0000000000
2385 -1826.0000000000
2393 -1822.0000000000
2775 -1814.0000000000
2789 -1812.0000000000
3169 -1804.0000000000
3197 -1800.0000000000
3205 -1793.0000000000
3571 -1781.0000000000
3979 -1775.0000000000
3989 -1773.0000000000
4357 -1772.0000000000
4391 -1765.0000000000
4761 -1760.0000000000
5155 -1757.0000000000
5159 -1756.0000000000
5173 -1747.0000000000
5565 -1746.0000000000
5579 -1742.0000000000
5955 -1737.0000000000
6353 -1735.0000000000
6359 -1731.0000000000
6753 -1717.0000000000
8323 -1711.0000000000
8729 -1710.0000000000
8733 -1685.0000000000
9109 -1671.0000000000
9511 -1668.0000000000
9545 -1664.0000000000
9927 -1661.0000000000
9941 -1656.0000000000
10296 -1670.0000000000
evaluations raw_y
1 -1994.0000000000
2 -1983.0000000000
7 -1981.0000000000
11 -1953.0000000000
16 -1913.0000000000
423 -1912.0000000000
829 -1903.0000000000
1189 -1887.0000000000
1215 -1886.0000000000
1587 -1872.0000000000
1615 -1865.0000000000
1625 -1852.0000000000
2013 -1848.0000000000
2383 -1847.0000000000
2417 -1844.0000000000
2797 -1836.0000000000
2809 -1835.0000000000
2815 -1834.0000000000
3171 -1786.0000000000
3989 -1777.0000000000
4365 -1759.0000000000
5167 -1749.0000000000
5941 -1735.0000000000
5973 -1724.0000000000
6755 -1718.0000000000
6771 -1717.0000000000
7155 -1716.0000000000
7529 -1706.0000000000
7951 -1698.0000000000
8325 -1697.0000000000
8355 -1692.0000000000
8723 -1691.0000000000
9119 -1687.0000000000
9123 -1684.0000000000
9145 -1677.0000000000
9525 -1676.0000000000
9901 -1665.0000000000
10296 -2324.0000000000
evaluations raw_y
1 -1989.0000000000
2 -1966.0000000000
4 -1935.0000000000
399 -1916.0000000000
409 -1914.0000000000
437 -1904.0000000000
807 -1884.0000000000
1197 -1855.0000000000
1595 -1851.0000000000
1611 -1841.0000000000
1995 -1837.0000000000
2379 -1820.0000000000
2797 -1787.0000000000
3969 -1781.0000000000
3981 -1772.0000000000
3993 -1763.0000000000
4393 -1762.0000000000
4755 -1756.0000000000
5165 -1750.0000000000
5561 -1748.0000000000
5569 -1739.0000000000
5947 -1736.0000000000
6337 -1732.0000000000
6341 -1730.0000000000
6743 -1716.0000000000
7149 -1712.0000000000
7161 -1708.0000000000
7525 -1707.0000000000
7539 -1705.0000000000
7943 -1685.0000000000
8735 -1672.0000000000
9509 -1667.0000000000
9919 -1664.0000000000
10296 -2308.0000000000
evaluations raw_y
1 -1987.0000000000
5 -1977.0000000000
6 -1949.0000000000
12 -1944.0000000000
397 -1932.0000000000
423 -1926.0000000000
431 -1900.0000000000
809 -1899.0000000000
833 -1894.0000000000
1197 -1886.0000000000
1219 -1877.0000000000
1615 -1863.0000000000
1983 -1849.0000000000
2393 -1844.0000000000
2417 -1832.0000000000
2787 -1810.0000000000
3191 -1800.0000000000
3209 -1795.0000000000
3565 -1789.0000000000
3967 -1766.0000000000
4757 -1757.0000000000
4761 -1752.0000000000
4775 -1747.0000000000
5181 -1746.0000000000
5545 -1730.0000000000
5575 -1720.0000000000
5973 -1704.0000000000
6367 -1701.0000000000
6749 -1700.0000000000
6763 -1694.0000000000
7129 -1668.0000000000
7561 -1666.0000000000
7963 -1661.0000000000
8319 -1657.0000000000
8723 -1656.0000000000
9519 -1655.0000000000
9547 -1653.0000000000
9909 -1635.0000000000
10296 -1670.0000000000
evaluations raw_y
1 -2018.0000000000
2 -2007.0000000000
4 -1969.0000000000
12 -1958.0000000000
39 -1937.0000000000
415 -1935.0000000000
427 -1916.0000000000
799 -1890.0000000000
833 -1889.0000000000
1217 -1873.0000000000
1593 -1859.0000000000
1599 -1857.0000000000
1601 -1849.0000000000
2009 -1847.0000000000
2011 -1834.0000000000
2389 -1831.0000000000
2395 -1823.0000000000
2777 -1812.0000000000
3195 -1800.0000000000
3969 -1785.0000000000
4357 -1765.0000000000
5153 -1749.0000000000
5549 -1732.0000000000
6347 -1719.0000000000
6751 -1715.0000000000
7539 -1706.0000000000
7945 -1695.0000000000
8317 -1681.0000000000
8747 -1667.0000000000
9127 -1660.0000000000
9905 -1654.0000000000
10296 -1654.0000000000
evaluations raw_y
1 -1984.0000000000
5 -1949.0000000000
20 -1948.0000000000
22 -1907.0000000000
795 -1879.0000000000
1189 -1872.0000000000
1197 -1869.0000000000
1585 -1867.0000000000
1593 -1865.0000000000
1623 -1845.0000000000
1987 -1837.0000000000
2019 -1831.0000000000
2411 -1823.0000000000
2777 -1819.0000000000
3183 -1812.0000000000
3571 -1811.0000000000
3585 -1808.0000000000
3595 -1802.0000000000
3967 -1797.0000000000
3969 -1792.0000000000
3973 -1791.0000000000
4365 -1788.0000000000
4367 -1785.0000000000
4389 -1780.0000000000
4753 -1779.0000000000
4785 -1766.0000000000
4789 -1763.0000000000
5169 -1759.0000000000
5557 -1757.0000000000
5575 -1750.0000000000
5947 -1749.0000000000
5951 -1743.0000000000
5953 -1741.0000000000
5959 -1733.0000000000
6351 -1716.0000000000
7135 -1713.0000000000
7937 -1706.0000000000
8321 -1698.0000000000
8357 -1694.0000000000
8745 -1679.0000000000
9521 -1676.0000000000
9529 -1675.0000000000
9901 -1665.0000000000
9917 -1656.0000000000
10296 -2314.0000000000
evaluations raw_y
1 -2017.0000000000
2 -1998.0000000000
5 -1971.0000000000
13 -1952.0000000000
21 -1936.0000000000
409 -1929.0000000000
415 -1925.0000000000
437 -1916.0000000000
811 -1913.0000000000
815 -1895.0000000000
827 -1885.0000000000
1227 -1883.0000000000
1585 -1873.0000000000
1587 -1870.0000000000
1991 -1869.0000000000
1999 -1863.0000000000
2005 -1852.0000000000
2377 -1846.0000000000
2379 -1837.0000000000
2397 -1822.0000000000
2797 -1818.0000000000
3175 -1808.0000000000
3209 -1803.0000000000
3575 -1797.0000000000
3591 -1795.0000000000
3961 -1792.0000000000
4001 -1788.0000000000
4361 -1786.0000000000
4375 -1775.0000000000
4785 -1772.0000000000
5149 -1766.0000000000
5173 -1761.0000000000
5545 -1760.0000000000
5547 -1742.0000000000
5943 -1740.0000000000
5955 -1738.0000000000
6355 -1728.0000000000
6739 -1718.0000000000
7131 -1714.0000000000
7155 -1711.0000000000
7161 -1707.0000000000
7929 -1701.0000000000
7941 -1696.0000000000
7963 -1694.0000000000
8341 -1680.0000000000
8731 -1679.0000000000
9127 -1678.0000000000
9145 -1669.0000000000
9527 -1668.0000000000
9535 -1662.0000000000
10296 -2309.0000000000
evaluations raw_y
1 -2021.0000000000
2 -1994.0000000000
7 -1984.0000000000
8 -1983.0000000000
9 -1981.0000000000
10 -1961.0000000000
17 -1921.0000000000
39 -1917.0000000000
413 -1884.0000000000
1195 -1873.0000000000
1203 -1867.0000000000
1593 -1864.0000000000
1981 -1860.0000000000
1987 -1858.0000000000
1999 -1852.0000000000
2003 -1841.0000000000
2383 -1832.0000000000
2791 -1830.0000000000
2795 -1811.0000000000
3169 -1791.0000000000
3989 -1790.0000000000
4001 -1789.0000000000
4371 -1784.0000000000
4767 -1782.0000000000
4773 -1779.0000000000
4793 -1756.0000000000
5557 -1749.0000000000
5951 -1739.0000000000
7141 -1734.0000000000
7151 -1733.0000000000
7169 -1732.0000000000
7527 -1730.0000000000
7565 -1725.0000000000
7931 -1723.0000000000
7943 -1718.0000000000
7951 -1701.0000000000
8739 -1693.0000000000
9139 -1692.0000000000
9523 -1690.0000000000
9901 -1688.0000000000
9917 -1681.0000000000
10296 -2307.0000000000
evaluations raw_y
1 -1987.0000000000
2 -1973.0000000000
6 -1961.0000000000
35 -1938.0000000000
40 -1916.0000000000
399 -1913.0000000000
407 -1907.0000000000
795 -1899.0000000000
799 -1897.0000000000
801 -1886.0000000000
1201 -1885.0000000000
1231 -1873.0000000000
1601 -1858.0000000000
1981 -1850.0000000000
1991 -1843.0000000000
2005 -1819.0000000000
2387 -1807.0000000000
2399 -1795.0000000000
2785 -1793.0000000000
3185 -1792.0000000000
3197 -1787.0000000000
3567 -1778.0000000000
3605 -1767.0000000000
3971 -1763.0000000000
3997 -1761.0000000000
3999 -1757.0000000000
4365 -1756.0000000000
4371 -1755.0000000000
4377 -1751.0000000000
4753 -1739.0000000000
4755 -1737.0000000000
5169 -1725.0000000000
5171 -1714.0000000000
5555 -1708.0000000000
5967 -1701.0000000000
6367 -1694.0000000000
6375 -1691.0000000000
6765 -1687.0000000000
7159 -1685.0000000000
7535 -1680.0000000000
7933 -1666.0000000000
7961 -1662.0000000000
8721 -1661.0000000000
8751 -1656.0000000000
9113 -1650.0000000000
9509 -1638.0000000000
9901 -1633.0000000000
9933 -1629.0000000000
9937 -1624.0000000000
10296 -1653.0000000000
evaluations raw_y
1 -2106.0000000000
2 -1991.0000000000
4 -1953.0000000000
6 -1949.0000000000
24 -1947.0000000000
401 -1932.0000000000
435 -1928.0000000000
437 -1923.0000000000
793 -1876.0000000000
1209 -1875.0000000000
1219 -1866.0000000000
1593 -1864.0000000000
1613 -1857.0000000000
1991 -1854.0000000000
2011 -1842.0000000000
2019 -1823.0000000000
2773 -1820.0000000000
2803 -1802.0000000000
3191 -1778.0000000000
3199 -1774.0000000000
3575 -1763.0000000000
3581 -1760.0000000000
3595 -1753.0000000000
4363 -1738.0000000000
4787 -1728.0000000000
5149 -1725.0000000000
5153 -1721.0000000000
5975 -1714.0000000000
6339 -1700.0000000000
6757 -1697.0000000000
6759 -1695.0000000000
6771 -1692.0000000000
7137 -1682.0000000000
7539 -1667.0000000000
7949 -1655.0000000000
9901 -1649.0000000000
10296 -1671.0000000000
evaluations raw_y
1 -1952.0000000000
16 -1926.0000000000
431 -1905.0000000000
829 -1893.0000000000
1191 -1884.0000000000
1203 -1881.0000000000
1225 -1868.0000000000
1595 -1854.0000000000
1621 -1844.0000000000
2011 -1806.0000000000
3603 -1802.0000000000
3605 -1787.0000000000
4373 -1767.0000000000
4779 -1761.0000000000
5161 -1759.0000000000
5177 -1757.0000000000
5949 -1756.0000000000
6351 -1746.0000000000
6363 -1737.0000000000
6759 -1732.0000000000
7149 -1730.0000000000
7161 -1727.0000000000
7549 -1724.0000000000
7563 -1712.0000000000
7943 -1711.0000000000
8319 -1703.0000000000
8321 -1699.0000000000
8723 -1696.0000000000
9115 -1677.0000000000
9915 -1671.0000000000
10296 -1694.0000000000
evaluations raw_y
1 -1974.0000000000
8 -1957.0000000000
13 -1942.0000000000
21 -1930.0000000000
405 -1924.0000000000
409 -1912.0000000000
413 -1911.0000000000
795 -1905.0000000000
797 -1895.0000000000
1193 -1888.0000000000
1211 -1873.0000000000
1591 -1860.0000000000
2003 -1842.0000000000
2385 -1807.0000000000
2403 -1805.0000000000
2783 -1801.0000000000
2795 -1778.0000000000
3987 -1776.0000000000
4371 -1772.0000000000
4395 -1770.0000000000
4755 -1768.0000000000
4761 -1757.0000000000
5153 -1745.0000000000
5173 -1742.0000000000
5547 -1738.0000000000
5961 -1731.0000000000
5963 -1722.0000000000
6361 -1703.0000000000
8319 -1694.0000000000
8729 -1686.0000000000
9517 -1678.0000000000
9543 -1671.0000000000
10296 -1682.0000000000
evaluations raw_y
1 -2007.0000000000
2 -1992.0000000000
3 -1961.0000000000
6 -1900.0000000000
807 -1886.0000000000
823 -1885.0000000000
1189 -1864.0000000000
1597 -1863.0000000000
1603 -1859.0000000000
1621 -1858.0000000000
1983 -1836.0000000000
2009 -1823.0000000000
2777 -1813.0000000000
2811 -1811.0000000000
3179 -1810.0000000000
3187 -1809.0000000000
3197 -1803.0000000000
3567 -1794.0000000000
3579 -1793.0000000000
3587 -1789.0000000000
3599 -1788.0000000000
3967 -1786.0000000000
3995 -1785.0000000000
4001 -1779.0000000000
4361 -1775.0000000000
4367 -1761.0000000000
4785 -1758.0000000000
5165 -1754.0000000000
5555 -1736.0000000000
5941 -1721.0000000000
6741 -1718.0000000000
6747 -1714.0000000000
6751 -1711.0000000000
7131 -1708.0000000000
7141 -1699.0000000000
7537 -1692.0000000000
7545 -1685.0000000000
8355 -1684.0000000000
8721 -1683.0000000000
8737 -1682.0000000000
8747 -1672.0000000000
9127 -1660.0000000000
9939 -1659.0000000000
10296 -2306.0000000000
evaluations raw_y
1 -1971.0000000000
4 -1965.0000000000
6 -1954.0000000000
27 -1950.0000000000
44 -1934.0000000000
397 -1923.0000000000
409 -1917.0000000000
419 -1912.0000000000
433 -1911.0000000000
807 -1907.0000000000
813 -1883.0000000000
1597 -1876.0000000000
1603 -1873.0000000000
1991 -1857.0000000000
1997 -1844.0000000000
2391 -1843.0000000000
2401 -1816.0000000000
2785 -1809.0000000000
2811 -1808.0000000000
3203 -1802.0000000000
3569 -1796.0000000000
3961 -1792.0000000000
3995 -1790.0000000000
4359 -1784.0000000000
4361 -1782.0000000000
4365 -1768.0000000000
4771 -1767.0000000000
4775 -1765.0000000000
5151 -1762.0000000000
5163 -1759.0000000000
5553 -1757.0000000000
5561 -1745.0000000000
5943 -1729.0000000000
6345 -1726.0000000000
6347 -1712.0000000000
6373 -1708.0000000000
6755 -1702.0000000000
6759 -1696.0000000000
7137 -1685.0000000000
7141 -1681.0000000000
7533 -1677.0000000000
7935 -1661.0000000000
8329 -1658.0000000000
8717 -1655.0000000000
9537 -1628.0000000000
10296 -1660.0000000000
evaluations raw_y
1 -2030.0000000000
2 -1993.0000000000
3 -1989.0000000000
4 -1966.0000000000
9 -1923.0000000000
399 -1908.0000000000
437 -1904.0000000000
795 -1873.0000000000
1189 -1872.0000000000
1191 -1870.0000000000
1207 -1855.0000000000
1611 -1848.0000000000
1999 -1843.0000000000
2021 -1836.0000000000
2387 -1818.0000000000
2777 -1807.0000000000
3173 -1803.0000000000
3569 -1802.0000000000
3971 -1788.0000000000
4357 -1786.0000000000
4371 -1770.0000000000
4397 -1768.0000000000
5149 -1762.0000000000
5551 -1757.0000000000
5559 -1753.0000000000
6345 -1750.0000000000
6347 -1736.0000000000
7137 -1724.0000000000
7527 -1722.0000000000
7925 -1713.0000000000
7957 -1709.0000000000
8333 -1706.0000000000
8727 -1703.0000000000
9125 -1697.0000000000
9129 -1688.0000000000
9523 -1685.0000000000
9935 -1677.0000000000
10296 -2287.0000000000
evaluations raw_y
1 -1987.0000000000
4 -1967.0000000000
6 -1965.0000000000
19 -1947.0000000000
24 -1922.0000000000
401 -1909.0000000000
803 -1897.0000000000
821 -1880.0000000000
1225 -1875.0000000000
1587 -1847.0000000000
2021 -1839.0000000000
2399 -1835.0000000000
2775 -1832.0000000000
2777 -1824.0000000000
3169 -1804.0000000000
3969 -1799.0000000000
4361 -1795.0000000000
4365 -1792.0000000000
4371 -1783.0000000000
4755 -1778.0000000000
4777 -1777.0000000000
4789 -1764.0000000000
5153 -1750.0000000000
5561 -1749.0000000000
6355 -1743.0000000000
6363 -1741.0000000000
6759 -1738.0000000000
7131 -1715.0000000000
7953 -1712.0000000000
7959 -1710.0000000000
8355 -1708.0000000000
8747 -1707.0000000000
8753 -1705.0000000000
8755 -1704.0000000000
9143 -1690.0000000000
9147 -1684.0000000000
9513 -1680.0000000000
9903 -1677.0000000000
9921 -1660.0000000000
10296 -1715.0000000000
evaluations raw_y
1 -1985.0000000000
2 -1963.0000000000
3 -1942.0000000000
8 -1932.0000000000
21 -1927.0000000000
413 -1906.0000000000
425 -1902.0000000000
437 -1900.0000000000
805 -1873.0000000000
1189 -1863.0000000000
1217 -1856.0000000000
1231 -1854.0000000000
1585 -1845.0000000000
1601 -1838.0000000000
1625 -1813.0000000000
1981 -1808.0000000000
2015 -1803.0000000000
2379 -1796.0000000000
2389 -1759.0000000000
3175 -1752.0000000000
3567 -1751.0000000000
3579 -1745.0000000000
3973 -1744.0000000000
4359 -1732.0000000000
4389 -1720.0000000000
5149 -1715.0000000000
5191 -1714.0000000000
5551 -1712.0000000000
5583 -1702.0000000000
5941 -1697.0000000000
5951 -1695.0000000000
6735 -1689.0000000000
6769 -1684.0000000000
7143 -1683.0000000000
7169 -1680.0000000000
7531 -1669.0000000000
7945 -1664.0000000000
7947 -1654.0000000000
8321 -1648.0000000000
9133 -1647.0000000000
9137 -1645.0000000000
10296 -2333.0000000000
evaluations raw_y
1 -2021.0000000000
2 -1992.0000000000
3 -1984.0000000000
5 -1926.0000000000
405 -1925.0000000000
793 -1924.0000000000
795 -1897.0000000000
809 -1878.0000000000
817 -1873.0000000000
1189 -1865.0000000000
1207 -1860.0000000000
1587 -1847.0000000000
1591 -1839.0000000000
1981 -1820.0000000000
2009 -1819.0000000000
2019 -1808.0000000000
2405 -1806.0000000000
2413 -1799.0000000000
2785 -1780.0000000000
3199 -1776.0000000000
3583 -1772.0000000000
3587 -1769.0000000000
3971 -1765.0000000000
4771 -1759.0000000000
5157 -1757.0000000000
5161 -1752.0000000000
5561 -1750.0000000000
5563 -1746.0000000000
5565 -1741.0000000000
5967 -1739.0000000000
6361 -1713.0000000000
6761 -1709.0000000000
7135 -1701.0000000000
7921 -1693.0000000000
8331 -1678.0000000000
9919 -1677.0000000000
9923 -1675.0000000000
10296 -1686.0000000000
evaluations raw_y
1 -2035.0000000000
2 -2003.0000000000
7 -1958.0000000000
14 -1941.0000000000
30 -1919.0000000000
803 -1911.0000000000
829 -1893.0000000000
1199 -1888.0000000000
1585 -1875.0000000000
1587 -1871.0000000000
1589 -1858.0000000000
1999 -1856.0000000000
2003 -1851.0000000000
2007 -1849.0000000000
2019 -1840.0000000000
2395 -1835.0000000000
2777 -1832.0000000000
2781 -1828.0000000000
2787 -1822.0000000000
2811 -1803.0000000000
3175 -1799.0000000000
3183 -1794.0000000000
3597 -1788.0000000000
4359 -1781.0000000000
4369 -1772.0000000000
4763 -1764.0000000000
4783 -1750.0000000000
5155 -1742.0000000000
5191 -1737.0000000000
5559 -1735.0000000000
5943 -1720.0000000000
6345 -1712.0000000000
6741 -1703.0000000000
7535 -1688.0000000000
7957 -1681.0000000000
8747 -1672.0000000000
9125 -1671.0000000000
9521 -1669.0000000000
9523 -1668.0000000000
9527 -1654.0000000000
10296 -2320.0000000000
evaluations raw_y
1 -1944.0000000000
5 -1937.0000000000
6 -1924.0000000000
399 -1912.0000000000
403 -1895.0000000000
811 -1887.0000000000
817 -1886.0000000000
1191 -1876.0000000000
1217 -1875.0000000000
1585 -1864.0000000000
1595 -1859.0000000000
1621 -1854.0000000000
1983 -1844.0000000000
2385 -1840.0000000000
2405 -1837.0000000000
2411 -1811.0000000000
2779 -1805.0000000000
3201 -1803.0000000000
3595 -1793.0000000000
3607 -1778.0000000000
3965 -1765.0000000000
4371 -1761.0000000000
4385 -1751.0000000000
5157 -1747.0000000000
5549 -1745.0000000000
5577 -1734.0000000000
5953 -1731.0000000000
6345 -1724.0000000000
6739 -1721.0000000000
7135 -1713.0000000000
7539 -1695.0000000000
7943 -1694.0000000000
8317 -1679.0000000000
9131 -1675.0000000000
9513 -1672.0000000000
9515 -1662.0000000000
9537 -1658.0000000000
9915 -1656.0000000000
9933 -1643.0000000000
10296 -1681.0000000000
evaluations raw_y
1 -1989.0000000000
3 -1972.0000000000
9 -1885.0000000000
805 -1882.0000000000
827 -1877.0000000000
833 -1864.0000000000
1189 -1861.0000000000
1193 -1844.0000000000
1585 -1834.0000000000
1985 -1813.0000000000
2377 -1809.0000000000
2387 -1794.0000000000
2783 -1788.0000000000
3169 -1787.0000000000
3183 -1786.0000000000
3199 -1753.0000000000
3573 -1750.0000000000
3979 -1747.0000000000
3993 -1745.0000000000
4371 -1730.0000000000
4387 -1728.0000000000
4765 -1724.0000000000
5165 -1719.0000000000
5187 -1717.0000000000
5553 -1704.0000000000
5951 -1702.0000000000
5955 -1700.0000000000
5969 -1699.0000000000
6337 -1692.0000000000
6351 -1689.0000000000
6733 -1688.0000000000
6755 -1687.0000000000
6757 -1683.0000000000
7143 -1675.0000000000
7529 -1673.0000000000
7567 -1657.0000000000
7921 -1645.0000000000
8727 -1638.0000000000
9519 -1621.0000000000
9911 -1620.0000000000
9915 -1619.0000000000
10296 -2348.0000000000
evaluations raw_y
1 -1970.0000000000
4 -1957.0000000000
10 -1945.0000000000
21 -1930.0000000000
421 -1913.0000000000
809 -1895.0000000000
1203 -1875.0000000000
1587 -1874.0000000000
1609 -1845.0000000000
1985 -1843.0000000000
2379 -1834.0000000000
2391 -1819.0000000000
2773 -1818.0000000000
2797 -1814.0000000000
3169 -1810.0000000000
3177 -1807.0000000000
3189 -1791.0000000000
3571 -1787.0000000000
3597 -1768.0000000000
3971 -1758.0000000000
4771 -1755.0000000000
5175 -1742.0000000000
5547 -1738.0000000000
5957 -1736.0000000000
5961 -1730.0000000000
6341 -1727.0000000000
6367 -1726.0000000000
6739 -1722.0000000000
6749 -1708.0000000000
7131 -1705.0000000000
7147 -1699.0000000000
7525 -1697.0000000000
7527 -1685.0000000000
7921 -1676.0000000000
8321 -1672.0000000000
8335 -1662.0000000000
8721 -1661.0000000000
8735 -1659.0000000000
9109 -1654.0000000000
9127 -1649.0000000000
9519 -1637.0000000000
9535 -1632.0000000000
10296 -1646.0000000000
evaluations raw_y
1 -2030.0000000000
4 -1993.0000000000
6 -1989.0000000000
7 -1978.0000000000
9 -1971.0000000000
12 -1967.0000000000
20 -1929.0000000000
411 -1923.0000000000
811 -1920.0000000000
819 -1893.0000000000
1191 -1885.0000000000
1205 -1881.0000000000
1207 -1875.0000000000
1223 -1871.0000000000
1587 -1866.0000000000
1607 -1850.0000000000
1621 -1834.0000000000
2387 -1831.0000000000
2391 -1818.0000000000
2777 -1813.0000000000
3169 -1810.0000000000
3173 -1802.0000000000
3175 -1798.0000000000
3177 -1789.0000000000
3581 -1787.0000000000
3981 -1776.0000000000
3995 -1772.0000000000
4359 -1767.0000000000
4399 -1756.0000000000
4775 -1747.0000000000
5177 -1741.0000000000
5559 -1734.0000000000
5567 -1730.0000000000
5943 -1729.0000000000
5967 -1723.0000000000
6341 -1710.0000000000
7151 -1706.0000000000
7543 -1702.0000000000
7921 -1685.0000000000
8337 -1684.0000000000
8347 -1674.0000000000
8755 -1673.0000000000
9119 -1667.0000000000
9139 -1662.0000000000
9507 -1661.0000000000
9509 -1656.0000000000
9535 -1644.0000000000
9907 -1641.0000000000
10296 -2339.0000000000
evaluations raw_y
1 -2018.0000000000
3 -2003.0000000000
4 -2002.0000000000
6 -1952.0000000000
14 -1944.0000000000
399 -1943.0000000000
415 -1913.0000000000
821 -1901.0000000000
1195 -1895.0000000000
1599 -1893.0000000000
1611 -1869.0000000000
2389 -1851.0000000000
2773 -1849.0000000000
2777 -1843.0000000000
3181 -1837.0000000000
3183 -1826.0000000000
3565 -1825.0000000000
3587 -1793.0000000000
4389 -1790.0000000000
4753 -1785.0000000000
4775 -1782.0000000000
4781 -1778.0000000000
5161 -1773.0000000000
5555 -1772.0000000000
5569 -1771.0000000000
5945 -1768.0000000000
5957 -1750.0000000000
6369 -1743.0000000000
6737 -1740.0000000000
6745 -1736.0000000000
7153 -1725.0000000000
7537 -1720.0000000000
7923 -1713.0000000000
9115 -1712.0000000000
9119 -1705.0000000000
9523 -1696.0000000000
9913 -1689.0000000000
10296 -2276.0000000000
evaluations raw_y
1 -2011.0000000000
2 -1980.0000000000
3 -1975.0000000000
8 -1969.0000000000
12 -1925.0000000000
399 -1889.0000000000
801 -1883.0000000000
1207 -1876.0000000000
1225 -1864.0000000000
1599 -1860.0000000000
1625 -1858.0000000000
1987 -1846.0000000000
2001 -1830.0000000000
2023 -1816.0000000000
2377 -1813.0000000000
2385 -1780.0000000000
2797 -1773.0000000000
3187 -1763.0000000000
3981 -1751.0000000000
3989 -1745.0000000000
4395 -1739.0000000000
4753 -1738.0000000000
4763 -1731.0000000000
4775 -1725.0000000000
5185 -1721.0000000000
5191 -1706.0000000000
5561 -1705.0000000000
5971 -1685.0000000000
6749 -1684.0000000000
6763 -1678.0000000000
7535 -1676.0000000000
7541 -1675.0000000000
7557 -1671.0000000000
7921 -1666.0000000000
7927 -1664.0000000000
8317 -1655.0000000000
8731 -1648.0000000000
9139 -1647.0000000000
9145 -1639.0000000000
9905 -1638.0000000000
9929 -1634.0000000000
10296 -2345.0000000000
evaluations raw_y
1 -2018.0000000000
3 -1973.0000000000
10 -1944.0000000000
18 -1939.0000000000
23 -1928.0000000000
419 -1922.0000000000
425 -1898.0000000000
795 -1886.0000000000
1189 -1884.0000000000
1215 -1877.0000000000
1227 -1852.0000000000
1585 -1849.0000000000
2001 -1847.0000000000
2007 -1842.0000000000
2379 -1827.0000000000
2415 -1822.0000000000
2785 -1812.0000000000
3201 -1811.0000000000
3571 -1805.0000000000
3581 -1791.0000000000
3961 -1779.0000000000
4001 -1773.0000000000
4365 -1769.0000000000
4765 -1760.0000000000
5175 -1752.0000000000
5189 -1741.0000000000
5559 -1734.0000000000
5983 -1733.0000000000
6343 -1727.0000000000
6749 -1713.0000000000
7139 -1701.0000000000
7921 -1699.0000000000
8317 -1697.0000000000
8343 -1669.0000000000
8731 -1662.0000000000
9123 -1660.0000000000
9537 -1655.0000000000
9543 -1654.0000000000
9915 -1643.0000000000
10296 -2332.0000000000
evaluations raw_y
1 -2007.0000000000
2 -1992.0000000000
5 -1976.0000000000
10 -1960.0000000000
11 -1951.0000000000
40 -1950.0000000000
399 -1927.0000000000
809 -1920.0000000000
1193 -1912.0000000000
1199 -1906.0000000000
1217 -1894.0000000000
1231 -1878.0000000000
1599 -1851.0000000000
2381 -1848.0000000000
2383 -1847.0000000000
2785 -1834.0000000000
3171 -1831.0000000000
3175 -1830.0000000000
3185 -1829.0000000000
3207 -1828.0000000000
3569 -1821.0000000000
3575 -1808.0000000000
3973 -1804.0000000000
4365 -1797.0000000000
4393 -1794.0000000000
4771 -1791.0000000000
4783 -1790.0000000000
4785 -1773.0000000000
5173 -1772.0000000000
5547 -1768.0000000000
5943 -1750.0000000000
6377 -1734.0000000000
6763 -1730.0000000000
7531 -1724.0000000000
7925 -1723.0000000000
7931 -1720.0000000000
7939 -1717.0000000000
7963 -1716.0000000000
8329 -1715.0000000000
8333 -1708.0000000000
8357 -1707.0000000000
8727 -1699.0000000000
8745 -1686.0000000000
9123 -1681.0000000000
9919 -1674.0000000000
9921 -1673.0000000000
10296 -1702.0000000000
evaluations raw_y
1 -2058.0000000000
2 -2036.0000000000
4 -1988.0000000000
9 -1932.0000000000
411 -1918.0000000000
793 -1917.0000000000
795 -1895.0000000000
1211 -1881.0000000000
1215 -1860.0000000000
1591 -1838.0000000000
2001 -1826.0000000000
2007 -1821.0000000000
2383 -1814.0000000000
2389 -1800.0000000000
2407 -1797.0000000000
2801 -1790.0000000000
3183 -1786.0000000000
3565 -1784.0000000000
3569 -1779.0000000000
3971 -1766.0000000000
4365 -1748.0000000000
4789 -1740.0000000000
5157 -1734.0000000000
5191 -1720.0000000000
6359 -1715.0000000000
6375 -1712.0000000000
6751 -1705.0000000000
6765 -1700.0000000000
7165 -1697.0000000000
7547 -1688.0000000000
7565 -1673.0000000000
9129 -1662.0000000000
9929 -1660.0000000000
10296 -1692.0000000000
evaluations raw_y
1 -2039.0000000000
2 -1938.0000000000
11 -1928.0000000000
31 -1924.0000000000
435 -1920.0000000000
815 -1912.0000000000
831 -1903.0000000000
835 -1887.0000000000
1201 -1881.0000000000
1609 -1860.0000000000
1983 -1840.0000000000
2415 -1837.0000000000
2777 -1826.0000000000
3175 -1824.0000000000
3185 -1790.0000000000
3577 -1788.0000000000
3603 -1787.0000000000
3971 -1782.0000000000
3985 -1781.0000000000
4387 -1762.0000000000
4755 -1752.0000000000
5165 -1750.0000000000
5167 -1741.0000000000
5551 -1739.0000000000
5573 -1727.0000000000
6337 -1702.0000000000
7537 -1701.0000000000
7559 -1697.0000000000
7931 -1692.0000000000
8317 -1687.0000000000
8325 -1683.0000000000
8349 -1662.0000000000
9115 -1657.0000000000
9511 -1653.0000000000
9903 -1647.0000000000
10296 -2319.0000000000
