evaluations raw_y
1 -2010.0000000000
2 -2009.0000000000
3 -2008.0000000000
22 -2007.0000000000
43 -2006.0000000000
51 -2005.0000000000
52 -2004.0000000000
59 -2003.0000000000
167 -2002.0000000000
169 -2001.0000000000
210 -2000.0000000000
259 -1999.0000000000
276 -1998.0000000000
305 -1997.0000000000
350 -1995.0000000000
378 -1993.0000000000
386 -1992.0000000000
427 -1991.0000000000
436 -1989.0000000000
486 -1988.0000000000
557 -1987.0000000000
579 -1985.0000000000
723 -1984.0000000000
740 -1981.0000000000
794 -1980.0000000000
797 -1979.0000000000
822 -1978.0000000000
888 -1977.0000000000
1010 -1976.0000000000
1031 -1975.0000000000
1071 -1973.0000000000
1087 -1972.0000000000
1243 -1970.0000000000
1310 -1969.0000000000
1313 -1968.0000000000
1418 -1967.0000000000
1506 -1965.0000000000
1686 -1964.0000000000
1743 -1963.0000000000
1828 -1962.0000000000
1887 -1960.0000000000
2093 -1959.0000000000
2095 -1958.0000000000
2143 -1957.0000000000
2223 -1956.0000000000
2284 -1955.0000000000
2285 -1954.0000000000
2465 -1953.0000000000
2528 -1952.0000000000
2839 -1949.0000000000
2856 -1947.0000000000
2941 -1944.0000000000
3091 -1943.0000000000
3270 -1942.0000000000
3308 -1939.0000000000
3579 -1938.0000000000
3596 -1937.0000000000
3616 -1935.0000000000
4511 -1934.0000000000
4588 -1933.0000000000
4939 -1932.0000000000
5216 -1931.0000000000
5356 -1929.0000000000
5424 -1928.0000000000
5553 -1927.0000000000
5863 -1926.0000000000
6118 -1925.0000000000
6325 -1924.0000000000
6540 -1923.0000000000
6649 -1922.0000000000
6696 -1920.0000000000
7290 -1919.0000000000
7501 -1918.0000000000
7753 -1917.0000000000
8234 -1916.0000000000
8361 -1915.0000000000
8865 -1913.0000000000
9504 -1912.0000000000
9581 -1911.0000000000
10000 -1968.0000000000
evaluations raw_y
1 -2057.0000000000
5 -2056.0000000000
10 -2054.0000000000
21 -2052.0000000000
86 -2050.0000000000
98 -2049.0000000000
115 -2048.0000000000
123 -2047.0000000000
129 -2046.0000000000
146 -2045.0000000000
162 -2043.0000000000
171 -2042.0000000000
212 -2041.0000000000
232 -2040.0000000000
268 -2039.0000000000
324 -2038.0000000000
347 -2037.0000000000
359 -2035.0000000000
423 -2034.0000000000
490 -2033.0000000000
542 -2032.0000000000
547 -2031.0000000000
598 -2030.0000000000
748 -2028.0000000000
773 -2027.0000000000
857 -2026.0000000000
875 -2025.0000000000
965 -2024.0000000000
976 -2023.0000000000
1042 -2022.0000000000
1116 -2021.0000000000
1247 -2019.0000000000
1374 -2018.0000000000
1543 -2017.0000000000
1560 -2014.0000000000
1745 -2013.0000000000
1825 -2012.0000000000
1936 -2011.0000000000
1945 -2010.0000000000
2110 -2009.0000000000
2128 -2008.0000000000
2241 -2006.0000000000
2251 -2005.0000000000
2360 -2004.0000000000
2554 -2003.0000000000
2634 -2002.0000000000
2714 -2001.0000000000
2720 -2000.0000000000
2743 -1999.0000000000
2871 -1998.0000000000
2903 -1997.0000000000
3025 -1996.0000000000
3086 -1995.0000000000
3285 -1994.0000000000
3854 -1993.0000000000
4520 -1992.0000000000
4690 -1989.0000000000
4922 -1988.0000000000
4924 -1987.0000000000
5076 -1986.0000000000
5151 -1985.0000000000
5165 -1984.0000000000
5262 -1983.0000000000
5489 -1981.0000000000
5562 -1980.0000000000
5756 -1979.0000000000
5973 -1976.0000000000
6041 -1975.0000000000
6139 -1974.0000000000
6177 -1973.0000000000
6282 -1972.0000000000
6356 -1971.0000000000
6957 -1969.0000000000
7073 -1968.0000000000
7518 -1966.0000000000
7562 -1965.0000000000
8249 -1964.0000000000
8282 -1963.0000000000
8606 -1962.0000000000
8896 -1961.0000000000
8907 -1959.0000000000
9130 -1958.0000000000
9325 -1957.0000000000
9462 -1956.0000000000
9592 -1955.0000000000
9867 -1954.0000000000
10000 -1962.0000000000
evaluations raw_y
1 -2003.0000000000
6 -2002.0000000000
7 -2000.0000000000
11 -1999.0000000000
13 -1997.0000000000
27 -1996.0000000000
32 -1995.0000000000
41 -1994.0000000000
44 -1993.0000000000
168 -1992.0000000000
194 -1990.0000000000
220 -1989.0000000000
244 -1988.0000000000
295 -1987.0000000000
352 -1986.0000000000
384 -1985.0000000000
430 -1984.0000000000
485 -1983.0000000000
548 -1982.0000000000
666 -1981.0000000000
951 -1980.0000000000
985 -1978.0000000000
1042 -1977.0000000000
1073 -1976.0000000000
1203 -1975.0000000000
1264 -1974.0000000000
1279 -1973.0000000000
1353 -1972.0000000000
1368 -1971.0000000000
1370 -1969.0000000000
1451 -1968.0000000000
1505 -1967.0000000000
1621 -1965.0000000000
1791 -1964.0000000000
1891 -1963.0000000000
2013 -1962.0000000000
2075 -1960.0000000000
2158 -1959.0000000000
2380 -1958.0000000000
2461 -1957.0000000000
2648 -1956.0000000000
2813 -1955.0000000000
2846 -1954.0000000000
2866 -1952.0000000000
2996 -1951.0000000000
3003 -1950.0000000000
3285 -1949.0000000000
3317 -1948.0000000000
3365 -1947.0000000000
3418 -1945.0000000000
3433 -1943.0000000000
3579 -1942.0000000000
3647 -1941.0000000000
3839 -1940.0000000000
4133 -1939.0000000000
4227 -1937.0000000000
4252 -1936.0000000000
4446 -1933.0000000000
4619 -1932.0000000000
4760 -1931.0000000000
5045 -1929.0000000000
5131 -1928.0000000000
5161 -1927.0000000000
5202 -1926.0000000000
5396 -1925.0000000000
5421 -1924.0000000000
5602 -1922.0000000000
6157 -1920.0000000000
6630 -1919.0000000000
6732 -1918.0000000000
7726 -1917.0000000000
7736 -1915.0000000000
8368 -1914.0000000000
8411 -1912.0000000000
8430 -1911.0000000000
8524 -1910.0000000000
8734 -1909.0000000000
9319 -1908.0000000000
9512 -1907.0000000000
9564 -1906.0000000000
9601 -1905.0000000000
9792 -1904.0000000000
10000 -1925.0000000000
evaluations raw_y
1 -2025.0000000000
4 -2024.0000000000
5 -2023.0000000000
16 -2022.0000000000
20 -2021.0000000000
24 -2020.0000000000
27 -2019.0000000000
40 -2018.0000000000
47 -2016.0000000000
51 -2015.0000000000
65 -2013.0000000000
98 -2012.0000000000
143 -2011.0000000000
169 -2010.0000000000
189 -2009.0000000000
239 -2008.0000000000
264 -2007.0000000000
347 -2006.0000000000
377 -2004.0000000000
479 -2003.0000000000
545 -2002.0000000000
564 -2000.0000000000
670 -1999.0000000000
671 -1998.0000000000
725 -1996.0000000000
789 -1995.0000000000
909 -1994.0000000000
961 -1993.0000000000
1055 -1992.0000000000
1095 -1991.0000000000
1161 -1989.0000000000
1191 -1988.0000000000
1239 -1987.0000000000
1344 -1986.0000000000
1364 -1985.0000000000
1451 -1984.0000000000
1529 -1983.0000000000
1575 -1982.0000000000
1912 -1981.0000000000
2357 -1980.0000000000
2430 -1979.0000000000
2452 -1977.0000000000
2484 -1976.0000000000
2592 -1975.0000000000
2610 -1974.0000000000
2738 -1973.0000000000
2769 -1972.0000000000
2829 -1971.0000000000
2910 -1970.0000000000
3134 -1969.0000000000
3189 -1965.0000000000
3223 -1963.0000000000
3236 -1962.0000000000
3421 -1961.0000000000
3429 -1960.0000000000
3944 -1959.0000000000
4027 -1958.0000000000
4146 -1957.0000000000
4426 -1956.0000000000
5165 -1955.0000000000
5185 -1954.0000000000
5242 -1953.0000000000
5281 -1952.0000000000
5680 -1951.0000000000
5700 -1949.0000000000
5888 -1947.0000000000
6017 -1946.0000000000
6048 -1945.0000000000
6352 -1944.0000000000
6408 -1943.0000000000
6540 -1942.0000000000
6734 -1939.0000000000
7486 -1938.0000000000
8000 -1937.0000000000
8326 -1935.0000000000
8548 -1934.0000000000
8850 -1933.0000000000
9522 -1932.0000000000
9531 -1931.0000000000
9703 -1930.0000000000
9800 -1929.0000000000
9974 -1928.0000000000
10000 -2009.0000000000
evaluations raw_y
1 -1977.0000000000
2 -1976.0000000000
4 -1975.0000000000
8 -1974.0000000000
13 -1973.0000000000
21 -1971.0000000000
42 -1970.0000000000
65 -1969.0000000000
69 -1967.0000000000
70 -1966.0000000000
88 -1965.0000000000
111 -1964.0000000000
199 -1963.0000000000
318 -1962.0000000000
383 -1961.0000000000
395 -1960.0000000000
443 -1959.0000000000
625 -1957.0000000000
626 -1956.0000000000
681 -1955.0000000000
745 -1954.0000000000
778 -1953.0000000000
921 -1952.0000000000
982 -1951.0000000000
1086 -1950.0000000000
1253 -1949.0000000000
1258 -1948.0000000000
1463 -1947.0000000000
1572 -1946.0000000000
1615 -1945.0000000000
1698 -1944.0000000000
2004 -1943.0000000000
2282 -1942.0000000000
2370 -1941.0000000000
2462 -1940.0000000000
2466 -1939.0000000000
2586 -1938.0000000000
2599 -1937.0000000000
2617 -1935.0000000000
2663 -1933.0000000000
3097 -1931.0000000000
3194 -1930.0000000000
3328 -1929.0000000000
3340 -1928.0000000000
3815 -1927.0000000000
3895 -1926.0000000000
4065 -1925.0000000000
4126 -1924.0000000000
4240 -1922.0000000000
4502 -1919.0000000000
4749 -1918.0000000000
4868 -1917.0000000000
5370 -1916.0000000000
5525 -1915.0000000000
5605 -1914.0000000000
5636 -1913.0000000000
5857 -1912.0000000000
6654 -1911.0000000000
6721 -1910.0000000000
6747 -1909.0000000000
6775 -1906.0000000000
7560 -1905.0000000000
7623 -1903.0000000000
7906 -1902.0000000000
7922 -1901.0000000000
7969 -1900.0000000000
7978 -1899.0000000000
8059 -1898.0000000000
8084 -1897.0000000000
8744 -1896.0000000000
8895 -1894.0000000000
8988 -1893.0000000000
9004 -1892.0000000000
9268 -1890.0000000000
9603 -1888.0000000000
10000 -1938.0000000000
evaluations raw_y
1 -1998.0000000000
4 -1997.0000000000
9 -1996.0000000000
12 -1995.0000000000
17 -1994.0000000000
56 -1993.0000000000
71 -1992.0000000000
78 -1991.0000000000
80 -1990.0000000000
85 -1989.0000000000
125 -1988.0000000000
160 -1987.0000000000
171 -1986.0000000000
195 -1985.0000000000
230 -1984.0000000000
294 -1983.0000000000
312 -1982.0000000000
338 -1981.0000000000
344 -1980.0000000000
484 -1979.0000000000
509 -1978.0000000000
617 -1977.0000000000
702 -1976.0000000000
725 -1975.0000000000
844 -1973.0000000000
1048 -1972.0000000000
1130 -1971.0000000000
1144 -1970.0000000000
1218 -1969.0000000000
1277 -1968.0000000000
1421 -1966.0000000000
1455 -1965.0000000000
1543 -1964.0000000000
1912 -1963.0000000000
2058 -1962.0000000000
2153 -1960.0000000000
2321 -1959.0000000000
2639 -1958.0000000000
2655 -1957.0000000000
2667 -1956.0000000000
2753 -1954.0000000000
2903 -1953.0000000000
3297 -1952.0000000000
3401 -1951.0000000000
3484 -1950.0000000000
3503 -1949.0000000000
3606 -1948.0000000000
3690 -1947.0000000000
3737 -1946.0000000000
3815 -1945.0000000000
3850 -1943.0000000000
3909 -1942.0000000000
3994 -1941.0000000000
4004 -1940.0000000000
4134 -1939.0000000000
4184 -1937.0000000000
4279 -1936.0000000000
4296 -1934.0000000000
4421 -1932.0000000000
4427 -1931.0000000000
4487 -1930.0000000000
4595 -1929.0000000000
5000 -1928.0000000000
5519 -1927.0000000000
5938 -1926.0000000000
5957 -1925.0000000000
6104 -1924.0000000000
6340 -1923.0000000000
6456 -1922.0000000000
6877 -1921.0000000000
6907 -1920.0000000000
7896 -1919.0000000000
7999 -1917.0000000000
8287 -1916.0000000000
8678 -1915.0000000000
8792 -1914.0000000000
9030 -1912.0000000000
9128 -1911.0000000000
9170 -1910.0000000000
9231 -1909.0000000000
9343 -1908.0000000000
9590 -1906.0000000000
9675 -1905.0000000000
9747 -1904.0000000000
9962 -1903.0000000000
9981 -1900.0000000000
10000 -1945.0000000000
evaluations raw_y
1 -1955.0000000000
3 -1954.0000000000
7 -1953.0000000000
12 -1952.0000000000
16 -1950.0000000000
23 -1949.0000000000
34 -1948.0000000000
67 -1947.0000000000
90 -1946.0000000000
99 -1945.0000000000
234 -1944.0000000000
236 -1943.0000000000
344 -1942.0000000000
351 -1941.0000000000
393 -1940.0000000000
478 -1939.0000000000
501 -1936.0000000000
512 -1935.0000000000
514 -1934.0000000000
537 -1933.0000000000
685 -1932.0000000000
803 -1929.0000000000
950 -1927.0000000000
1004 -1926.0000000000
1175 -1925.0000000000
1264 -1924.0000000000
1409 -1923.0000000000
1449 -1922.0000000000
1498 -1921.0000000000
1620 -1920.0000000000
1826 -1919.0000000000
1996 -1917.0000000000
2222 -1916.0000000000
2406 -1915.0000000000
2620 -1914.0000000000
2655 -1913.0000000000
2688 -1912.0000000000
2868 -1911.0000000000
2930 -1910.0000000000
2966 -1909.0000000000
3234 -1908.0000000000
3402 -1907.0000000000
3954 -1906.0000000000
3975 -1905.0000000000
4042 -1904.0000000000
4226 -1901.0000000000
4752 -1900.0000000000
5024 -1899.0000000000
5253 -1898.0000000000
5280 -1897.0000000000
5300 -1896.0000000000
5552 -1895.0000000000
5753 -1894.0000000000
5905 -1893.0000000000
5957 -1892.0000000000
6253 -1891.0000000000
6317 -1890.0000000000
6347 -1889.0000000000
6517 -1886.0000000000
6562 -1885.0000000000
6732 -1882.0000000000
7028 -1881.0000000000
7736 -1880.0000000000
7740 -1879.0000000000
8026 -1877.0000000000
8097 -1876.0000000000
8220 -1875.0000000000
8340 -1874.0000000000
8520 -1873.0000000000
8561 -1872.0000000000
8610 -1871.0000000000
8632 -1869.0000000000
9635 -1868.0000000000
9759 -1867.0000000000
9795 -1866.0000000000
9850 -1865.0000000000
10000 -1925.0000000000
evaluations raw_y
1 -1961.0000000000
4 -1960.0000000000
6 -1959.0000000000
10 -1958.0000000000
34 -1957.0000000000
37 -1956.0000000000
39 -1955.0000000000
48 -1954.0000000000
59 -1953.0000000000
71 -1952.0000000000
72 -1951.0000000000
94 -1950.0000000000
117 -1949.0000000000
216 -1948.0000000000
236 -1946.0000000000
267 -1945.0000000000
273 -1944.0000000000
277 -1942.0000000000
307 -1941.0000000000
438 -1940.0000000000
439 -1938.0000000000
475 -1937.0000000000
529 -1936.0000000000
606 -1935.0000000000
697 -1934.0000000000
707 -1933.0000000000
713 -1931.0000000000
1012 -1930.0000000000
1132 -1929.0000000000
1187 -1928.0000000000
1408 -1927.0000000000
1504 -1926.0000000000
1568 -1925.0000000000
1640 -1924.0000000000
1649 -1923.0000000000
1727 -1922.0000000000
1780 -1921.0000000000
1976 -1919.0000000000
2014 -1918.0000000000
2095 -1917.0000000000
2206 -1915.0000000000
2532 -1912.0000000000
2626 -1911.0000000000
2760 -1910.0000000000
2947 -1909.0000000000
3009 -1908.0000000000
3016 -1907.0000000000
3034 -1906.0000000000
3232 -1905.0000000000
3429 -1902.0000000000
3470 -1901.0000000000
3522 -1900.0000000000
3629 -1899.0000000000
3900 -1898.0000000000
3925 -1897.0000000000
4054 -1896.0000000000
4253 -1895.0000000000
4424 -1894.0000000000
4476 -1892.0000000000
4576 -1891.0000000000
4843 -1888.0000000000
5118 -1887.0000000000
5213 -1886.0000000000
5464 -1882.0000000000
5471 -1881.0000000000
5516 -1879.0000000000
6077 -1878.0000000000
6282 -1877.0000000000
6393 -1876.0000000000
6407 -1875.0000000000
7114 -1874.0000000000
7901 -1873.0000000000
8232 -1872.0000000000
8380 -1871.0000000000
8947 -1870.0000000000
9019 -1869.0000000000
9234 -1868.0000000000
9371 -1867.0000000000
9633 -1866.0000000000
10000 -1943.0000000000
evaluations raw_y
1 -2041.0000000000
12 -2040.0000000000
22 -2039.0000000000
24 -2038.0000000000
37 -2036.0000000000
70 -2035.0000000000
88 -2034.0000000000
113 -2032.0000000000
145 -2031.0000000000
158 -2030.0000000000
205 -2029.0000000000
219 -2028.0000000000
283 -2026.0000000000
306 -2025.0000000000
353 -2024.0000000000
378 -2023.0000000000
393 -2022.0000000000
399 -2021.0000000000
577 -2020.0000000000
656 -2019.0000000000
691 -2018.0000000000
757 -2015.0000000000
1100 -2012.0000000000
1236 -2011.0000000000
1664 -2010.0000000000
1735 -2009.0000000000
1909 -2007.0000000000
1981 -2006.0000000000
2007 -2005.0000000000
2038 -2004.0000000000
2054 -2003.0000000000
2122 -2002.0000000000
2249 -2001.0000000000
2258 -2000.0000000000
2392 -1998.0000000000
2473 -1996.0000000000
2684 -1995.0000000000
2725 -1994.0000000000
2999 -1993.0000000000
3013 -1992.0000000000
3039 -1991.0000000000
3188 -1989.0000000000
3387 -1988.0000000000
3691 -1986.0000000000
3703 -1985.0000000000
3820 -1984.0000000000
4078 -1983.0000000000
4165 -1982.0000000000
4412 -1980.0000000000
4524 -1978.0000000000
4526 -1976.0000000000
4587 -1975.0000000000
4666 -1973.0000000000
4776 -1971.0000000000
4809 -1970.0000000000
5125 -1969.0000000000
5135 -1966.0000000000
5536 -1964.0000000000
5587 -1962.0000000000
5663 -1961.0000000000
5751 -1960.0000000000
6091 -1959.0000000000
6203 -1958.0000000000
6365 -1956.0000000000
6671 -1955.0000000000
6736 -1953.0000000000
6771 -1952.0000000000
6976 -1951.0000000000
6977 -1948.0000000000
7472 -1946.0000000000
7619 -1945.0000000000
7849 -1943.0000000000
8030 -1942.0000000000
8040 -1941.0000000000
8166 -1940.0000000000
8271 -1939.0000000000
8399 -1938.0000000000
8608 -1937.0000000000
8698 -1936.0000000000
8793 -1935.0000000000
8914 -1934.0000000000
8955 -1933.0000000000
9036 -1932.0000000000
9408 -1931.0000000000
10000 -2011.0000000000
evaluations raw_y
1 -1976.0000000000
2 -1975.0000000000
4 -1974.0000000000
7 -1973.0000000000
31 -1971.0000000000
32 -1969.0000000000
67 -1967.0000000000
93 -1966.0000000000
152 -1965.0000000000
159 -1964.0000000000
166 -1963.0000000000
171 -1962.0000000000
197 -1961.0000000000
248 -1960.0000000000
281 -1959.0000000000
381 -1957.0000000000
593 -1956.0000000000
684 -1955.0000000000
869 -1954.0000000000
882 -1952.0000000000
959 -1950.0000000000
968 -1949.0000000000
1096 -1948.0000000000
1101 -1947.0000000000
1158 -1946.0000000000
1282 -1945.0000000000
1312 -1943.0000000000
1397 -1942.0000000000
1507 -1940.0000000000
1548 -1939.0000000000
1698 -1938.0000000000
1809 -1937.0000000000
1836 -1936.0000000000
1876 -1935.0000000000
2094 -1933.0000000000
2611 -1932.0000000000
2627 -1931.0000000000
2667 -1930.0000000000
2778 -1929.0000000000
2907 -1928.0000000000
3113 -1926.0000000000
3126 -1924.0000000000
3156 -1922.0000000000
3157 -1921.0000000000
3640 -1920.0000000000
3801 -1919.0000000000
3904 -1918.0000000000
4019 -1917.0000000000
4047 -1916.0000000000
4144 -1913.0000000000
4952 -1912.0000000000
4965 -1911.0000000000
5022 -1910.0000000000
5101 -1909.0000000000
5102 -1908.0000000000
5135 -1907.0000000000
5490 -1904.0000000000
5677 -1903.0000000000
5716 -1902.0000000000
6392 -1901.0000000000
6555 -1900.0000000000
6737 -1896.0000000000
6864 -1895.0000000000
7104 -1894.0000000000
7150 -1893.0000000000
7375 -1892.0000000000
7414 -1891.0000000000
7687 -1890.0000000000
7774 -1889.0000000000
7947 -1888.0000000000
8537 -1887.0000000000
8567 -1886.0000000000
8620 -1885.0000000000
8773 -1884.0000000000
9190 -1883.0000000000
9382 -1882.0000000000
9386 -1881.0000000000
9654 -1880.0000000000
9681 -1879.0000000000
10000 -1919.0000000000
evaluations raw_y
1 -1994.0000000000
4 -1993.0000000000
6 -1991.0000000000
9 -1989.0000000000
21 -1988.0000000000
22 -1987.0000000000
24 -1986.0000000000
62 -1985.0000000000
86 -1984.0000000000
92 -1983.0000000000
153 -1982.0000000000
196 -1981.0000000000
223 -1978.0000000000
266 -1977.0000000000
291 -1976.0000000000
420 -1975.0000000000
421 -1973.0000000000
440 -1972.0000000000
475 -1971.0000000000
480 -1970.0000000000
537 -1969.0000000000
636 -1967.0000000000
656 -1966.0000000000
738 -1965.0000000000
823 -1964.0000000000
949 -1963.0000000000
970 -1962.0000000000
1098 -1961.0000000000
1272 -1960.0000000000
1321 -1959.0000000000
1325 -1958.0000000000
1516 -1956.0000000000
1571 -1955.0000000000
1573 -1954.0000000000
1823 -1953.0000000000
1932 -1951.0000000000
1969 -1948.0000000000
2372 -1947.0000000000
2409 -1946.0000000000
2550 -1945.0000000000
2574 -1943.0000000000
2605 -1941.0000000000
2914 -1940.0000000000
3848 -1936.0000000000
3869 -1935.0000000000
3955 -1932.0000000000
3962 -1931.0000000000
4111 -1930.0000000000
4172 -1929.0000000000
4177 -1928.0000000000
4643 -1927.0000000000
5141 -1926.0000000000
5417 -1924.0000000000
6150 -1922.0000000000
6493 -1920.0000000000
6655 -1919.0000000000
7076 -1918.0000000000
7237 -1917.0000000000
7448 -1916.0000000000
8081 -1915.0000000000
8134 -1914.0000000000
8491 -1913.0000000000
8497 -1911.0000000000
8647 -1910.0000000000
8871 -1909.0000000000
9210 -1908.0000000000
9466 -1907.0000000000
9484 -1906.0000000000
9542 -1905.0000000000
10000 -1986.0000000000
evaluations raw_y
1 -1930.0000000000
4 -1928.0000000000
8 -1926.0000000000
30 -1925.0000000000
54 -1924.0000000000
70 -1923.0000000000
83 -1921.0000000000
124 -1920.0000000000
157 -1919.0000000000
180 -1918.0000000000
216 -1916.0000000000
270 -1915.0000000000
289 -1914.0000000000
359 -1913.0000000000
417 -1912.0000000000
435 -1911.0000000000
447 -1910.0000000000
449 -1908.0000000000
450 -1906.0000000000
483 -1904.0000000000
516 -1903.0000000000
559 -1902.0000000000
588 -1900.0000000000
616 -1899.0000000000
675 -1898.0000000000
858 -1897.0000000000
933 -1896.0000000000
974 -1895.0000000000
1038 -1893.0000000000
1095 -1891.0000000000
1165 -1890.0000000000
1284 -1889.0000000000
1401 -1888.0000000000
1497 -1887.0000000000
1937 -1886.0000000000
2164 -1884.0000000000
2432 -1881.0000000000
2621 -1880.0000000000
2686 -1878.0000000000
2997 -1877.0000000000
3074 -1876.0000000000
3498 -1873.0000000000
3796 -1872.0000000000
3831 -1871.0000000000
3871 -1869.0000000000
4541 -1867.0000000000
4705 -1866.0000000000
4871 -1865.0000000000
4900 -1864.0000000000
5076 -1863.0000000000
5118 -1862.0000000000
5146 -1861.0000000000
5381 -1860.0000000000
5557 -1859.0000000000
5798 -1858.0000000000
5820 -1857.0000000000
6144 -1856.0000000000
6290 -1855.0000000000
6514 -1854.0000000000
6778 -1852.0000000000
7087 -1851.0000000000
7437 -1850.0000000000
7462 -1849.0000000000
7772 -1847.0000000000
7877 -1845.0000000000
7941 -1844.0000000000
8019 -1843.0000000000
8165 -1842.0000000000
8341 -1841.0000000000
8366 -1840.0000000000
8369 -1839.0000000000
9454 -1838.0000000000
9888 -1837.0000000000
10000 -1855.0000000000
evaluations raw_y
1 -2050.0000000000
7 -2049.0000000000
8 -2048.0000000000
22 -2047.0000000000
28 -2046.0000000000
33 -2045.0000000000
49 -2044.0000000000
51 -2043.0000000000
65 -2042.0000000000
118 -2041.0000000000
125 -2040.0000000000
156 -2039.0000000000
172 -2038.0000000000
186 -2037.0000000000
205 -2036.0000000000
245 -2035.0000000000
251 -2033.0000000000
265 -2032.0000000000
398 -2030.0000000000
453 -2029.0000000000
476 -2027.0000000000
484 -2026.0000000000
528 -2025.0000000000
619 -2024.0000000000
681 -2023.0000000000
685 -2021.0000000000
873 -2020.0000000000
879 -2019.0000000000
1021 -2018.0000000000
1056 -2016.0000000000
1076 -2015.0000000000
1167 -2014.0000000000
1239 -2013.0000000000
1297 -2012.0000000000
1504 -2011.0000000000
1575 -2008.0000000000
1589 -2007.0000000000
1596 -2006.0000000000
1683 -2005.0000000000
1694 -2004.0000000000
1751 -2003.0000000000
1851 -2002.0000000000
2018 -2001.0000000000
2239 -2000.0000000000
2263 -1999.0000000000
2450 -1998.0000000000
2475 -1997.0000000000
2766 -1996.0000000000
2806 -1994.0000000000
3051 -1993.0000000000
3468 -1992.0000000000
3712 -1991.0000000000
3847 -1990.0000000000
3921 -1989.0000000000
3939 -1988.0000000000
5066 -1987.0000000000
5235 -1986.0000000000
6014 -1985.0000000000
6215 -1984.0000000000
6410 -1983.0000000000
6732 -1982.0000000000
6789 -1981.0000000000
6790 -1980.0000000000
6923 -1979.0000000000
7171 -1978.0000000000
7799 -1977.0000000000
7803 -1976.0000000000
7927 -1975.0000000000
8020 -1974.0000000000
8475 -1972.0000000000
8707 -1971.0000000000
9192 -1970.0000000000
9292 -1969.0000000000
9647 -1966.0000000000
9769 -1965.0000000000
9797 -1964.0000000000
9953 -1963.0000000000
10000 -2040.0000000000
evaluations raw_y
1 -1954.0000000000
3 -1952.0000000000
22 -1951.0000000000
30 -1950.0000000000
34 -1949.0000000000
65 -1948.0000000000
112 -1946.0000000000
114 -1945.0000000000
116 -1944.0000000000
159 -1943.0000000000
205 -1942.0000000000
223 -1940.0000000000
297 -1939.0000000000
310 -1938.0000000000
321 -1936.0000000000
430 -1934.0000000000
453 -1933.0000000000
509 -1932.0000000000
562 -1931.0000000000
604 -1928.0000000000
653 -1926.0000000000
808 -1925.0000000000
949 -1924.0000000000
1039 -1922.0000000000
1138 -1921.0000000000
1153 -1919.0000000000
1276 -1918.0000000000
1396 -1917.0000000000
1412 -1916.0000000000
1494 -1915.0000000000
1942 -1914.0000000000
2096 -1913.0000000000
2183 -1912.0000000000
2508 -1911.0000000000
2673 -1910.0000000000
2754 -1909.0000000000
2821 -1908.0000000000
2879 -1907.0000000000
2881 -1906.0000000000
3072 -1905.0000000000
3152 -1904.0000000000
3271 -1903.0000000000
3406 -1902.0000000000
3729 -1901.0000000000
3790 -1900.0000000000
3947 -1899.0000000000
4305 -1898.0000000000
4348 -1897.0000000000
4388 -1896.0000000000
4497 -1895.0000000000
4654 -1894.0000000000
5101 -1893.0000000000
5433 -1892.0000000000
5625 -1891.0000000000
5763 -1889.0000000000
5801 -1888.0000000000
6060 -1886.0000000000
6519 -1885.0000000000
6663 -1884.0000000000
6802 -1883.0000000000
6922 -1881.0000000000
7661 -1880.0000000000
8123 -1879.0000000000
8264 -1878.0000000000
8540 -1875.0000000000
8680 -1874.0000000000
8872 -1873.0000000000
9096 -1872.0000000000
9468 -1871.0000000000
9693 -1870.0000000000
9766 -1869.0000000000
10000 -1932.0000000000
evaluations raw_y
1 -1970.0000000000
6 -1969.0000000000
10 -1968.0000000000
29 -1966.0000000000
30 -1965.0000000000
45 -1964.0000000000
70 -1963.0000000000
71 -1962.0000000000
83 -1961.0000000000
92 -1960.0000000000
116 -1959.0000000000
170 -1958.0000000000
236 -1956.0000000000
242 -1955.0000000000
330 -1954.0000000000
477 -1953.0000000000
543 -1950.0000000000
574 -1949.0000000000
580 -1948.0000000000
596 -1947.0000000000
685 -1946.0000000000
777 -1945.0000000000
790 -1944.0000000000
843 -1942.0000000000
911 -1941.0000000000
981 -1940.0000000000
1010 -1939.0000000000
1048 -1938.0000000000
1162 -1937.0000000000
1178 -1936.0000000000
1213 -1935.0000000000
1275 -1934.0000000000
1323 -1933.0000000000
1344 -1932.0000000000
1364 -1931.0000000000
1662 -1930.0000000000
1840 -1929.0000000000
1877 -1928.0000000000
1961 -1927.0000000000
2279 -1925.0000000000
2287 -1924.0000000000
2377 -1923.0000000000
2445 -1922.0000000000
2466 -1921.0000000000
2540 -1919.0000000000
2609 -1917.0000000000
2677 -1916.0000000000
2692 -1913.0000000000
3061 -1912.0000000000
3129 -1911.0000000000
3573 -1910.0000000000
3595 -1909.0000000000
3674 -1908.0000000000
3976 -1906.0000000000
4028 -1905.0000000000
4488 -1904.0000000000
4712 -1903.0000000000
4800 -1902.0000000000
5321 -1901.0000000000
5356 -1898.0000000000
5374 -1897.0000000000
5485 -1896.0000000000
5645 -1895.0000000000
6203 -1894.0000000000
6260 -1893.0000000000
6396 -1892.0000000000
6502 -1891.0000000000
6514 -1890.0000000000
6586 -1888.0000000000
6816 -1887.0000000000
7234 -1885.0000000000
7768 -1883.0000000000
8126 -1882.0000000000
8271 -1881.0000000000
8472 -1880.0000000000
8872 -1879.0000000000
8991 -1878.0000000000
9190 -1877.0000000000
9337 -1876.0000000000
9761 -1874.0000000000
10000 -1931.0000000000
evaluations raw_y
1 -2002.0000000000
3 -2000.0000000000
26 -1999.0000000000
30 -1998.0000000000
45 -1997.0000000000
63 -1996.0000000000
72 -1994.0000000000
155 -1992.0000000000
162 -1990.0000000000
180 -1989.0000000000
190 -1988.0000000000
232 -1986.0000000000
310 -1985.0000000000
316 -1984.0000000000
387 -1983.0000000000
419 -1981.0000000000
577 -1980.0000000000
678 -1976.0000000000
729 -1975.0000000000
788 -1973.0000000000
943 -1972.0000000000
973 -1971.0000000000
994 -1970.0000000000
1040 -1969.0000000000
1047 -1967.0000000000
1070 -1966.0000000000
1514 -1964.0000000000
1587 -1962.0000000000
1592 -1960.0000000000
1725 -1959.0000000000
1778 -1956.0000000000
2053 -1955.0000000000
2474 -1954.0000000000
2565 -1953.0000000000
2570 -1952.0000000000
2580 -1951.0000000000
2622 -1950.0000000000
2789 -1949.0000000000
2924 -1948.0000000000
3070 -1946.0000000000
3131 -1945.0000000000
3149 -1944.0000000000
3330 -1943.0000000000
3387 -1942.0000000000
3488 -1941.0000000000
3563 -1940.0000000000
3648 -1939.0000000000
3731 -1938.0000000000
3734 -1937.0000000000
3795 -1936.0000000000
3813 -1935.0000000000
4425 -1933.0000000000
5177 -1932.0000000000
5211 -1931.0000000000
5362 -1930.0000000000
5568 -1929.0000000000
5751 -1928.0000000000
5912 -1927.0000000000
6135 -1926.0000000000
6212 -1925.0000000000
6494 -1924.0000000000
6566 -1923.0000000000
6847 -1921.0000000000
7240 -1920.0000000000
7430 -1919.0000000000
8135 -1918.0000000000
8652 -1917.0000000000
8927 -1916.0000000000
9049 -1915.0000000000
9251 -1914.0000000000
9265 -1913.0000000000
9405 -1912.0000000000
9607 -1911.0000000000
9846 -1908.0000000000
10000 -1928.0000000000
evaluations raw_y
1 -1999.0000000000
2 -1998.0000000000
3 -1997.0000000000
22 -1996.0000000000
24 -1995.0000000000
36 -1994.0000000000
37 -1993.0000000000
82 -1992.0000000000
88 -1991.0000000000
116 -1990.0000000000
160 -1989.0000000000
165 -1988.0000000000
196 -1987.0000000000
204 -1986.0000000000
236 -1985.0000000000
274 -1984.0000000000
403 -1983.0000000000
472 -1982.0000000000
522 -1980.0000000000
617 -1979.0000000000
712 -1978.0000000000
783 -1977.0000000000
793 -1976.0000000000
860 -1975.0000000000
981 -1973.0000000000
1063 -1972.0000000000
1179 -1970.0000000000
1224 -1969.0000000000
1226 -1966.0000000000
1286 -1965.0000000000
1317 -1963.0000000000
1351 -1961.0000000000
1595 -1960.0000000000
1605 -1958.0000000000
1702 -1957.0000000000
1735 -1955.0000000000
1891 -1954.0000000000
2218 -1953.0000000000
2222 -1952.0000000000
2304 -1951.0000000000
2362 -1950.0000000000
2547 -1949.0000000000
2599 -1948.0000000000
2602 -1947.0000000000
2632 -1946.0000000000
2653 -1945.0000000000
2676 -1944.0000000000
3067 -1943.0000000000
3737 -1942.0000000000
3786 -1941.0000000000
3996 -1940.0000000000
4418 -1939.0000000000
4571 -1938.0000000000
4643 -1937.0000000000
5222 -1936.0000000000
5238 -1935.0000000000
5256 -1933.0000000000
5291 -1932.0000000000
5532 -1931.0000000000
5894 -1930.0000000000
6011 -1929.0000000000
6142 -1928.0000000000
6290 -1926.0000000000
6539 -1925.0000000000
6880 -1923.0000000000
7585 -1922.0000000000
7712 -1921.0000000000
7986 -1920.0000000000
8203 -1919.0000000000
8247 -1918.0000000000
8460 -1916.0000000000
9017 -1915.0000000000
9080 -1914.0000000000
9476 -1912.0000000000
9593 -1911.0000000000
9757 -1910.0000000000
10000 -1965.0000000000
evaluations raw_y
1 -2035.0000000000
7 -2034.0000000000
9 -2033.0000000000
20 -2032.0000000000
24 -2030.0000000000
32 -2029.0000000000
62 -2028.0000000000
84 -2027.0000000000
106 -2025.0000000000
130 -2024.0000000000
161 -2023.0000000000
176 -2021.0000000000
216 -2020.0000000000
277 -2019.0000000000
293 -2018.0000000000
343 -2016.0000000000
391 -2015.0000000000
434 -2013.0000000000
509 -2012.0000000000
607 -2011.0000000000
678 -2010.0000000000
714 -2009.0000000000
758 -2008.0000000000
762 -2007.0000000000
808 -2006.0000000000
824 -2004.0000000000
1030 -2003.0000000000
1031 -2002.0000000000
1352 -2001.0000000000
1589 -2000.0000000000
1735 -1999.0000000000
1839 -1997.0000000000
1910 -1994.0000000000
1968 -1993.0000000000
1969 -1992.0000000000
2110 -1990.0000000000
2972 -1989.0000000000
3252 -1988.0000000000
3430 -1987.0000000000
3504 -1986.0000000000
3510 -1985.0000000000
3599 -1983.0000000000
3696 -1982.0000000000
3905 -1981.0000000000
3936 -1980.0000000000
4203 -1978.0000000000
4262 -1977.0000000000
4359 -1976.0000000000
4493 -1975.0000000000
4532 -1973.0000000000
4585 -1972.0000000000
4624 -1971.0000000000
5076 -1970.0000000000
5166 -1968.0000000000
5238 -1967.0000000000
5425 -1966.0000000000
5686 -1965.0000000000
5878 -1964.0000000000
6437 -1963.0000000000
6445 -1962.0000000000
6484 -1961.0000000000
6519 -1960.0000000000
6644 -1959.0000000000
6723 -1957.0000000000
6787 -1956.0000000000
6880 -1955.0000000000
7165 -1954.0000000000
7463 -1953.0000000000
7494 -1952.0000000000
8230 -1950.0000000000
9609 -1949.0000000000
9696 -1948.0000000000
9780 -1947.0000000000
9977 -1946.0000000000
10000 -2007.0000000000
evaluations raw_y
1 -2024.0000000000
2 -2023.0000000000
3 -2020.0000000000
4 -2017.0000000000
47 -2016.0000000000
84 -2015.0000000000
103 -2014.0000000000
106 -2011.0000000000
149 -2010.0000000000
172 -2009.0000000000
176 -2008.0000000000
233 -2007.0000000000
296 -2006.0000000000
303 -2005.0000000000
322 -2004.0000000000
425 -2003.0000000000
471 -2002.0000000000
526 -2001.0000000000
533 -1999.0000000000
653 -1998.0000000000
665 -1997.0000000000
687 -1996.0000000000
696 -1995.0000000000
745 -1994.0000000000
961 -1993.0000000000
975 -1992.0000000000
1093 -1991.0000000000
1133 -1990.0000000000
1218 -1989.0000000000
1278 -1988.0000000000
1291 -1987.0000000000
1350 -1985.0000000000
1417 -1983.0000000000
1447 -1982.0000000000
1518 -1981.0000000000
1541 -1980.0000000000
1709 -1979.0000000000
1730 -1978.0000000000
1737 -1977.0000000000
1781 -1975.0000000000
1866 -1974.0000000000
2170 -1973.0000000000
2218 -1972.0000000000
2297 -1970.0000000000
2433 -1969.0000000000
2464 -1967.0000000000
2530 -1965.0000000000
2844 -1964.0000000000
3033 -1963.0000000000
3230 -1962.0000000000
3555 -1961.0000000000
3851 -1960.0000000000
3891 -1959.0000000000
4109 -1957.0000000000
4162 -1956.0000000000
4322 -1955.0000000000
4558 -1954.0000000000
5040 -1952.0000000000
5718 -1949.0000000000
5837 -1948.0000000000
5879 -1947.0000000000
5962 -1946.0000000000
6261 -1945.0000000000
6401 -1944.0000000000
6532 -1943.0000000000
6580 -1942.0000000000
6631 -1941.0000000000
7158 -1939.0000000000
7547 -1938.0000000000
7698 -1937.0000000000
7786 -1936.0000000000
8036 -1935.0000000000
8180 -1934.0000000000
8212 -1933.0000000000
8433 -1932.0000000000
8629 -1931.0000000000
9756 -1930.0000000000
10000 -2019.0000000000
evaluations raw_y
1 -1997.0000000000
2 -1996.0000000000
3 -1995.0000000000
9 -1994.0000000000
18 -1993.0000000000
24 -1992.0000000000
67 -1991.0000000000
71 -1990.0000000000
95 -1989.0000000000
103 -1987.0000000000
167 -1986.0000000000
222 -1984.0000000000
264 -1983.0000000000
304 -1982.0000000000
374 -1981.0000000000
422 -1980.0000000000
454 -1978.0000000000
466 -1977.0000000000
534 -1976.0000000000
559 -1975.0000000000
598 -1974.0000000000
662 -1973.0000000000
674 -1972.0000000000
702 -1971.0000000000
714 -1969.0000000000
746 -1968.0000000000
748 -1965.0000000000
885 -1964.0000000000
948 -1963.0000000000
1090 -1962.0000000000
1337 -1961.0000000000
1363 -1960.0000000000
1438 -1959.0000000000
1588 -1957.0000000000
1736 -1956.0000000000
1786 -1955.0000000000
2034 -1954.0000000000
2139 -1953.0000000000
2146 -1952.0000000000
2161 -1950.0000000000
2186 -1949.0000000000
2244 -1948.0000000000
2324 -1947.0000000000
2514 -1946.0000000000
2548 -1945.0000000000
2606 -1944.0000000000
2747 -1943.0000000000
2784 -1942.0000000000
3358 -1941.0000000000
3454 -1940.0000000000
3750 -1939.0000000000
3760 -1937.0000000000
3837 -1936.0000000000
3919 -1935.0000000000
3965 -1934.0000000000
4107 -1933.0000000000
4606 -1932.0000000000
4615 -1931.0000000000
4779 -1930.0000000000
4831 -1929.0000000000
4933 -1928.0000000000
5584 -1927.0000000000
6091 -1926.0000000000
6420 -1925.0000000000
6582 -1923.0000000000
6639 -1922.0000000000
7169 -1921.0000000000
7429 -1920.0000000000
7478 -1919.0000000000
7619 -1918.0000000000
7813 -1917.0000000000
7898 -1916.0000000000
7939 -1915.0000000000
8132 -1914.0000000000
8179 -1913.0000000000
8414 -1912.0000000000
8513 -1911.0000000000
9068 -1909.0000000000
9118 -1906.0000000000
9152 -1905.0000000000
9539 -1904.0000000000
9615 -1902.0000000000
9656 -1901.0000000000
9915 -1900.0000000000
10000 -1983.0000000000
evaluations raw_y
1 -1981.0000000000
8 -1980.0000000000
24 -1978.0000000000
25 -1977.0000000000
27 -1976.0000000000
48 -1975.0000000000
84 -1973.0000000000
93 -1972.0000000000
129 -1971.0000000000
141 -1970.0000000000
148 -1969.0000000000
252 -1968.0000000000
268 -1965.0000000000
332 -1964.0000000000
340 -1963.0000000000
358 -1961.0000000000
423 -1960.0000000000
453 -1959.0000000000
472 -1958.0000000000
545 -1956.0000000000
1019 -1954.0000000000
1097 -1951.0000000000
1176 -1950.0000000000
1276 -1949.0000000000
1368 -1948.0000000000
1373 -1947.0000000000
1388 -1946.0000000000
1423 -1945.0000000000
1640 -1944.0000000000
1675 -1943.0000000000
1786 -1942.0000000000
1789 -1941.0000000000
1818 -1940.0000000000
1988 -1939.0000000000
1993 -1938.0000000000
2006 -1937.0000000000
2109 -1936.0000000000
2228 -1935.0000000000
2706 -1934.0000000000
2766 -1933.0000000000
3016 -1930.0000000000
3023 -1929.0000000000
3295 -1928.0000000000
3573 -1927.0000000000
3631 -1926.0000000000
3652 -1925.0000000000
3717 -1924.0000000000
3753 -1923.0000000000
3789 -1922.0000000000
3950 -1921.0000000000
3984 -1920.0000000000
4182 -1919.0000000000
4412 -1918.0000000000
4429 -1917.0000000000
5009 -1916.0000000000
5015 -1915.0000000000
5263 -1913.0000000000
5632 -1912.0000000000
5705 -1911.0000000000
5836 -1909.0000000000
5959 -1908.0000000000
6107 -1907.0000000000
6159 -1906.0000000000
6292 -1905.0000000000
6801 -1904.0000000000
6805 -1903.0000000000
6990 -1902.0000000000
7030 -1901.0000000000
7066 -1900.0000000000
7330 -1899.0000000000
7332 -1898.0000000000
7488 -1896.0000000000
7702 -1893.0000000000
8052 -1891.0000000000
8294 -1890.0000000000
8368 -1889.0000000000
8570 -1887.0000000000
9098 -1886.0000000000
9192 -1885.0000000000
9509 -1884.0000000000
9796 -1883.0000000000
9833 -1882.0000000000
10000 -1920.0000000000
evaluations raw_y
1 -2076.0000000000
8 -2075.0000000000
9 -2073.0000000000
13 -2072.0000000000
26 -2071.0000000000
37 -2070.0000000000
47 -2069.0000000000
53 -2068.0000000000
67 -2067.0000000000
81 -2066.0000000000
82 -2064.0000000000
129 -2063.0000000000
185 -2062.0000000000
217 -2061.0000000000
265 -2059.0000000000
279 -2058.0000000000
295 -2057.0000000000
421 -2056.0000000000
427 -2055.0000000000
510 -2054.0000000000
585 -2053.0000000000
665 -2052.0000000000
770 -2051.0000000000
773 -2050.0000000000
776 -2049.0000000000
855 -2048.0000000000
1145 -2047.0000000000
1406 -2046.0000000000
1443 -2045.0000000000
1637 -2044.0000000000
1811 -2041.0000000000
1944 -2040.0000000000
2139 -2039.0000000000
2199 -2037.0000000000
2206 -2036.0000000000
2312 -2035.0000000000
2401 -2034.0000000000
2410 -2033.0000000000
2909 -2031.0000000000
2954 -2030.0000000000
2989 -2027.0000000000
3204 -2026.0000000000
3641 -2025.0000000000
3647 -2024.0000000000
3762 -2023.0000000000
3953 -2022.0000000000
3972 -2021.0000000000
4093 -2020.0000000000
4196 -2019.0000000000
4413 -2018.0000000000
4426 -2017.0000000000
4996 -2016.0000000000
5031 -2013.0000000000
5152 -2010.0000000000
5308 -2009.0000000000
5478 -2008.0000000000
5537 -2006.0000000000
5755 -2005.0000000000
6089 -2003.0000000000
6218 -2002.0000000000
6365 -2001.0000000000
6517 -2000.0000000000
6629 -1999.0000000000
6726 -1998.0000000000
7091 -1997.0000000000
7114 -1996.0000000000
7118 -1995.0000000000
7290 -1994.0000000000
7529 -1993.0000000000
8024 -1991.0000000000
8193 -1990.0000000000
8438 -1989.0000000000
8922 -1988.0000000000
9125 -1987.0000000000
9186 -1986.0000000000
9283 -1985.0000000000
9402 -1984.0000000000
9612 -1983.0000000000
9917 -1982.0000000000
10000 -1987.0000000000
evaluations raw_y
1 -1964.0000000000
4 -1963.0000000000
7 -1962.0000000000
10 -1961.0000000000
11 -1960.0000000000
24 -1959.0000000000
33 -1956.0000000000
34 -1955.0000000000
45 -1954.0000000000
51 -1953.0000000000
114 -1952.0000000000
144 -1951.0000000000
226 -1950.0000000000
230 -1949.0000000000
254 -1948.0000000000
304 -1947.0000000000
355 -1945.0000000000
382 -1944.0000000000
645 -1943.0000000000
745 -1942.0000000000
768 -1941.0000000000
920 -1939.0000000000
958 -1938.0000000000
966 -1937.0000000000
997 -1936.0000000000
1020 -1935.0000000000
1066 -1934.0000000000
1095 -1933.0000000000
1135 -1932.0000000000
1146 -1931.0000000000
1174 -1930.0000000000
1187 -1929.0000000000
1359 -1928.0000000000
1467 -1927.0000000000
1480 -1926.0000000000
1740 -1925.0000000000
1882 -1924.0000000000
1898 -1923.0000000000
2089 -1922.0000000000
2167 -1921.0000000000
2176 -1919.0000000000
2292 -1918.0000000000
2393 -1917.0000000000
2587 -1916.0000000000
2589 -1915.0000000000
2951 -1914.0000000000
2961 -1913.0000000000
3212 -1912.0000000000
3309 -1911.0000000000
3371 -1910.0000000000
3610 -1909.0000000000
4046 -1906.0000000000
4117 -1904.0000000000
4169 -1903.0000000000
4204 -1901.0000000000
4320 -1900.0000000000
4500 -1898.0000000000
4617 -1897.0000000000
4719 -1896.0000000000
4842 -1895.0000000000
5037 -1894.0000000000
5118 -1892.0000000000
5316 -1889.0000000000
5325 -1888.0000000000
5328 -1887.0000000000
5655 -1885.0000000000
5771 -1884.0000000000
5938 -1883.0000000000
6262 -1882.0000000000
6342 -1881.0000000000
6618 -1880.0000000000
6626 -1878.0000000000
6800 -1877.0000000000
6930 -1876.0000000000
6976 -1875.0000000000
6986 -1874.0000000000
7222 -1873.0000000000
7543 -1872.0000000000
7686 -1871.0000000000
7936 -1870.0000000000
8107 -1868.0000000000
8321 -1867.0000000000
8729 -1866.0000000000
8840 -1865.0000000000
9209 -1864.0000000000
9294 -1863.0000000000
9525 -1862.0000000000
10000 -1874.0000000000
evaluations raw_y
1 -1989.0000000000
4 -1988.0000000000
16 -1987.0000000000
17 -1986.0000000000
26 -1985.0000000000
34 -1984.0000000000
53 -1983.0000000000
60 -1982.0000000000
76 -1981.0000000000
103 -1980.0000000000
112 -1979.0000000000
133 -1978.0000000000
236 -1977.0000000000
248 -1975.0000000000
257 -1974.0000000000
282 -1972.0000000000
373 -1971.0000000000
438 -1970.0000000000
457 -1969.0000000000
556 -1968.0000000000
600 -1967.0000000000
614 -1966.0000000000
624 -1965.0000000000
836 -1963.0000000000
1100 -1961.0000000000
1461 -1960.0000000000
1637 -1959.0000000000
1638 -1958.0000000000
1764 -1957.0000000000
1823 -1955.0000000000
1957 -1954.0000000000
1994 -1953.0000000000
2070 -1952.0000000000
2095 -1951.0000000000
2186 -1949.0000000000
2363 -1948.0000000000
2553 -1947.0000000000
2748 -1946.0000000000
2801 -1945.0000000000
2994 -1943.0000000000
3100 -1942.0000000000
3219 -1941.0000000000
3277 -1940.0000000000
3450 -1938.0000000000
3487 -1936.0000000000
3692 -1933.0000000000
4151 -1932.0000000000
4405 -1931.0000000000
4447 -1930.0000000000
4501 -1929.0000000000
4560 -1928.0000000000
4680 -1926.0000000000
4804 -1925.0000000000
5073 -1924.0000000000
5184 -1923.0000000000
5249 -1922.0000000000
5259 -1921.0000000000
5401 -1920.0000000000
5645 -1919.0000000000
5753 -1918.0000000000
6131 -1917.0000000000
6373 -1916.0000000000
6825 -1915.0000000000
7096 -1914.0000000000
7357 -1912.0000000000
7453 -1910.0000000000
7663 -1909.0000000000
8039 -1907.0000000000
8619 -1906.0000000000
8785 -1905.0000000000
9068 -1904.0000000000
9324 -1903.0000000000
9453 -1901.0000000000
9508 -1900.0000000000
9700 -1899.0000000000
9811 -1898.0000000000
9926 -1897.0000000000
10000 -1987.0000000000
evaluations raw_y
1 -2000.0000000000
4 -1998.0000000000
16 -1995.0000000000
27 -1994.0000000000
28 -1993.0000000000
54 -1992.0000000000
64 -1991.0000000000
81 -1989.0000000000
161 -1987.0000000000
199 -1986.0000000000
219 -1985.0000000000
245 -1984.0000000000
269 -1983.0000000000
282 -1982.0000000000
303 -1981.0000000000
304 -1980.0000000000
331 -1979.0000000000
346 -1978.0000000000
463 -1977.0000000000
585 -1976.0000000000
767 -1973.0000000000
769 -1972.0000000000
846 -1970.0000000000
848 -1969.0000000000
889 -1968.0000000000
1025 -1967.0000000000
1075 -1966.0000000000
1088 -1965.0000000000
1114 -1964.0000000000
1339 -1963.0000000000
1406 -1962.0000000000
1511 -1961.0000000000
1530 -1960.0000000000
1576 -1959.0000000000
1611 -1958.0000000000
1633 -1956.0000000000
1657 -1955.0000000000
1730 -1953.0000000000
1780 -1952.0000000000
1870 -1951.0000000000
1919 -1950.0000000000
1983 -1949.0000000000
2021 -1948.0000000000
2184 -1947.0000000000
2746 -1946.0000000000
2768 -1945.0000000000
2859 -1943.0000000000
3001 -1942.0000000000
3155 -1941.0000000000
3363 -1940.0000000000
3433 -1939.0000000000
3528 -1938.0000000000
3639 -1937.0000000000
3665 -1935.0000000000
3723 -1934.0000000000
3749 -1932.0000000000
3854 -1931.0000000000
3941 -1930.0000000000
3969 -1929.0000000000
4050 -1928.0000000000
4282 -1927.0000000000
4334 -1926.0000000000
4457 -1925.0000000000
4544 -1923.0000000000
4774 -1922.0000000000
4847 -1921.0000000000
5505 -1920.0000000000
5671 -1919.0000000000
5741 -1917.0000000000
6534 -1916.0000000000
7262 -1915.0000000000
7689 -1914.0000000000
8103 -1913.0000000000
8244 -1912.0000000000
8500 -1911.0000000000
8559 -1910.0000000000
8560 -1909.0000000000
8776 -1908.0000000000
9019 -1906.0000000000
9327 -1903.0000000000
9754 -1902.0000000000
10000 -1938.0000000000
evaluations raw_y
1 -1959.0000000000
14 -1958.0000000000
15 -1956.0000000000
18 -1954.0000000000
25 -1953.0000000000
32 -1952.0000000000
35 -1950.0000000000
52 -1947.0000000000
112 -1946.0000000000
138 -1945.0000000000
151 -1944.0000000000
203 -1943.0000000000
232 -1942.0000000000
262 -1940.0000000000
364 -1939.0000000000
406 -1938.0000000000
534 -1937.0000000000
717 -1936.0000000000
779 -1935.0000000000
805 -1934.0000000000
809 -1933.0000000000
875 -1932.0000000000
879 -1931.0000000000
1062 -1930.0000000000
1167 -1929.0000000000
1184 -1927.0000000000
1634 -1926.0000000000
1689 -1925.0000000000
1731 -1924.0000000000
1747 -1922.0000000000
1970 -1920.0000000000
2020 -1919.0000000000
2403 -1918.0000000000
2580 -1917.0000000000
2719 -1915.0000000000
2809 -1913.0000000000
3230 -1911.0000000000
3718 -1910.0000000000
3781 -1909.0000000000
4129 -1907.0000000000
4168 -1903.0000000000
4426 -1902.0000000000
4606 -1901.0000000000
4608 -1900.0000000000
4662 -1898.0000000000
4864 -1897.0000000000
4903 -1895.0000000000
5479 -1893.0000000000
5562 -1892.0000000000
6020 -1891.0000000000
6394 -1890.0000000000
6401 -1889.0000000000
6419 -1888.0000000000
6454 -1887.0000000000
6541 -1886.0000000000
6574 -1885.0000000000
6651 -1884.0000000000
6700 -1883.0000000000
6715 -1881.0000000000
6735 -1880.0000000000
6937 -1879.0000000000
6974 -1878.0000000000
7114 -1877.0000000000
7383 -1876.0000000000
7505 -1875.0000000000
7655 -1874.0000000000
8090 -1870.0000000000
8116 -1869.0000000000
8332 -1868.0000000000
8355 -1867.0000000000
8380 -1866.0000000000
8840 -1865.0000000000
9014 -1864.0000000000
9211 -1863.0000000000
9372 -1862.0000000000
10000 -1901.0000000000
evaluations raw_y
1 -1988.0000000000
4 -1987.0000000000
5 -1986.0000000000
8 -1985.0000000000
16 -1984.0000000000
55 -1983.0000000000
65 -1982.0000000000
123 -1981.0000000000
159 -1980.0000000000
229 -1979.0000000000
233 -1978.0000000000
248 -1976.0000000000
270 -1974.0000000000
320 -1973.0000000000
374 -1972.0000000000
425 -1971.0000000000
475 -1969.0000000000
521 -1967.0000000000
523 -1966.0000000000
627 -1965.0000000000
661 -1964.0000000000
682 -1963.0000000000
702 -1962.0000000000
708 -1961.0000000000
893 -1960.0000000000
954 -1959.0000000000
975 -1958.0000000000
982 -1957.0000000000
1126 -1956.0000000000
1185 -1954.0000000000
1259 -1953.0000000000
1355 -1952.0000000000
1376 -1950.0000000000
1557 -1949.0000000000
1619 -1947.0000000000
1634 -1946.0000000000
1653 -1945.0000000000
1835 -1944.0000000000
1861 -1943.0000000000
1927 -1942.0000000000
1930 -1941.0000000000
2417 -1940.0000000000
2516 -1939.0000000000
2646 -1937.0000000000
2705 -1936.0000000000
3552 -1934.0000000000
3739 -1933.0000000000
3754 -1932.0000000000
4434 -1931.0000000000
4499 -1930.0000000000
4523 -1929.0000000000
4698 -1928.0000000000
5087 -1927.0000000000
5160 -1926.0000000000
5325 -1925.0000000000
5574 -1924.0000000000
5732 -1923.0000000000
6193 -1922.0000000000
6196 -1921.0000000000
6290 -1920.0000000000
6592 -1919.0000000000
6650 -1918.0000000000
6856 -1917.0000000000
7236 -1916.0000000000
7241 -1915.0000000000
7581 -1914.0000000000
7673 -1913.0000000000
7942 -1912.0000000000
7946 -1910.0000000000
7952 -1908.0000000000
8066 -1907.0000000000
8124 -1906.0000000000
8314 -1905.0000000000
8385 -1901.0000000000
8420 -1899.0000000000
9272 -1897.0000000000
9399 -1896.0000000000
9419 -1895.0000000000
9703 -1894.0000000000
9757 -1893.0000000000
9915 -1892.0000000000
9928 -1891.0000000000
10000 -1968.0000000000
evaluations raw_y
1 -2037.0000000000
5 -2036.0000000000
20 -2035.0000000000
42 -2034.0000000000
60 -2032.0000000000
67 -2031.0000000000
78 -2030.0000000000
104 -2029.0000000000
194 -2028.0000000000
195 -2027.0000000000
271 -2026.0000000000
273 -2025.0000000000
290 -2024.0000000000
307 -2023.0000000000
329 -2022.0000000000
382 -2021.0000000000
412 -2020.0000000000
493 -2019.0000000000
502 -2018.0000000000
507 -2017.0000000000
548 -2016.0000000000
642 -2015.0000000000
683 -2014.0000000000
881 -2012.0000000000
945 -2011.0000000000
1028 -2010.0000000000
1034 -2008.0000000000
1071 -2006.0000000000
1161 -2004.0000000000
1268 -2003.0000000000
1278 -2002.0000000000
1564 -2001.0000000000
1599 -2000.0000000000
1634 -1999.0000000000
2174 -1997.0000000000
2214 -1996.0000000000
2244 -1995.0000000000
2313 -1993.0000000000
2342 -1992.0000000000
2356 -1991.0000000000
2508 -1990.0000000000
2563 -1989.0000000000
2632 -1988.0000000000
3356 -1987.0000000000
3763 -1986.0000000000
3931 -1984.0000000000
4155 -1983.0000000000
4311 -1982.0000000000
4526 -1981.0000000000
4642 -1980.0000000000
4646 -1979.0000000000
5067 -1978.0000000000
5129 -1976.0000000000
5191 -1975.0000000000
5284 -1974.0000000000
5303 -1971.0000000000
5480 -1970.0000000000
5557 -1969.0000000000
5837 -1968.0000000000
5843 -1963.0000000000
5919 -1961.0000000000
5934 -1960.0000000000
6216 -1958.0000000000
6252 -1957.0000000000
6257 -1955.0000000000
6358 -1954.0000000000
6433 -1953.0000000000
6666 -1952.0000000000
6762 -1951.0000000000
6811 -1950.0000000000
6897 -1949.0000000000
7714 -1948.0000000000
7931 -1947.0000000000
8017 -1946.0000000000
8076 -1945.0000000000
8371 -1944.0000000000
8389 -1943.0000000000
8466 -1941.0000000000
9128 -1940.0000000000
9512 -1937.0000000000
9520 -1936.0000000000
9744 -1935.0000000000
9810 -1934.0000000000
10000 -2017.0000000000
evaluations raw_y
1 -2007.0000000000
5 -2006.0000000000
37 -2004.0000000000
68 -2003.0000000000
71 -2001.0000000000
106 -1999.0000000000
150 -1998.0000000000
173 -1997.0000000000
207 -1996.0000000000
214 -1995.0000000000
222 -1993.0000000000
234 -1991.0000000000
261 -1990.0000000000
262 -1989.0000000000
289 -1988.0000000000
433 -1986.0000000000
444 -1985.0000000000
454 -1984.0000000000
486 -1983.0000000000
495 -1980.0000000000
546 -1978.0000000000
579 -1976.0000000000
660 -1975.0000000000
662 -1974.0000000000
703 -1973.0000000000
711 -1972.0000000000
770 -1971.0000000000
854 -1970.0000000000
935 -1969.0000000000
1070 -1967.0000000000
1155 -1966.0000000000
1227 -1964.0000000000
1351 -1962.0000000000
1393 -1961.0000000000
1417 -1960.0000000000
1536 -1959.0000000000
1687 -1957.0000000000
1944 -1956.0000000000
1969 -1955.0000000000
2126 -1954.0000000000
2394 -1953.0000000000
2476 -1952.0000000000
2527 -1951.0000000000
2557 -1949.0000000000
2624 -1948.0000000000
2642 -1947.0000000000
2824 -1946.0000000000
2856 -1944.0000000000
3525 -1943.0000000000
3632 -1941.0000000000
3730 -1940.0000000000
3856 -1939.0000000000
4041 -1937.0000000000
4102 -1936.0000000000
4354 -1934.0000000000
4582 -1933.0000000000
4623 -1932.0000000000
4807 -1930.0000000000
5091 -1928.0000000000
5167 -1927.0000000000
5245 -1926.0000000000
5463 -1925.0000000000
5579 -1924.0000000000
5602 -1922.0000000000
5680 -1921.0000000000
6028 -1920.0000000000
6097 -1918.0000000000
6160 -1917.0000000000
6678 -1916.0000000000
6961 -1915.0000000000
7278 -1914.0000000000
7399 -1913.0000000000
7501 -1912.0000000000
7715 -1911.0000000000
7971 -1910.0000000000
8234 -1909.0000000000
8256 -1908.0000000000
8266 -1907.0000000000
8632 -1906.0000000000
8772 -1905.0000000000
8925 -1904.0000000000
9201 -1903.0000000000
9619 -1901.0000000000
9666 -1899.0000000000
10000 -1956.0000000000
evaluations raw_y
1 -2016.0000000000
4 -2015.0000000000
7 -2014.0000000000
15 -2012.0000000000
28 -2011.0000000000
36 -2010.0000000000
55 -2009.0000000000
58 -2008.0000000000
63 -2007.0000000000
72 -2006.0000000000
203 -2003.0000000000
216 -2002.0000000000
309 -2000.0000000000
349 -1999.0000000000
364 -1998.0000000000
368 -1997.0000000000
449 -1996.0000000000
638 -1995.0000000000
670 -1993.0000000000
974 -1991.0000000000
1053 -1989.0000000000
1097 -1987.0000000000
1119 -1985.0000000000
1129 -1983.0000000000
1135 -1982.0000000000
1215 -1979.0000000000
1234 -1977.0000000000
1249 -1976.0000000000
1920 -1975.0000000000
2011 -1974.0000000000
2069 -1973.0000000000
2164 -1972.0000000000
2413 -1971.0000000000
2435 -1970.0000000000
2449 -1969.0000000000
2483 -1968.0000000000
2603 -1967.0000000000
2881 -1966.0000000000
2883 -1965.0000000000
2912 -1964.0000000000
3031 -1963.0000000000
3032 -1962.0000000000
3106 -1961.0000000000
3301 -1960.0000000000
3368 -1959.0000000000
3402 -1958.0000000000
3419 -1955.0000000000
3935 -1954.0000000000
3956 -1952.0000000000
4292 -1949.0000000000
4393 -1948.0000000000
4666 -1947.0000000000
4857 -1945.0000000000
5064 -1944.0000000000
5169 -1943.0000000000
5395 -1942.0000000000
5751 -1941.0000000000
5907 -1940.0000000000
6058 -1939.0000000000
6428 -1937.0000000000
6791 -1936.0000000000
6910 -1935.0000000000
6985 -1934.0000000000
6994 -1932.0000000000
7216 -1931.0000000000
8043 -1930.0000000000
8631 -1928.0000000000
9580 -1927.0000000000
9796 -1926.0000000000
9815 -1925.0000000000
10000 -2013.0000000000
