evaluations raw_y
1 -208.0000000000
2 -207.0000000000
3 -204.0000000000
31 -203.0000000000
38 -201.0000000000
72 -200.0000000000
79 -199.0000000000
115 -198.0000000000
181 -197.0000000000
205 -196.0000000000
243 -195.0000000000
276 -193.0000000000
354 -192.0000000000
418 -191.0000000000
437 -190.0000000000
462 -189.0000000000
673 -188.0000000000
951 -186.0000000000
974 -185.0000000000
1004 -183.0000000000
1010 -182.0000000000
1186 -181.0000000000
1225 -180.0000000000
1300 -179.0000000000
1545 -177.0000000000
1621 -176.0000000000
1666 -175.0000000000
1671 -173.0000000000
1796 -172.0000000000
1912 -171.0000000000
1941 -169.0000000000
1964 -167.0000000000
2501 -166.0000000000
2753 -165.0000000000
3121 -164.0000000000
3279 -163.0000000000
3383 -162.0000000000
3418 -161.0000000000
3751 -160.0000000000
3943 -159.0000000000
4175 -158.0000000000
4228 -157.0000000000
4280 -156.0000000000
4581 -155.0000000000
4590 -154.0000000000
4639 -153.0000000000
4764 -152.0000000000
5177 -151.0000000000
5181 -150.0000000000
5235 -149.0000000000
5749 -148.0000000000
5880 -147.0000000000
6175 -146.0000000000
6337 -145.0000000000
6402 -144.0000000000
6403 -143.0000000000
7110 -142.0000000000
7560 -141.0000000000
7573 -140.0000000000
7758 -139.0000000000
8038 -138.0000000000
8082 -137.0000000000
8130 -136.0000000000
8143 -134.0000000000
8406 -133.0000000000
8806 -132.0000000000
8891 -131.0000000000
9534 -130.0000000000
9838 -129.0000000000
10000 -164.0000000000
evaluations raw_y
1 -227.0000000000
6 -226.0000000000
14 -224.0000000000
16 -223.0000000000
23 -222.0000000000
42 -221.0000000000
52 -219.0000000000
61 -218.0000000000
118 -217.0000000000
136 -216.0000000000
138 -215.0000000000
177 -214.0000000000
264 -213.0000000000
287 -210.0000000000
315 -209.0000000000
346 -208.0000000000
350 -207.0000000000
355 -206.0000000000
371 -204.0000000000
379 -203.0000000000
414 -202.0000000000
427 -201.0000000000
783 -200.0000000000
785 -199.0000000000
888 -198.0000000000
1007 -197.0000000000
1589 -196.0000000000
1711 -195.0000000000
1916 -194.0000000000
1920 -193.0000000000
2072 -192.0000000000
2107 -191.0000000000
2154 -190.0000000000
2204 -188.0000000000
2270 -187.0000000000
2467 -186.0000000000
2687 -185.0000000000
2797 -184.0000000000
2865 -183.0000000000
2963 -182.0000000000
3048 -181.0000000000
3107 -180.0000000000
3352 -179.0000000000
3483 -178.0000000000
3684 -177.0000000000
3732 -176.0000000000
4052 -175.0000000000
4325 -174.0000000000
4348 -172.0000000000
4824 -171.0000000000
4855 -170.0000000000
4971 -169.0000000000
5485 -168.0000000000
5534 -167.0000000000
5567 -164.0000000000
5994 -163.0000000000
6385 -162.0000000000
6415 -161.0000000000
6524 -160.0000000000
6575 -159.0000000000
6704 -157.0000000000
7068 -156.0000000000
7130 -155.0000000000
7876 -154.0000000000
7976 -153.0000000000
8224 -152.0000000000
8396 -151.0000000000
8469 -149.0000000000
9933 -148.0000000000
9997 -147.0000000000
10000 -195.0000000000
evaluations raw_y
1 -217.0000000000
3 -215.0000000000
5 -214.0000000000
16 -213.0000000000
29 -211.0000000000
34 -210.0000000000
40 -209.0000000000
43 -207.0000000000
62 -206.0000000000
77 -205.0000000000
182 -204.0000000000
259 -203.0000000000
299 -201.0000000000
308 -200.0000000000
313 -199.0000000000
388 -198.0000000000
570 -197.0000000000
651 -196.0000000000
707 -195.0000000000
744 -194.0000000000
749 -193.0000000000
821 -190.0000000000
896 -188.0000000000
926 -187.0000000000
1045 -185.0000000000
1261 -182.0000000000
1507 -181.0000000000
1669 -179.0000000000
1677 -178.0000000000
1885 -177.0000000000
2003 -176.0000000000
2063 -175.0000000000
2083 -174.0000000000
2115 -173.0000000000
2203 -172.0000000000
2211 -171.0000000000
2227 -170.0000000000
2273 -169.0000000000
2321 -168.0000000000
2528 -167.0000000000
2627 -166.0000000000
2693 -163.0000000000
3262 -161.0000000000
3649 -159.0000000000
3746 -158.0000000000
4014 -157.0000000000
4104 -156.0000000000
4215 -155.0000000000
4674 -154.0000000000
4756 -152.0000000000
5450 -151.0000000000
6245 -150.0000000000
6817 -149.0000000000
6877 -147.0000000000
6946 -146.0000000000
7338 -145.0000000000
7427 -144.0000000000
7518 -143.0000000000
7520 -142.0000000000
7524 -141.0000000000
7657 -140.0000000000
7879 -138.0000000000
8302 -137.0000000000
8527 -136.0000000000
8890 -135.0000000000
8965 -134.0000000000
9316 -132.0000000000
9660 -131.0000000000
10000 -168.0000000000
evaluations raw_y
1 -221.0000000000
4 -219.0000000000
8 -218.0000000000
10 -217.0000000000
49 -216.0000000000
58 -214.0000000000
82 -213.0000000000
108 -212.0000000000
127 -211.0000000000
170 -210.0000000000
177 -209.0000000000
181 -208.0000000000
196 -207.0000000000
272 -206.0000000000
286 -205.0000000000
313 -202.0000000000
364 -201.0000000000
365 -200.0000000000
376 -199.0000000000
419 -198.0000000000
480 -197.0000000000
492 -196.0000000000
762 -195.0000000000
767 -194.0000000000
823 -192.0000000000
1037 -191.0000000000
1040 -190.0000000000
1156 -189.0000000000
1239 -188.0000000000
1642 -186.0000000000
1812 -183.0000000000
1846 -182.0000000000
1998 -181.0000000000
2001 -180.0000000000
2159 -179.0000000000
2702 -177.0000000000
2812 -176.0000000000
3081 -175.0000000000
3136 -174.0000000000
3764 -173.0000000000
3826 -171.0000000000
4436 -170.0000000000
4572 -169.0000000000
4771 -168.0000000000
5102 -166.0000000000
5160 -165.0000000000
5165 -164.0000000000
5184 -163.0000000000
5206 -162.0000000000
5218 -161.0000000000
5361 -160.0000000000
5556 -159.0000000000
5709 -158.0000000000
5744 -157.0000000000
6063 -155.0000000000
6230 -154.0000000000
6487 -153.0000000000
6525 -152.0000000000
7208 -151.0000000000
7292 -149.0000000000
7404 -148.0000000000
8184 -147.0000000000
8262 -146.0000000000
9407 -145.0000000000
9753 -144.0000000000
10000 -176.0000000000
evaluations raw_y
1 -210.0000000000
12 -208.0000000000
20 -207.0000000000
29 -205.0000000000
46 -204.0000000000
47 -203.0000000000
61 -202.0000000000
109 -201.0000000000
189 -200.0000000000
196 -199.0000000000
244 -198.0000000000
317 -197.0000000000
363 -196.0000000000
467 -194.0000000000
475 -193.0000000000
507 -192.0000000000
574 -191.0000000000
772 -190.0000000000
782 -189.0000000000
791 -188.0000000000
843 -186.0000000000
1079 -185.0000000000
1100 -183.0000000000
1107 -181.0000000000
1625 -180.0000000000
1629 -179.0000000000
1795 -178.0000000000
1982 -177.0000000000
2027 -176.0000000000
2040 -175.0000000000
2164 -174.0000000000
2473 -173.0000000000
2737 -172.0000000000
2776 -171.0000000000
3087 -170.0000000000
3264 -169.0000000000
3269 -168.0000000000
3271 -167.0000000000
3496 -166.0000000000
3763 -165.0000000000
3942 -164.0000000000
4444 -163.0000000000
4452 -162.0000000000
4672 -161.0000000000
5067 -160.0000000000
5088 -159.0000000000
5340 -158.0000000000
5460 -157.0000000000
5484 -156.0000000000
5521 -155.0000000000
5780 -154.0000000000
5812 -153.0000000000
5870 -152.0000000000
6062 -151.0000000000
6411 -150.0000000000
6768 -149.0000000000
7137 -148.0000000000
7154 -147.0000000000
7168 -146.0000000000
7183 -144.0000000000
7357 -143.0000000000
7794 -142.0000000000
7956 -141.0000000000
8181 -140.0000000000
8228 -139.0000000000
8514 -138.0000000000
8629 -137.0000000000
8788 -136.0000000000
9221 -135.0000000000
9756 -134.0000000000
10000 -144.0000000000
evaluations raw_y
1 -201.0000000000
2 -200.0000000000
5 -199.0000000000
12 -198.0000000000
42 -197.0000000000
44 -195.0000000000
71 -193.0000000000
73 -192.0000000000
127 -191.0000000000
148 -190.0000000000
150 -189.0000000000
156 -187.0000000000
176 -186.0000000000
181 -184.0000000000
191 -183.0000000000
413 -182.0000000000
434 -181.0000000000
451 -180.0000000000
589 -179.0000000000
641 -178.0000000000
710 -177.0000000000
743 -176.0000000000
802 -175.0000000000
1025 -174.0000000000
1197 -171.0000000000
1276 -170.0000000000
1341 -168.0000000000
1374 -166.0000000000
1467 -164.0000000000
2174 -163.0000000000
2482 -161.0000000000
2527 -160.0000000000
3092 -159.0000000000
3248 -158.0000000000
3341 -157.0000000000
3383 -156.0000000000
3485 -154.0000000000
4003 -153.0000000000
4265 -152.0000000000
4341 -151.0000000000
4354 -150.0000000000
4434 -149.0000000000
4640 -148.0000000000
5059 -147.0000000000
5296 -146.0000000000
5433 -145.0000000000
5683 -144.0000000000
5749 -143.0000000000
6089 -140.0000000000
6101 -139.0000000000
6140 -138.0000000000
6176 -135.0000000000
6224 -134.0000000000
7165 -133.0000000000
7498 -132.0000000000
7559 -131.0000000000
7561 -130.0000000000
8332 -129.0000000000
9492 -128.0000000000
9684 -127.0000000000
10000 -158.0000000000
evaluations raw_y
1 -192.0000000000
5 -191.0000000000
14 -190.0000000000
20 -188.0000000000
83 -187.0000000000
102 -185.0000000000
109 -184.0000000000
111 -182.0000000000
115 -181.0000000000
161 -180.0000000000
186 -178.0000000000
252 -177.0000000000
264 -176.0000000000
270 -175.0000000000
295 -174.0000000000
376 -172.0000000000
406 -171.0000000000
539 -170.0000000000
740 -168.0000000000
863 -167.0000000000
1033 -165.0000000000
1045 -164.0000000000
1148 -161.0000000000
1238 -160.0000000000
1391 -158.0000000000
1488 -156.0000000000
1505 -154.0000000000
1719 -153.0000000000
1786 -151.0000000000
1994 -150.0000000000
2385 -148.0000000000
2646 -147.0000000000
2654 -146.0000000000
2689 -145.0000000000
2825 -144.0000000000
2870 -143.0000000000
3040 -142.0000000000
3100 -141.0000000000
3184 -140.0000000000
3268 -139.0000000000
3902 -138.0000000000
3904 -137.0000000000
4451 -136.0000000000
5362 -135.0000000000
5901 -133.0000000000
6251 -132.0000000000
7012 -130.0000000000
7460 -129.0000000000
7483 -128.0000000000
7630 -127.0000000000
7988 -126.0000000000
8261 -125.0000000000
8264 -124.0000000000
8883 -123.0000000000
9134 -122.0000000000
9407 -121.0000000000
9950 -120.0000000000
10000 -161.0000000000
evaluations raw_y
1 -194.0000000000
6 -193.0000000000
12 -191.0000000000
28 -190.0000000000
55 -189.0000000000
77 -188.0000000000
82 -187.0000000000
87 -185.0000000000
107 -183.0000000000
125 -182.0000000000
135 -181.0000000000
208 -178.0000000000
283 -177.0000000000
287 -175.0000000000
309 -174.0000000000
320 -173.0000000000
410 -172.0000000000
452 -170.0000000000
879 -169.0000000000
973 -168.0000000000
1042 -167.0000000000
1356 -166.0000000000
1382 -165.0000000000
1471 -164.0000000000
1573 -163.0000000000
1918 -162.0000000000
1952 -160.0000000000
2051 -158.0000000000
2200 -157.0000000000
2217 -156.0000000000
2373 -155.0000000000
2634 -153.0000000000
2648 -152.0000000000
2749 -151.0000000000
2888 -149.0000000000
3029 -148.0000000000
3096 -146.0000000000
3216 -145.0000000000
3342 -144.0000000000
3432 -143.0000000000
3903 -142.0000000000
3904 -141.0000000000
4030 -140.0000000000
4234 -138.0000000000
4481 -137.0000000000
4580 -136.0000000000
4639 -135.0000000000
4684 -134.0000000000
4870 -133.0000000000
5000 -132.0000000000
5038 -131.0000000000
5428 -130.0000000000
6227 -129.0000000000
6674 -128.0000000000
7212 -127.0000000000
7276 -126.0000000000
7432 -125.0000000000
7500 -123.0000000000
8728 -122.0000000000
9060 -121.0000000000
9279 -120.0000000000
10000 -131.0000000000
evaluations raw_y
1 -222.0000000000
8 -221.0000000000
11 -219.0000000000
34 -218.0000000000
43 -216.0000000000
55 -215.0000000000
57 -214.0000000000
117 -213.0000000000
163 -212.0000000000
169 -211.0000000000
247 -209.0000000000
347 -208.0000000000
484 -206.0000000000
494 -205.0000000000
524 -204.0000000000
629 -203.0000000000
647 -202.0000000000
711 -201.0000000000
760 -200.0000000000
955 -199.0000000000
1024 -198.0000000000
1063 -197.0000000000
1169 -196.0000000000
1270 -195.0000000000
1356 -194.0000000000
1364 -193.0000000000
1385 -191.0000000000
1518 -190.0000000000
1738 -189.0000000000
1760 -188.0000000000
1993 -187.0000000000
2160 -186.0000000000
2272 -185.0000000000
2406 -184.0000000000
2436 -183.0000000000
2458 -181.0000000000
2526 -180.0000000000
2655 -179.0000000000
2674 -178.0000000000
2688 -177.0000000000
2764 -176.0000000000
2775 -175.0000000000
2862 -174.0000000000
3235 -173.0000000000
3248 -172.0000000000
3966 -171.0000000000
3979 -169.0000000000
4342 -168.0000000000
4537 -167.0000000000
4887 -166.0000000000
4928 -165.0000000000
5067 -164.0000000000
5177 -163.0000000000
5191 -162.0000000000
5252 -161.0000000000
5398 -160.0000000000
5739 -159.0000000000
6237 -158.0000000000
6298 -157.0000000000
6334 -156.0000000000
6676 -155.0000000000
6699 -154.0000000000
6957 -153.0000000000
7214 -152.0000000000
7711 -150.0000000000
7900 -149.0000000000
8070 -148.0000000000
9065 -147.0000000000
9808 -145.0000000000
10000 -155.0000000000
evaluations raw_y
1 -208.0000000000
4 -207.0000000000
7 -204.0000000000
10 -201.0000000000
46 -200.0000000000
52 -199.0000000000
60 -198.0000000000
73 -197.0000000000
78 -196.0000000000
86 -195.0000000000
191 -193.0000000000
208 -192.0000000000
320 -191.0000000000
468 -190.0000000000
480 -188.0000000000
632 -187.0000000000
748 -186.0000000000
771 -185.0000000000
1021 -184.0000000000
1183 -182.0000000000
1199 -181.0000000000
1289 -180.0000000000
1408 -179.0000000000
1564 -178.0000000000
1748 -175.0000000000
1755 -174.0000000000
1865 -173.0000000000
1965 -172.0000000000
1968 -171.0000000000
2032 -170.0000000000
2266 -169.0000000000
2624 -168.0000000000
2639 -167.0000000000
2791 -166.0000000000
2963 -164.0000000000
3101 -163.0000000000
3164 -162.0000000000
3625 -161.0000000000
3854 -160.0000000000
4069 -159.0000000000
4178 -158.0000000000
4258 -157.0000000000
4384 -156.0000000000
4636 -155.0000000000
4637 -154.0000000000
5139 -152.0000000000
5258 -151.0000000000
5500 -150.0000000000
5542 -149.0000000000
5943 -148.0000000000
6219 -147.0000000000
6388 -146.0000000000
6713 -145.0000000000
6760 -144.0000000000
6771 -143.0000000000
6853 -142.0000000000
6997 -141.0000000000
7168 -140.0000000000
7651 -139.0000000000
7773 -138.0000000000
7916 -136.0000000000
8133 -134.0000000000
8377 -133.0000000000
8992 -132.0000000000
9671 -131.0000000000
9766 -130.0000000000
10000 -200.0000000000
evaluations raw_y
1 -204.0000000000
2 -202.0000000000
15 -201.0000000000
22 -200.0000000000
25 -199.0000000000
44 -198.0000000000
56 -197.0000000000
58 -196.0000000000
75 -195.0000000000
90 -193.0000000000
98 -192.0000000000
104 -191.0000000000
109 -190.0000000000
118 -189.0000000000
171 -188.0000000000
268 -186.0000000000
288 -184.0000000000
317 -182.0000000000
399 -181.0000000000
449 -180.0000000000
648 -179.0000000000
872 -178.0000000000
971 -177.0000000000
1010 -176.0000000000
1046 -175.0000000000
1054 -174.0000000000
1103 -173.0000000000
1385 -172.0000000000
1462 -171.0000000000
1670 -170.0000000000
1750 -169.0000000000
1794 -168.0000000000
1893 -167.0000000000
2393 -166.0000000000
2509 -165.0000000000
2619 -164.0000000000
2657 -163.0000000000
2752 -162.0000000000
2815 -161.0000000000
3183 -160.0000000000
3196 -159.0000000000
4230 -157.0000000000
4259 -155.0000000000
4351 -153.0000000000
4681 -152.0000000000
4822 -150.0000000000
5182 -149.0000000000
5331 -147.0000000000
5550 -146.0000000000
5878 -144.0000000000
6055 -143.0000000000
6061 -142.0000000000
6082 -141.0000000000
6104 -140.0000000000
6148 -139.0000000000
6926 -138.0000000000
7151 -136.0000000000
7807 -135.0000000000
8274 -134.0000000000
9831 -133.0000000000
9832 -131.0000000000
10000 -139.0000000000
evaluations raw_y
1 -203.0000000000
6 -201.0000000000
9 -200.0000000000
18 -199.0000000000
39 -198.0000000000
60 -197.0000000000
66 -196.0000000000
71 -195.0000000000
97 -193.0000000000
141 -191.0000000000
148 -190.0000000000
156 -189.0000000000
277 -187.0000000000
280 -186.0000000000
304 -184.0000000000
314 -183.0000000000
435 -182.0000000000
440 -180.0000000000
751 -179.0000000000
778 -178.0000000000
797 -177.0000000000
803 -176.0000000000
807 -174.0000000000
817 -173.0000000000
838 -172.0000000000
878 -171.0000000000
1288 -170.0000000000
1364 -169.0000000000
1428 -168.0000000000
1708 -167.0000000000
1758 -164.0000000000
1860 -163.0000000000
1942 -162.0000000000
2141 -160.0000000000
2187 -159.0000000000
2213 -158.0000000000
2381 -157.0000000000
2415 -156.0000000000
2460 -155.0000000000
2470 -154.0000000000
2639 -153.0000000000
2733 -152.0000000000
2986 -151.0000000000
3113 -150.0000000000
3245 -149.0000000000
3297 -148.0000000000
3482 -147.0000000000
3739 -146.0000000000
3793 -145.0000000000
3937 -144.0000000000
4656 -143.0000000000
5296 -142.0000000000
5326 -141.0000000000
7022 -140.0000000000
7369 -139.0000000000
7470 -138.0000000000
7764 -137.0000000000
7987 -136.0000000000
8308 -135.0000000000
8458 -134.0000000000
9558 -133.0000000000
10000 -166.0000000000
evaluations raw_y
1 -215.0000000000
5 -214.0000000000
26 -212.0000000000
83 -211.0000000000
100 -209.0000000000
172 -208.0000000000
178 -207.0000000000
218 -206.0000000000
237 -204.0000000000
238 -203.0000000000
244 -202.0000000000
301 -201.0000000000
322 -200.0000000000
385 -199.0000000000
440 -198.0000000000
476 -197.0000000000
575 -196.0000000000
699 -195.0000000000
718 -194.0000000000
745 -193.0000000000
902 -192.0000000000
983 -191.0000000000
1043 -190.0000000000
1440 -189.0000000000
1462 -187.0000000000
1468 -184.0000000000
1750 -182.0000000000
1830 -181.0000000000
1992 -180.0000000000
2002 -179.0000000000
2078 -177.0000000000
2091 -176.0000000000
2313 -174.0000000000
2450 -172.0000000000
2520 -171.0000000000
2625 -170.0000000000
2913 -169.0000000000
3158 -168.0000000000
3174 -167.0000000000
3265 -165.0000000000
3693 -163.0000000000
4042 -162.0000000000
4140 -161.0000000000
4203 -160.0000000000
4305 -159.0000000000
4388 -158.0000000000
4477 -157.0000000000
4528 -155.0000000000
4574 -154.0000000000
4943 -153.0000000000
4992 -152.0000000000
4997 -151.0000000000
5340 -150.0000000000
5794 -149.0000000000
6027 -147.0000000000
6473 -146.0000000000
6661 -144.0000000000
6819 -143.0000000000
6932 -141.0000000000
6971 -140.0000000000
7211 -139.0000000000
8014 -137.0000000000
8320 -136.0000000000
8539 -135.0000000000
9069 -134.0000000000
9334 -133.0000000000
9613 -132.0000000000
9870 -131.0000000000
9916 -130.0000000000
10000 -133.0000000000
evaluations raw_y
1 -196.0000000000
12 -195.0000000000
13 -193.0000000000
42 -192.0000000000
58 -191.0000000000
61 -189.0000000000
117 -188.0000000000
141 -187.0000000000
142 -186.0000000000
162 -185.0000000000
277 -184.0000000000
377 -183.0000000000
455 -182.0000000000
575 -181.0000000000
744 -178.0000000000
762 -177.0000000000
783 -176.0000000000
813 -175.0000000000
832 -174.0000000000
908 -173.0000000000
997 -172.0000000000
1122 -170.0000000000
1180 -169.0000000000
1482 -168.0000000000
1678 -167.0000000000
1940 -166.0000000000
1957 -165.0000000000
2049 -164.0000000000
2114 -163.0000000000
2257 -162.0000000000
2425 -160.0000000000
2484 -159.0000000000
2557 -157.0000000000
2958 -155.0000000000
2987 -154.0000000000
3159 -153.0000000000
3474 -151.0000000000
3730 -150.0000000000
3889 -147.0000000000
3994 -146.0000000000
4223 -145.0000000000
4257 -144.0000000000
5050 -143.0000000000
5142 -142.0000000000
5260 -141.0000000000
5598 -140.0000000000
5830 -139.0000000000
6367 -138.0000000000
6472 -137.0000000000
6759 -136.0000000000
6866 -135.0000000000
7049 -134.0000000000
8093 -133.0000000000
8150 -132.0000000000
8200 -130.0000000000
8219 -129.0000000000
8240 -128.0000000000
8276 -126.0000000000
9046 -125.0000000000
9400 -123.0000000000
9637 -122.0000000000
9953 -121.0000000000
10000 -132.0000000000
evaluations raw_y
1 -219.0000000000
3 -218.0000000000
7 -217.0000000000
18 -216.0000000000
36 -214.0000000000
44 -213.0000000000
121 -211.0000000000
123 -210.0000000000
125 -209.0000000000
156 -207.0000000000
178 -206.0000000000
215 -205.0000000000
405 -204.0000000000
485 -203.0000000000
506 -202.0000000000
524 -201.0000000000
526 -199.0000000000
562 -198.0000000000
584 -197.0000000000
618 -196.0000000000
697 -195.0000000000
742 -194.0000000000
861 -193.0000000000
893 -192.0000000000
931 -191.0000000000
955 -190.0000000000
992 -189.0000000000
1072 -188.0000000000
1188 -187.0000000000
1263 -186.0000000000
1404 -183.0000000000
1572 -182.0000000000
1747 -181.0000000000
1777 -180.0000000000
1867 -179.0000000000
2046 -177.0000000000
2141 -176.0000000000
2159 -175.0000000000
2168 -174.0000000000
2231 -173.0000000000
2664 -172.0000000000
2903 -171.0000000000
3181 -170.0000000000
3375 -169.0000000000
3483 -168.0000000000
3556 -167.0000000000
3733 -165.0000000000
3938 -164.0000000000
4097 -163.0000000000
4113 -162.0000000000
4206 -161.0000000000
4256 -159.0000000000
4587 -158.0000000000
4622 -155.0000000000
4800 -154.0000000000
4878 -153.0000000000
5109 -152.0000000000
5203 -151.0000000000
6301 -150.0000000000
6880 -147.0000000000
6908 -146.0000000000
7672 -144.0000000000
7778 -143.0000000000
7994 -142.0000000000
8104 -141.0000000000
8236 -140.0000000000
8365 -139.0000000000
8912 -138.0000000000
9163 -137.0000000000
9620 -136.0000000000
10000 -140.0000000000
evaluations raw_y
1 -216.0000000000
2 -215.0000000000
14 -214.0000000000
59 -213.0000000000
65 -212.0000000000
66 -211.0000000000
70 -210.0000000000
72 -209.0000000000
79 -208.0000000000
173 -207.0000000000
235 -206.0000000000
277 -205.0000000000
328 -204.0000000000
398 -203.0000000000
424 -201.0000000000
435 -200.0000000000
442 -199.0000000000
478 -198.0000000000
522 -197.0000000000
551 -196.0000000000
630 -194.0000000000
753 -193.0000000000
872 -192.0000000000
923 -190.0000000000
994 -188.0000000000
1249 -187.0000000000
1330 -186.0000000000
1403 -185.0000000000
1668 -184.0000000000
1770 -183.0000000000
1782 -182.0000000000
1995 -181.0000000000
2908 -180.0000000000
2938 -179.0000000000
2945 -178.0000000000
3116 -177.0000000000
3142 -175.0000000000
3228 -174.0000000000
3399 -173.0000000000
3629 -172.0000000000
3633 -171.0000000000
3809 -170.0000000000
3904 -169.0000000000
4072 -168.0000000000
4099 -167.0000000000
4199 -166.0000000000
4242 -164.0000000000
4578 -163.0000000000
4688 -162.0000000000
4830 -161.0000000000
5031 -159.0000000000
5083 -158.0000000000
5124 -157.0000000000
5230 -156.0000000000
5241 -155.0000000000
5540 -154.0000000000
5585 -153.0000000000
6090 -152.0000000000
6366 -151.0000000000
6986 -150.0000000000
7357 -149.0000000000
8098 -148.0000000000
8400 -147.0000000000
8557 -146.0000000000
8933 -144.0000000000
9123 -142.0000000000
9662 -141.0000000000
10000 -156.0000000000
evaluations raw_y
1 -212.0000000000
4 -211.0000000000
6 -210.0000000000
18 -208.0000000000
54 -207.0000000000
57 -204.0000000000
84 -202.0000000000
107 -201.0000000000
137 -200.0000000000
164 -199.0000000000
199 -198.0000000000
205 -197.0000000000
218 -196.0000000000
266 -195.0000000000
439 -194.0000000000
451 -193.0000000000
471 -191.0000000000
498 -190.0000000000
508 -188.0000000000
551 -187.0000000000
610 -186.0000000000
872 -185.0000000000
881 -183.0000000000
904 -182.0000000000
1146 -181.0000000000
1176 -180.0000000000
1300 -179.0000000000
1387 -177.0000000000
1395 -175.0000000000
1497 -174.0000000000
1936 -173.0000000000
2223 -172.0000000000
2276 -171.0000000000
2439 -170.0000000000
2541 -169.0000000000
2742 -168.0000000000
2775 -167.0000000000
2876 -166.0000000000
2905 -165.0000000000
3161 -164.0000000000
3508 -163.0000000000
3753 -162.0000000000
3869 -160.0000000000
4025 -159.0000000000
4028 -157.0000000000
5102 -156.0000000000
5388 -155.0000000000
5394 -154.0000000000
5577 -153.0000000000
5779 -150.0000000000
5930 -149.0000000000
6055 -148.0000000000
6105 -147.0000000000
6235 -146.0000000000
6672 -145.0000000000
6718 -143.0000000000
7090 -142.0000000000
7343 -141.0000000000
7464 -139.0000000000
7720 -138.0000000000
7763 -136.0000000000
8674 -134.0000000000
9480 -133.0000000000
10000 -137.0000000000
evaluations raw_y
1 -214.0000000000
2 -213.0000000000
6 -212.0000000000
10 -211.0000000000
50 -209.0000000000
53 -208.0000000000
65 -207.0000000000
77 -206.0000000000
93 -204.0000000000
129 -203.0000000000
140 -202.0000000000
143 -201.0000000000
147 -200.0000000000
199 -199.0000000000
205 -198.0000000000
392 -197.0000000000
437 -196.0000000000
543 -195.0000000000
551 -194.0000000000
570 -193.0000000000
579 -192.0000000000
627 -191.0000000000
650 -190.0000000000
757 -189.0000000000
877 -188.0000000000
946 -186.0000000000
1180 -185.0000000000
1224 -184.0000000000
1333 -183.0000000000
1376 -181.0000000000
1456 -179.0000000000
1552 -178.0000000000
1786 -177.0000000000
1950 -176.0000000000
1987 -175.0000000000
1989 -173.0000000000
2158 -172.0000000000
2213 -171.0000000000
2326 -170.0000000000
2406 -169.0000000000
2473 -168.0000000000
2863 -167.0000000000
2943 -166.0000000000
3061 -165.0000000000
3164 -164.0000000000
3691 -163.0000000000
3863 -162.0000000000
3889 -161.0000000000
4223 -160.0000000000
4471 -159.0000000000
4586 -158.0000000000
5205 -157.0000000000
5540 -156.0000000000
5808 -155.0000000000
5956 -154.0000000000
5973 -153.0000000000
6130 -152.0000000000
6692 -151.0000000000
6731 -149.0000000000
7569 -148.0000000000
7577 -146.0000000000
8535 -145.0000000000
8819 -143.0000000000
9093 -142.0000000000
9400 -140.0000000000
10000 -150.0000000000
evaluations raw_y
1 -224.0000000000
10 -223.0000000000
12 -222.0000000000
15 -221.0000000000
18 -220.0000000000
44 -217.0000000000
77 -214.0000000000
81 -213.0000000000
98 -212.0000000000
112 -211.0000000000
178 -209.0000000000
266 -208.0000000000
284 -207.0000000000
285 -206.0000000000
299 -205.0000000000
338 -204.0000000000
398 -203.0000000000
473 -202.0000000000
548 -201.0000000000
583 -200.0000000000
670 -199.0000000000
681 -197.0000000000
848 -196.0000000000
951 -195.0000000000
1102 -194.0000000000
1194 -193.0000000000
1277 -192.0000000000
1292 -191.0000000000
1599 -190.0000000000
1832 -189.0000000000
1849 -188.0000000000
2179 -187.0000000000
2361 -185.0000000000
2579 -183.0000000000
2665 -182.0000000000
2730 -180.0000000000
2817 -179.0000000000
3003 -177.0000000000
3330 -176.0000000000
3331 -175.0000000000
3529 -174.0000000000
3726 -173.0000000000
3881 -172.0000000000
4145 -171.0000000000
4156 -170.0000000000
4339 -169.0000000000
4414 -166.0000000000
4525 -165.0000000000
4658 -164.0000000000
4746 -162.0000000000
5041 -161.0000000000
5103 -160.0000000000
5115 -158.0000000000
5301 -157.0000000000
5594 -156.0000000000
5634 -155.0000000000
5963 -154.0000000000
6510 -153.0000000000
6521 -152.0000000000
6536 -151.0000000000
6817 -150.0000000000
6935 -149.0000000000
6963 -148.0000000000
7022 -147.0000000000
7308 -146.0000000000
7661 -144.0000000000
9067 -143.0000000000
9954 -141.0000000000
9995 -139.0000000000
10000 -205.0000000000
evaluations raw_y
1 -214.0000000000
5 -213.0000000000
12 -212.0000000000
25 -211.0000000000
37 -210.0000000000
49 -208.0000000000
53 -207.0000000000
71 -205.0000000000
74 -204.0000000000
109 -203.0000000000
111 -201.0000000000
128 -198.0000000000
149 -197.0000000000
175 -196.0000000000
188 -194.0000000000
191 -193.0000000000
254 -192.0000000000
277 -191.0000000000
290 -190.0000000000
291 -189.0000000000
736 -186.0000000000
958 -184.0000000000
1169 -183.0000000000
1349 -182.0000000000
1390 -181.0000000000
1624 -180.0000000000
1682 -179.0000000000
1693 -178.0000000000
1708 -177.0000000000
1920 -176.0000000000
1922 -174.0000000000
1946 -173.0000000000
1947 -170.0000000000
2012 -169.0000000000
2238 -168.0000000000
2377 -167.0000000000
2382 -166.0000000000
2433 -165.0000000000
2597 -164.0000000000
2599 -163.0000000000
2609 -162.0000000000
2850 -161.0000000000
2991 -160.0000000000
3211 -159.0000000000
3332 -157.0000000000
3610 -156.0000000000
3791 -154.0000000000
3804 -153.0000000000
4408 -152.0000000000
4446 -151.0000000000
4475 -150.0000000000
4630 -149.0000000000
5054 -145.0000000000
5193 -144.0000000000
5306 -143.0000000000
5344 -141.0000000000
5547 -140.0000000000
5603 -139.0000000000
5663 -138.0000000000
5708 -137.0000000000
6004 -136.0000000000
6040 -135.0000000000
6139 -134.0000000000
6523 -133.0000000000
6669 -132.0000000000
6856 -131.0000000000
7052 -129.0000000000
7127 -128.0000000000
8654 -127.0000000000
9510 -126.0000000000
9517 -125.0000000000
10000 -166.0000000000
evaluations raw_y
1 -216.0000000000
5 -214.0000000000
19 -213.0000000000
44 -212.0000000000
62 -211.0000000000
65 -209.0000000000
152 -208.0000000000
162 -206.0000000000
169 -205.0000000000
170 -204.0000000000
187 -203.0000000000
246 -202.0000000000
367 -201.0000000000
421 -200.0000000000
476 -198.0000000000
557 -197.0000000000
565 -196.0000000000
597 -195.0000000000
619 -194.0000000000
760 -193.0000000000
785 -191.0000000000
805 -190.0000000000
809 -189.0000000000
896 -188.0000000000
994 -187.0000000000
1132 -186.0000000000
1168 -185.0000000000
1501 -184.0000000000
1819 -183.0000000000
1864 -182.0000000000
1989 -180.0000000000
2025 -179.0000000000
2065 -178.0000000000
2071 -177.0000000000
2295 -176.0000000000
2300 -175.0000000000
2341 -174.0000000000
2588 -173.0000000000
2724 -172.0000000000
2795 -171.0000000000
2859 -170.0000000000
3009 -169.0000000000
3302 -168.0000000000
3308 -167.0000000000
3863 -166.0000000000
3974 -165.0000000000
4134 -164.0000000000
4145 -163.0000000000
4180 -161.0000000000
5168 -160.0000000000
5405 -159.0000000000
6181 -158.0000000000
8280 -157.0000000000
8529 -156.0000000000
8926 -155.0000000000
8951 -154.0000000000
9448 -153.0000000000
9599 -152.0000000000
9772 -151.0000000000
9823 -149.0000000000
10000 -173.0000000000
evaluations raw_y
1 -229.0000000000
11 -228.0000000000
19 -227.0000000000
28 -225.0000000000
38 -223.0000000000
53 -221.0000000000
81 -220.0000000000
170 -219.0000000000
173 -217.0000000000
174 -216.0000000000
196 -215.0000000000
248 -213.0000000000
255 -212.0000000000
479 -211.0000000000
560 -210.0000000000
600 -209.0000000000
885 -208.0000000000
918 -207.0000000000
1021 -205.0000000000
1032 -204.0000000000
1034 -203.0000000000
1141 -201.0000000000
1207 -200.0000000000
1270 -199.0000000000
1401 -197.0000000000
1600 -196.0000000000
1643 -195.0000000000
1652 -194.0000000000
1773 -193.0000000000
1814 -192.0000000000
1902 -191.0000000000
2032 -189.0000000000
2176 -187.0000000000
2203 -185.0000000000
2255 -183.0000000000
2348 -182.0000000000
2463 -181.0000000000
2518 -179.0000000000
2872 -178.0000000000
2931 -177.0000000000
2963 -176.0000000000
3035 -175.0000000000
3194 -174.0000000000
3332 -173.0000000000
3355 -172.0000000000
4289 -171.0000000000
4375 -170.0000000000
4569 -169.0000000000
4693 -168.0000000000
5143 -166.0000000000
5186 -165.0000000000
5503 -164.0000000000
5896 -162.0000000000
5986 -161.0000000000
6557 -160.0000000000
7227 -159.0000000000
7345 -158.0000000000
7549 -157.0000000000
7627 -156.0000000000
7647 -154.0000000000
7916 -153.0000000000
7963 -152.0000000000
8252 -151.0000000000
8288 -150.0000000000
9113 -149.0000000000
9133 -148.0000000000
9413 -147.0000000000
9566 -146.0000000000
9610 -145.0000000000
9669 -144.0000000000
9744 -143.0000000000
10000 -158.0000000000
evaluations raw_y
1 -205.0000000000
3 -204.0000000000
7 -203.0000000000
8 -202.0000000000
9 -201.0000000000
39 -200.0000000000
83 -198.0000000000
165 -197.0000000000
174 -195.0000000000
194 -193.0000000000
223 -192.0000000000
271 -191.0000000000
329 -190.0000000000
335 -189.0000000000
342 -187.0000000000
352 -186.0000000000
452 -185.0000000000
455 -184.0000000000
457 -183.0000000000
512 -182.0000000000
520 -181.0000000000
533 -180.0000000000
614 -178.0000000000
647 -177.0000000000
900 -176.0000000000
937 -175.0000000000
988 -174.0000000000
1245 -173.0000000000
1364 -172.0000000000
1390 -171.0000000000
1434 -170.0000000000
1545 -169.0000000000
1648 -168.0000000000
1924 -167.0000000000
2286 -166.0000000000
2699 -165.0000000000
2751 -164.0000000000
2780 -163.0000000000
3040 -162.0000000000
3055 -161.0000000000
3275 -160.0000000000
3352 -159.0000000000
3459 -158.0000000000
3471 -157.0000000000
3548 -156.0000000000
3712 -154.0000000000
3835 -153.0000000000
4519 -152.0000000000
4614 -150.0000000000
5217 -149.0000000000
5531 -148.0000000000
5692 -147.0000000000
5961 -146.0000000000
6032 -145.0000000000
6141 -144.0000000000
6150 -143.0000000000
6329 -142.0000000000
6342 -141.0000000000
7003 -140.0000000000
7139 -138.0000000000
7598 -137.0000000000
7796 -134.0000000000
7843 -133.0000000000
8170 -132.0000000000
8190 -131.0000000000
8386 -130.0000000000
8799 -129.0000000000
9222 -128.0000000000
9304 -127.0000000000
9523 -126.0000000000
9951 -125.0000000000
10000 -131.0000000000
evaluations raw_y
1 -230.0000000000
2 -228.0000000000
7 -227.0000000000
20 -226.0000000000
32 -225.0000000000
50 -224.0000000000
87 -223.0000000000
88 -222.0000000000
113 -221.0000000000
137 -220.0000000000
148 -218.0000000000
149 -217.0000000000
219 -216.0000000000
233 -215.0000000000
256 -214.0000000000
273 -213.0000000000
317 -212.0000000000
388 -211.0000000000
462 -210.0000000000
545 -209.0000000000
622 -208.0000000000
687 -207.0000000000
765 -206.0000000000
879 -205.0000000000
1155 -204.0000000000
1223 -202.0000000000
1275 -201.0000000000
1455 -199.0000000000
1460 -197.0000000000
1502 -196.0000000000
1554 -195.0000000000
1577 -194.0000000000
1605 -192.0000000000
1743 -189.0000000000
2074 -188.0000000000
2128 -187.0000000000
2214 -184.0000000000
2835 -183.0000000000
2859 -182.0000000000
2861 -181.0000000000
2896 -180.0000000000
3126 -179.0000000000
3285 -178.0000000000
3390 -177.0000000000
3423 -176.0000000000
3592 -175.0000000000
3603 -174.0000000000
3703 -173.0000000000
3861 -172.0000000000
3929 -171.0000000000
4458 -170.0000000000
4577 -169.0000000000
4738 -168.0000000000
4778 -166.0000000000
4785 -165.0000000000
4841 -164.0000000000
5037 -163.0000000000
5077 -162.0000000000
5249 -161.0000000000
5515 -160.0000000000
5821 -159.0000000000
6073 -158.0000000000
6111 -157.0000000000
6177 -155.0000000000
6585 -154.0000000000
6869 -153.0000000000
6899 -152.0000000000
7304 -151.0000000000
7577 -150.0000000000
7786 -148.0000000000
7913 -147.0000000000
9084 -146.0000000000
9253 -145.0000000000
10000 -196.0000000000
evaluations raw_y
1 -211.0000000000
6 -210.0000000000
10 -207.0000000000
11 -205.0000000000
53 -204.0000000000
113 -203.0000000000
121 -202.0000000000
146 -201.0000000000
165 -200.0000000000
234 -199.0000000000
243 -197.0000000000
260 -196.0000000000
277 -195.0000000000
292 -194.0000000000
322 -192.0000000000
339 -190.0000000000
444 -189.0000000000
542 -186.0000000000
566 -184.0000000000
726 -183.0000000000
773 -182.0000000000
790 -180.0000000000
802 -179.0000000000
827 -178.0000000000
989 -177.0000000000
1186 -176.0000000000
1242 -175.0000000000
1416 -174.0000000000
1574 -173.0000000000
1831 -172.0000000000
2058 -171.0000000000
2119 -170.0000000000
2152 -169.0000000000
2391 -168.0000000000
2704 -166.0000000000
2897 -165.0000000000
3069 -164.0000000000
3086 -163.0000000000
3260 -162.0000000000
3326 -161.0000000000
3600 -160.0000000000
3756 -159.0000000000
3971 -158.0000000000
4287 -157.0000000000
4394 -155.0000000000
4422 -154.0000000000
4751 -153.0000000000
4752 -152.0000000000
5036 -151.0000000000
5319 -150.0000000000
5467 -149.0000000000
5476 -148.0000000000
5707 -147.0000000000
5894 -146.0000000000
6186 -145.0000000000
6547 -144.0000000000
6591 -143.0000000000
7199 -142.0000000000
7436 -141.0000000000
8478 -140.0000000000
8559 -139.0000000000
9025 -138.0000000000
9414 -137.0000000000
9619 -136.0000000000
10000 -143.0000000000
evaluations raw_y
1 -203.0000000000
2 -202.0000000000
3 -201.0000000000
17 -200.0000000000
45 -199.0000000000
54 -198.0000000000
82 -197.0000000000
98 -196.0000000000
99 -195.0000000000
128 -194.0000000000
129 -193.0000000000
132 -192.0000000000
143 -191.0000000000
208 -190.0000000000
242 -189.0000000000
279 -188.0000000000
314 -187.0000000000
340 -186.0000000000
436 -185.0000000000
470 -183.0000000000
522 -182.0000000000
524 -181.0000000000
795 -180.0000000000
1027 -179.0000000000
1161 -178.0000000000
1167 -177.0000000000
1178 -176.0000000000
1185 -175.0000000000
1255 -174.0000000000
1382 -172.0000000000
1618 -170.0000000000
1774 -169.0000000000
1822 -166.0000000000
1863 -165.0000000000
2041 -164.0000000000
2094 -163.0000000000
2170 -161.0000000000
2234 -160.0000000000
2628 -159.0000000000
2744 -158.0000000000
2813 -157.0000000000
2873 -156.0000000000
3044 -155.0000000000
3202 -154.0000000000
3266 -153.0000000000
3571 -152.0000000000
3850 -150.0000000000
4037 -149.0000000000
4052 -148.0000000000
4172 -147.0000000000
4576 -145.0000000000
6164 -144.0000000000
6583 -143.0000000000
6633 -142.0000000000
7237 -141.0000000000
7253 -140.0000000000
7375 -138.0000000000
7410 -137.0000000000
7574 -135.0000000000
7590 -134.0000000000
7985 -133.0000000000
8659 -132.0000000000
8812 -131.0000000000
8960 -130.0000000000
9013 -129.0000000000
9077 -128.0000000000
9285 -127.0000000000
9482 -126.0000000000
9494 -125.0000000000
9604 -124.0000000000
9613 -122.0000000000
10000 -198.0000000000
evaluations raw_y
1 -203.0000000000
9 -202.0000000000
15 -200.0000000000
20 -199.0000000000
43 -198.0000000000
68 -197.0000000000
69 -196.0000000000
71 -194.0000000000
124 -193.0000000000
137 -192.0000000000
160 -191.0000000000
261 -190.0000000000
268 -189.0000000000
293 -186.0000000000
326 -185.0000000000
408 -184.0000000000
610 -183.0000000000
633 -182.0000000000
637 -181.0000000000
675 -180.0000000000
738 -179.0000000000
779 -178.0000000000
878 -177.0000000000
930 -176.0000000000
943 -175.0000000000
1038 -174.0000000000
1214 -173.0000000000
1250 -172.0000000000
1481 -171.0000000000
1620 -170.0000000000
1640 -168.0000000000
1779 -166.0000000000
1827 -165.0000000000
2035 -163.0000000000
2067 -161.0000000000
2250 -160.0000000000
2271 -159.0000000000
2288 -158.0000000000
2289 -156.0000000000
2578 -155.0000000000
2612 -153.0000000000
2702 -152.0000000000
2889 -151.0000000000
3017 -149.0000000000
3661 -147.0000000000
3992 -146.0000000000
4022 -145.0000000000
4027 -143.0000000000
4067 -142.0000000000
4651 -141.0000000000
4767 -140.0000000000
4778 -139.0000000000
5230 -138.0000000000
5304 -137.0000000000
5524 -136.0000000000
5661 -135.0000000000
5699 -134.0000000000
7243 -133.0000000000
7463 -132.0000000000
7594 -131.0000000000
8126 -130.0000000000
8658 -128.0000000000
8753 -126.0000000000
9879 -125.0000000000
9977 -124.0000000000
10000 -194.0000000000
evaluations raw_y
1 -227.0000000000
6 -225.0000000000
12 -224.0000000000
16 -222.0000000000
51 -220.0000000000
53 -219.0000000000
62 -218.0000000000
79 -217.0000000000
91 -216.0000000000
115 -215.0000000000
119 -214.0000000000
229 -213.0000000000
252 -212.0000000000
320 -211.0000000000
348 -210.0000000000
375 -209.0000000000
448 -208.0000000000
634 -206.0000000000
692 -205.0000000000
729 -201.0000000000
859 -200.0000000000
863 -199.0000000000
890 -198.0000000000
1148 -197.0000000000
1168 -196.0000000000
1237 -195.0000000000
1342 -194.0000000000
1394 -192.0000000000
1526 -191.0000000000
1563 -190.0000000000
1640 -189.0000000000
1918 -188.0000000000
1968 -187.0000000000
2037 -186.0000000000
2048 -185.0000000000
2193 -184.0000000000
2195 -183.0000000000
2197 -182.0000000000
2240 -181.0000000000
2703 -180.0000000000
2817 -179.0000000000
2907 -178.0000000000
3037 -177.0000000000
3071 -176.0000000000
3317 -175.0000000000
3497 -173.0000000000
4062 -172.0000000000
4553 -170.0000000000
4688 -169.0000000000
4766 -167.0000000000
4793 -166.0000000000
5091 -165.0000000000
5154 -164.0000000000
5293 -162.0000000000
5399 -161.0000000000
5821 -160.0000000000
6130 -158.0000000000
6157 -156.0000000000
6250 -155.0000000000
6882 -154.0000000000
6886 -153.0000000000
7363 -152.0000000000
7474 -150.0000000000
7579 -149.0000000000
7751 -148.0000000000
8741 -146.0000000000
9148 -145.0000000000
9534 -143.0000000000
9676 -142.0000000000
9985 -141.0000000000
10000 -171.0000000000
evaluations raw_y
1 -227.0000000000
2 -225.0000000000
3 -224.0000000000
9 -223.0000000000
20 -222.0000000000
28 -221.0000000000
66 -220.0000000000
67 -219.0000000000
96 -217.0000000000
118 -216.0000000000
162 -215.0000000000
189 -214.0000000000
205 -213.0000000000
268 -212.0000000000
281 -211.0000000000
298 -210.0000000000
450 -209.0000000000
465 -208.0000000000
470 -207.0000000000
471 -205.0000000000
515 -204.0000000000
555 -203.0000000000
682 -202.0000000000
715 -201.0000000000
844 -200.0000000000
983 -199.0000000000
1075 -197.0000000000
1086 -195.0000000000
1135 -194.0000000000
1167 -193.0000000000
1253 -192.0000000000
1515 -191.0000000000
1522 -190.0000000000
1656 -189.0000000000
1897 -187.0000000000
1970 -186.0000000000
2096 -185.0000000000
2706 -184.0000000000
3029 -183.0000000000
3115 -182.0000000000
3366 -181.0000000000
3423 -180.0000000000
3651 -179.0000000000
3676 -177.0000000000
4096 -175.0000000000
4384 -174.0000000000
4465 -173.0000000000
4506 -172.0000000000
4531 -171.0000000000
4796 -170.0000000000
4799 -169.0000000000
4807 -168.0000000000
5070 -166.0000000000
5385 -164.0000000000
5457 -163.0000000000
5470 -162.0000000000
5817 -161.0000000000
5906 -160.0000000000
6582 -159.0000000000
6604 -158.0000000000
6787 -157.0000000000
7118 -156.0000000000
7202 -155.0000000000
7379 -154.0000000000
7498 -152.0000000000
7635 -151.0000000000
7717 -150.0000000000
7753 -149.0000000000
9113 -148.0000000000
9218 -146.0000000000
9259 -143.0000000000
9523 -142.0000000000
9628 -141.0000000000
9842 -140.0000000000
9844 -139.0000000000
10000 -226.0000000000
evaluations raw_y
1 -220.0000000000
5 -218.0000000000
11 -217.0000000000
28 -216.0000000000
29 -215.0000000000
50 -214.0000000000
58 -213.0000000000
78 -212.0000000000
98 -209.0000000000
121 -208.0000000000
134 -206.0000000000
152 -205.0000000000
175 -204.0000000000
200 -203.0000000000
240 -202.0000000000
330 -201.0000000000
338 -200.0000000000
344 -199.0000000000
380 -198.0000000000
423 -197.0000000000
526 -196.0000000000
648 -193.0000000000
676 -192.0000000000
767 -191.0000000000
804 -190.0000000000
974 -189.0000000000
1155 -188.0000000000
1158 -187.0000000000
1246 -186.0000000000
1256 -185.0000000000
1369 -184.0000000000
1767 -183.0000000000
1954 -182.0000000000
1995 -181.0000000000
2101 -179.0000000000
2175 -178.0000000000
2341 -177.0000000000
2621 -176.0000000000
2628 -175.0000000000
2661 -174.0000000000
2699 -173.0000000000
2765 -172.0000000000
2824 -171.0000000000
3089 -169.0000000000
3291 -168.0000000000
4295 -167.0000000000
4776 -166.0000000000
4778 -165.0000000000
5092 -164.0000000000
5109 -163.0000000000
5137 -161.0000000000
5150 -160.0000000000
5174 -159.0000000000
5315 -158.0000000000
5504 -157.0000000000
5912 -156.0000000000
6267 -155.0000000000
7018 -154.0000000000
7680 -153.0000000000
8287 -151.0000000000
8459 -149.0000000000
8618 -147.0000000000
9226 -145.0000000000
9806 -144.0000000000
10000 -179.0000000000
