evaluations raw_y
1 -195.0000000000
6 -194.0000000000
13 -192.0000000000
15 -191.0000000000
27 -190.0000000000
33 -189.0000000000
51 -187.0000000000
53 -186.0000000000
139 -185.0000000000
144 -184.0000000000
150 -182.0000000000
163 -181.0000000000
170 -180.0000000000
205 -179.0000000000
224 -178.0000000000
235 -177.0000000000
246 -176.0000000000
254 -175.0000000000
440 -174.0000000000
446 -172.0000000000
582 -171.0000000000
596 -170.0000000000
608 -169.0000000000
811 -168.0000000000
826 -167.0000000000
943 -166.0000000000
1073 -165.0000000000
1311 -162.0000000000
1406 -161.0000000000
1998 -160.0000000000
2222 -159.0000000000
2240 -158.0000000000
2317 -157.0000000000
2346 -155.0000000000
2830 -154.0000000000
3272 -153.0000000000
3320 -152.0000000000
3414 -151.0000000000
3491 -150.0000000000
3813 -149.0000000000
4185 -148.0000000000
4230 -146.0000000000
4249 -145.0000000000
4281 -144.0000000000
4286 -143.0000000000
4366 -142.0000000000
4952 -140.0000000000
5073 -139.0000000000
5493 -138.0000000000
5558 -137.0000000000
5591 -136.0000000000
5751 -135.0000000000
7056 -134.0000000000
7435 -133.0000000000
7747 -132.0000000000
8023 -131.0000000000
8771 -130.0000000000
8889 -129.0000000000
9486 -128.0000000000
10000 -161.0000000000
evaluations raw_y
1 -223.0000000000
3 -222.0000000000
18 -221.0000000000
20 -220.0000000000
22 -218.0000000000
41 -217.0000000000
49 -216.0000000000
58 -215.0000000000
64 -214.0000000000
69 -213.0000000000
148 -210.0000000000
149 -209.0000000000
241 -208.0000000000
344 -207.0000000000
411 -205.0000000000
510 -204.0000000000
602 -202.0000000000
681 -201.0000000000
685 -200.0000000000
712 -199.0000000000
716 -197.0000000000
723 -196.0000000000
740 -195.0000000000
863 -194.0000000000
930 -193.0000000000
952 -192.0000000000
1032 -190.0000000000
1098 -189.0000000000
1113 -188.0000000000
1209 -187.0000000000
1223 -186.0000000000
1236 -185.0000000000
1284 -184.0000000000
1530 -183.0000000000
2337 -182.0000000000
2341 -181.0000000000
2357 -179.0000000000
2445 -178.0000000000
2483 -177.0000000000
2488 -176.0000000000
2489 -175.0000000000
2506 -173.0000000000
2740 -172.0000000000
2922 -171.0000000000
3127 -169.0000000000
3519 -168.0000000000
3559 -166.0000000000
3710 -164.0000000000
4255 -163.0000000000
4273 -162.0000000000
4469 -161.0000000000
4503 -160.0000000000
4567 -159.0000000000
4662 -157.0000000000
5523 -156.0000000000
5562 -154.0000000000
5874 -153.0000000000
6134 -152.0000000000
6599 -151.0000000000
6869 -150.0000000000
7492 -149.0000000000
7568 -148.0000000000
7703 -147.0000000000
8359 -146.0000000000
8596 -145.0000000000
9018 -144.0000000000
9261 -143.0000000000
10000 -197.0000000000
evaluations raw_y
1 -196.0000000000
10 -194.0000000000
11 -192.0000000000
12 -191.0000000000
19 -190.0000000000
82 -188.0000000000
88 -187.0000000000
114 -185.0000000000
136 -184.0000000000
146 -182.0000000000
161 -181.0000000000
176 -180.0000000000
186 -179.0000000000
243 -178.0000000000
248 -177.0000000000
293 -176.0000000000
312 -175.0000000000
529 -174.0000000000
551 -173.0000000000
610 -172.0000000000
858 -171.0000000000
910 -170.0000000000
1140 -169.0000000000
1196 -168.0000000000
1290 -167.0000000000
1321 -166.0000000000
1545 -165.0000000000
1753 -164.0000000000
1899 -163.0000000000
2048 -162.0000000000
2419 -161.0000000000
2543 -160.0000000000
2668 -159.0000000000
2677 -157.0000000000
2718 -155.0000000000
2880 -154.0000000000
3075 -153.0000000000
3704 -152.0000000000
4013 -151.0000000000
4125 -150.0000000000
4669 -149.0000000000
4706 -148.0000000000
4920 -147.0000000000
5074 -146.0000000000
5100 -145.0000000000
5406 -144.0000000000
5439 -143.0000000000
5508 -142.0000000000
5707 -141.0000000000
6190 -140.0000000000
6694 -139.0000000000
7739 -138.0000000000
8033 -137.0000000000
9189 -136.0000000000
9414 -135.0000000000
9704 -134.0000000000
9725 -133.0000000000
10000 -182.0000000000
evaluations raw_y
1 -208.0000000000
4 -207.0000000000
8 -206.0000000000
37 -205.0000000000
48 -204.0000000000
107 -203.0000000000
152 -202.0000000000
178 -201.0000000000
196 -200.0000000000
238 -199.0000000000
251 -198.0000000000
296 -197.0000000000
317 -196.0000000000
358 -194.0000000000
413 -193.0000000000
457 -191.0000000000
503 -190.0000000000
504 -189.0000000000
511 -188.0000000000
757 -187.0000000000
760 -186.0000000000
782 -185.0000000000
797 -183.0000000000
924 -182.0000000000
1156 -181.0000000000
1236 -180.0000000000
1398 -179.0000000000
1420 -178.0000000000
1620 -177.0000000000
1707 -176.0000000000
1762 -175.0000000000
1817 -174.0000000000
1941 -173.0000000000
1956 -172.0000000000
2025 -171.0000000000
2301 -170.0000000000
2365 -169.0000000000
2685 -168.0000000000
2713 -166.0000000000
2746 -164.0000000000
2941 -163.0000000000
3256 -162.0000000000
3262 -161.0000000000
3340 -160.0000000000
3461 -159.0000000000
3488 -158.0000000000
3852 -157.0000000000
3875 -156.0000000000
3961 -155.0000000000
4234 -154.0000000000
4276 -153.0000000000
4967 -152.0000000000
5432 -151.0000000000
6014 -150.0000000000
6142 -149.0000000000
6994 -148.0000000000
7130 -146.0000000000
7426 -145.0000000000
7772 -142.0000000000
7808 -141.0000000000
7933 -140.0000000000
8145 -139.0000000000
8366 -138.0000000000
8552 -137.0000000000
8640 -133.0000000000
9045 -132.0000000000
10000 -177.0000000000
evaluations raw_y
1 -225.0000000000
3 -224.0000000000
8 -223.0000000000
18 -222.0000000000
27 -221.0000000000
33 -219.0000000000
68 -218.0000000000
104 -217.0000000000
110 -216.0000000000
130 -215.0000000000
231 -214.0000000000
264 -213.0000000000
292 -212.0000000000
316 -211.0000000000
342 -210.0000000000
442 -209.0000000000
577 -208.0000000000
657 -206.0000000000
699 -205.0000000000
741 -204.0000000000
760 -203.0000000000
798 -201.0000000000
960 -200.0000000000
1100 -198.0000000000
1157 -197.0000000000
1195 -196.0000000000
1439 -195.0000000000
1444 -194.0000000000
1837 -193.0000000000
1958 -192.0000000000
2021 -191.0000000000
2138 -190.0000000000
2403 -189.0000000000
2495 -188.0000000000
2516 -187.0000000000
2922 -186.0000000000
3003 -185.0000000000
3116 -184.0000000000
3324 -183.0000000000
3661 -180.0000000000
3760 -179.0000000000
4043 -177.0000000000
4390 -176.0000000000
4799 -174.0000000000
4883 -173.0000000000
4892 -171.0000000000
4914 -170.0000000000
4933 -169.0000000000
5028 -167.0000000000
5407 -165.0000000000
5701 -164.0000000000
5705 -163.0000000000
5957 -162.0000000000
6386 -161.0000000000
6549 -160.0000000000
6553 -159.0000000000
6792 -158.0000000000
6819 -157.0000000000
6931 -156.0000000000
7043 -155.0000000000
7087 -154.0000000000
7149 -153.0000000000
7193 -152.0000000000
7233 -151.0000000000
7286 -149.0000000000
7506 -148.0000000000
8064 -147.0000000000
8095 -146.0000000000
8203 -145.0000000000
9085 -144.0000000000
9152 -143.0000000000
9166 -142.0000000000
10000 -208.0000000000
evaluations raw_y
1 -189.0000000000
6 -188.0000000000
9 -187.0000000000
17 -186.0000000000
52 -185.0000000000
59 -184.0000000000
64 -183.0000000000
71 -182.0000000000
75 -181.0000000000
85 -179.0000000000
101 -178.0000000000
129 -176.0000000000
232 -175.0000000000
284 -174.0000000000
327 -172.0000000000
355 -170.0000000000
378 -169.0000000000
525 -168.0000000000
572 -167.0000000000
609 -165.0000000000
754 -164.0000000000
888 -161.0000000000
984 -160.0000000000
999 -159.0000000000
1088 -158.0000000000
1136 -156.0000000000
1457 -155.0000000000
1475 -154.0000000000
1500 -153.0000000000
1545 -151.0000000000
1550 -150.0000000000
1764 -149.0000000000
1890 -148.0000000000
1961 -147.0000000000
2098 -146.0000000000
2781 -145.0000000000
3070 -144.0000000000
3198 -143.0000000000
3383 -142.0000000000
3418 -141.0000000000
3437 -140.0000000000
3631 -139.0000000000
3719 -138.0000000000
3991 -137.0000000000
4196 -136.0000000000
4477 -135.0000000000
5439 -134.0000000000
5465 -132.0000000000
5563 -131.0000000000
5866 -130.0000000000
5895 -129.0000000000
6086 -128.0000000000
6397 -126.0000000000
6514 -125.0000000000
6712 -124.0000000000
6868 -123.0000000000
7362 -122.0000000000
7725 -121.0000000000
8594 -120.0000000000
8731 -119.0000000000
8901 -118.0000000000
10000 -122.0000000000
evaluations raw_y
1 -245.0000000000
7 -244.0000000000
15 -242.0000000000
41 -241.0000000000
46 -239.0000000000
47 -237.0000000000
50 -236.0000000000
59 -235.0000000000
79 -232.0000000000
90 -231.0000000000
219 -229.0000000000
258 -227.0000000000
310 -226.0000000000
362 -225.0000000000
458 -224.0000000000
647 -223.0000000000
656 -222.0000000000
674 -221.0000000000
693 -219.0000000000
762 -218.0000000000
904 -217.0000000000
992 -215.0000000000
1015 -214.0000000000
1081 -212.0000000000
1250 -210.0000000000
1429 -209.0000000000
1444 -207.0000000000
1577 -206.0000000000
1664 -204.0000000000
2109 -203.0000000000
2346 -202.0000000000
2359 -201.0000000000
2521 -200.0000000000
2556 -199.0000000000
2700 -197.0000000000
2815 -196.0000000000
2958 -195.0000000000
2966 -194.0000000000
3063 -193.0000000000
3283 -192.0000000000
3373 -191.0000000000
3571 -190.0000000000
3584 -189.0000000000
3870 -188.0000000000
4015 -187.0000000000
4060 -186.0000000000
4062 -185.0000000000
4147 -183.0000000000
4191 -182.0000000000
4235 -181.0000000000
4269 -180.0000000000
4486 -179.0000000000
4689 -178.0000000000
5230 -177.0000000000
5501 -175.0000000000
5644 -174.0000000000
5937 -173.0000000000
5986 -172.0000000000
6543 -170.0000000000
6839 -169.0000000000
7157 -168.0000000000
7531 -167.0000000000
7987 -166.0000000000
8255 -165.0000000000
8306 -164.0000000000
8421 -163.0000000000
8627 -162.0000000000
9699 -161.0000000000
9812 -160.0000000000
10000 -197.0000000000
evaluations raw_y
1 -189.0000000000
3 -188.0000000000
4 -186.0000000000
18 -185.0000000000
32 -184.0000000000
57 -183.0000000000
62 -182.0000000000
119 -180.0000000000
120 -179.0000000000
146 -178.0000000000
157 -177.0000000000
173 -176.0000000000
223 -174.0000000000
259 -173.0000000000
351 -172.0000000000
374 -171.0000000000
440 -170.0000000000
749 -169.0000000000
799 -168.0000000000
805 -167.0000000000
856 -166.0000000000
917 -165.0000000000
923 -163.0000000000
1319 -162.0000000000
1343 -161.0000000000
1385 -160.0000000000
1398 -158.0000000000
1472 -157.0000000000
1495 -156.0000000000
1503 -155.0000000000
1587 -153.0000000000
1596 -151.0000000000
1626 -149.0000000000
1739 -148.0000000000
1808 -146.0000000000
1845 -145.0000000000
1890 -144.0000000000
2218 -142.0000000000
2244 -141.0000000000
2578 -139.0000000000
2580 -138.0000000000
2594 -137.0000000000
2892 -136.0000000000
3071 -135.0000000000
3450 -134.0000000000
3606 -133.0000000000
3939 -132.0000000000
4068 -131.0000000000
4186 -130.0000000000
4269 -129.0000000000
4341 -128.0000000000
4436 -127.0000000000
4519 -126.0000000000
4838 -125.0000000000
4906 -124.0000000000
5036 -123.0000000000
5047 -122.0000000000
5133 -121.0000000000
5215 -120.0000000000
5587 -118.0000000000
6328 -116.0000000000
6503 -114.0000000000
7015 -113.0000000000
7030 -111.0000000000
7243 -110.0000000000
7690 -109.0000000000
8087 -108.0000000000
8178 -107.0000000000
8640 -106.0000000000
9442 -105.0000000000
9714 -104.0000000000
10000 -119.0000000000
evaluations raw_y
1 -202.0000000000
5 -201.0000000000
8 -200.0000000000
22 -199.0000000000
23 -197.0000000000
36 -196.0000000000
37 -194.0000000000
47 -193.0000000000
147 -192.0000000000
170 -191.0000000000
193 -190.0000000000
240 -189.0000000000
276 -188.0000000000
344 -187.0000000000
353 -186.0000000000
419 -185.0000000000
451 -184.0000000000
458 -182.0000000000
477 -181.0000000000
489 -180.0000000000
684 -179.0000000000
802 -178.0000000000
850 -177.0000000000
854 -176.0000000000
1002 -175.0000000000
1027 -174.0000000000
1031 -173.0000000000
1066 -172.0000000000
1437 -171.0000000000
1543 -169.0000000000
1638 -168.0000000000
1787 -167.0000000000
1897 -165.0000000000
2838 -164.0000000000
2991 -163.0000000000
3444 -162.0000000000
3566 -161.0000000000
4323 -160.0000000000
4325 -159.0000000000
4593 -158.0000000000
4998 -157.0000000000
5138 -156.0000000000
5189 -154.0000000000
5304 -153.0000000000
5920 -152.0000000000
5932 -151.0000000000
6235 -150.0000000000
6358 -149.0000000000
6609 -148.0000000000
6643 -147.0000000000
7021 -146.0000000000
7743 -144.0000000000
8054 -143.0000000000
8592 -142.0000000000
8637 -141.0000000000
8852 -140.0000000000
9336 -139.0000000000
9405 -138.0000000000
10000 -149.0000000000
evaluations raw_y
1 -198.0000000000
4 -197.0000000000
31 -196.0000000000
38 -194.0000000000
46 -193.0000000000
54 -192.0000000000
77 -191.0000000000
107 -190.0000000000
137 -189.0000000000
149 -188.0000000000
159 -187.0000000000
210 -186.0000000000
302 -184.0000000000
412 -183.0000000000
470 -181.0000000000
489 -180.0000000000
511 -179.0000000000
528 -178.0000000000
547 -176.0000000000
567 -175.0000000000
579 -174.0000000000
649 -173.0000000000
766 -172.0000000000
859 -171.0000000000
955 -170.0000000000
1096 -169.0000000000
1590 -168.0000000000
1741 -167.0000000000
1859 -165.0000000000
1906 -163.0000000000
2123 -162.0000000000
2181 -161.0000000000
2266 -160.0000000000
2749 -158.0000000000
2915 -157.0000000000
2922 -156.0000000000
2979 -155.0000000000
3069 -154.0000000000
3695 -153.0000000000
3733 -151.0000000000
3788 -150.0000000000
3828 -148.0000000000
3947 -147.0000000000
4033 -146.0000000000
4170 -145.0000000000
4198 -144.0000000000
4391 -143.0000000000
4616 -142.0000000000
4641 -141.0000000000
4670 -140.0000000000
5682 -139.0000000000
5810 -138.0000000000
5904 -137.0000000000
6686 -136.0000000000
6780 -134.0000000000
7543 -133.0000000000
7754 -132.0000000000
7773 -130.0000000000
8754 -128.0000000000
10000 -163.0000000000
evaluations raw_y
1 -207.0000000000
6 -206.0000000000
15 -205.0000000000
20 -204.0000000000
26 -203.0000000000
29 -202.0000000000
62 -201.0000000000
78 -200.0000000000
84 -199.0000000000
149 -196.0000000000
156 -195.0000000000
212 -194.0000000000
304 -193.0000000000
481 -192.0000000000
506 -191.0000000000
520 -190.0000000000
663 -188.0000000000
683 -186.0000000000
687 -185.0000000000
775 -184.0000000000
886 -183.0000000000
917 -182.0000000000
989 -180.0000000000
1091 -179.0000000000
1132 -178.0000000000
1145 -177.0000000000
1148 -176.0000000000
1212 -174.0000000000
1286 -173.0000000000
1407 -172.0000000000
1435 -171.0000000000
1480 -170.0000000000
1609 -169.0000000000
1697 -168.0000000000
1719 -167.0000000000
1813 -166.0000000000
1936 -165.0000000000
1969 -164.0000000000
2127 -162.0000000000
2241 -161.0000000000
2761 -160.0000000000
2763 -159.0000000000
3053 -158.0000000000
3152 -157.0000000000
3220 -155.0000000000
3257 -154.0000000000
3507 -153.0000000000
3614 -152.0000000000
3726 -151.0000000000
3729 -150.0000000000
4055 -149.0000000000
4408 -148.0000000000
4821 -147.0000000000
4960 -146.0000000000
4984 -145.0000000000
5413 -144.0000000000
5655 -142.0000000000
6000 -141.0000000000
6535 -140.0000000000
6543 -139.0000000000
7079 -138.0000000000
7435 -137.0000000000
7483 -136.0000000000
8831 -135.0000000000
8991 -134.0000000000
9321 -133.0000000000
9332 -130.0000000000
9935 -128.0000000000
10000 -174.0000000000
evaluations raw_y
1 -221.0000000000
3 -220.0000000000
12 -219.0000000000
17 -218.0000000000
30 -217.0000000000
38 -216.0000000000
49 -215.0000000000
59 -214.0000000000
68 -212.0000000000
102 -211.0000000000
105 -209.0000000000
126 -208.0000000000
128 -207.0000000000
133 -206.0000000000
162 -205.0000000000
169 -203.0000000000
173 -201.0000000000
221 -200.0000000000
402 -199.0000000000
430 -198.0000000000
449 -197.0000000000
545 -196.0000000000
590 -194.0000000000
639 -193.0000000000
735 -192.0000000000
837 -190.0000000000
1018 -188.0000000000
1187 -186.0000000000
1882 -185.0000000000
1920 -184.0000000000
1967 -183.0000000000
2098 -182.0000000000
2265 -181.0000000000
2617 -180.0000000000
2622 -179.0000000000
3213 -177.0000000000
3246 -176.0000000000
3305 -175.0000000000
3389 -174.0000000000
3440 -173.0000000000
3657 -172.0000000000
3711 -171.0000000000
3776 -170.0000000000
3983 -169.0000000000
4109 -168.0000000000
4364 -167.0000000000
4679 -166.0000000000
4738 -165.0000000000
4858 -164.0000000000
4941 -163.0000000000
5053 -162.0000000000
5074 -161.0000000000
5206 -158.0000000000
5221 -157.0000000000
5318 -156.0000000000
5428 -155.0000000000
5772 -154.0000000000
5848 -153.0000000000
5935 -152.0000000000
5947 -151.0000000000
6172 -149.0000000000
6973 -148.0000000000
7163 -147.0000000000
7211 -146.0000000000
7270 -145.0000000000
7716 -144.0000000000
7742 -143.0000000000
8388 -142.0000000000
8486 -141.0000000000
8665 -140.0000000000
8900 -139.0000000000
9348 -138.0000000000
9502 -137.0000000000
10000 -144.0000000000
evaluations raw_y
1 -211.0000000000
4 -209.0000000000
11 -208.0000000000
12 -207.0000000000
22 -206.0000000000
80 -205.0000000000
106 -203.0000000000
108 -202.0000000000
152 -200.0000000000
255 -199.0000000000
265 -198.0000000000
391 -195.0000000000
408 -194.0000000000
440 -193.0000000000
548 -192.0000000000
601 -191.0000000000
713 -190.0000000000
721 -188.0000000000
778 -187.0000000000
866 -186.0000000000
869 -185.0000000000
971 -184.0000000000
993 -182.0000000000
1035 -180.0000000000
1221 -178.0000000000
1614 -177.0000000000
1618 -176.0000000000
1642 -175.0000000000
1677 -174.0000000000
1686 -172.0000000000
1810 -171.0000000000
1837 -170.0000000000
2138 -168.0000000000
2351 -167.0000000000
2558 -166.0000000000
2954 -165.0000000000
3176 -164.0000000000
3469 -163.0000000000
3663 -162.0000000000
3847 -161.0000000000
3901 -160.0000000000
3991 -159.0000000000
4332 -158.0000000000
4362 -157.0000000000
4484 -156.0000000000
5058 -155.0000000000
5118 -154.0000000000
5297 -153.0000000000
5896 -152.0000000000
6231 -151.0000000000
6271 -150.0000000000
6609 -149.0000000000
6623 -148.0000000000
7173 -147.0000000000
7203 -146.0000000000
7259 -145.0000000000
7629 -144.0000000000
7654 -143.0000000000
7719 -142.0000000000
7813 -141.0000000000
7858 -140.0000000000
8094 -139.0000000000
8261 -138.0000000000
9082 -137.0000000000
9451 -136.0000000000
9601 -135.0000000000
9630 -134.0000000000
10000 -186.0000000000
evaluations raw_y
1 -224.0000000000
6 -223.0000000000
9 -222.0000000000
31 -221.0000000000
36 -220.0000000000
49 -219.0000000000
83 -218.0000000000
120 -217.0000000000
143 -216.0000000000
214 -214.0000000000
217 -213.0000000000
240 -212.0000000000
265 -211.0000000000
296 -210.0000000000
406 -209.0000000000
431 -207.0000000000
463 -206.0000000000
478 -205.0000000000
591 -204.0000000000
969 -202.0000000000
1111 -201.0000000000
1183 -197.0000000000
1225 -196.0000000000
1269 -195.0000000000
1315 -194.0000000000
1449 -192.0000000000
1547 -191.0000000000
1585 -189.0000000000
1929 -188.0000000000
1951 -186.0000000000
2514 -185.0000000000
2657 -184.0000000000
2916 -183.0000000000
3322 -182.0000000000
3502 -181.0000000000
3623 -179.0000000000
4167 -178.0000000000
4303 -177.0000000000
4350 -176.0000000000
4502 -175.0000000000
4526 -174.0000000000
4663 -173.0000000000
4709 -172.0000000000
4780 -171.0000000000
4884 -170.0000000000
5232 -169.0000000000
5372 -167.0000000000
5934 -166.0000000000
6089 -165.0000000000
6119 -164.0000000000
6160 -163.0000000000
6214 -162.0000000000
6265 -161.0000000000
6286 -159.0000000000
6771 -158.0000000000
6968 -155.0000000000
7068 -154.0000000000
7159 -153.0000000000
7237 -152.0000000000
7429 -151.0000000000
7700 -150.0000000000
7933 -149.0000000000
8247 -148.0000000000
8504 -147.0000000000
8515 -146.0000000000
9122 -145.0000000000
9426 -144.0000000000
10000 -144.0000000000
evaluations raw_y
1 -223.0000000000
2 -222.0000000000
8 -219.0000000000
16 -218.0000000000
27 -217.0000000000
31 -216.0000000000
89 -215.0000000000
105 -214.0000000000
123 -213.0000000000
180 -212.0000000000
211 -211.0000000000
226 -210.0000000000
249 -209.0000000000
295 -208.0000000000
305 -207.0000000000
312 -206.0000000000
377 -205.0000000000
449 -203.0000000000
494 -202.0000000000
527 -201.0000000000
648 -200.0000000000
663 -199.0000000000
718 -198.0000000000
847 -197.0000000000
925 -196.0000000000
929 -195.0000000000
937 -193.0000000000
957 -191.0000000000
1010 -190.0000000000
1051 -189.0000000000
1055 -188.0000000000
1064 -187.0000000000
1108 -186.0000000000
1207 -185.0000000000
1287 -183.0000000000
1620 -182.0000000000
1806 -181.0000000000
1961 -179.0000000000
2119 -178.0000000000
2307 -177.0000000000
2309 -175.0000000000
2992 -174.0000000000
3119 -172.0000000000
3211 -171.0000000000
3749 -170.0000000000
3910 -169.0000000000
4075 -168.0000000000
4094 -167.0000000000
4270 -166.0000000000
4300 -165.0000000000
4356 -164.0000000000
4428 -163.0000000000
4476 -162.0000000000
4748 -161.0000000000
5074 -159.0000000000
5897 -158.0000000000
5970 -157.0000000000
6403 -156.0000000000
7206 -155.0000000000
7316 -154.0000000000
7318 -153.0000000000
7857 -151.0000000000
7888 -150.0000000000
8444 -149.0000000000
8647 -148.0000000000
8759 -147.0000000000
8832 -146.0000000000
8948 -144.0000000000
9356 -143.0000000000
10000 -187.0000000000
evaluations raw_y
1 -221.0000000000
9 -220.0000000000
12 -219.0000000000
21 -218.0000000000
28 -216.0000000000
29 -215.0000000000
30 -214.0000000000
40 -212.0000000000
92 -209.0000000000
154 -208.0000000000
263 -207.0000000000
289 -206.0000000000
297 -205.0000000000
312 -204.0000000000
352 -203.0000000000
368 -202.0000000000
410 -201.0000000000
589 -199.0000000000
724 -198.0000000000
800 -197.0000000000
817 -196.0000000000
850 -195.0000000000
953 -193.0000000000
965 -192.0000000000
981 -191.0000000000
1098 -190.0000000000
1125 -188.0000000000
1253 -187.0000000000
1256 -186.0000000000
1359 -185.0000000000
1441 -184.0000000000
1468 -183.0000000000
1628 -181.0000000000
1638 -180.0000000000
1639 -179.0000000000
1648 -177.0000000000
1697 -176.0000000000
1857 -175.0000000000
2273 -174.0000000000
2470 -172.0000000000
2782 -171.0000000000
2963 -170.0000000000
3406 -169.0000000000
3508 -168.0000000000
3631 -166.0000000000
3633 -165.0000000000
3870 -164.0000000000
3989 -163.0000000000
4028 -161.0000000000
4061 -160.0000000000
4074 -159.0000000000
4518 -158.0000000000
4826 -157.0000000000
5300 -156.0000000000
5404 -155.0000000000
7285 -154.0000000000
7975 -153.0000000000
8503 -152.0000000000
8516 -151.0000000000
8894 -150.0000000000
8922 -149.0000000000
9176 -148.0000000000
9395 -146.0000000000
9823 -144.0000000000
10000 -162.0000000000
evaluations raw_y
1 -214.0000000000
2 -213.0000000000
28 -212.0000000000
45 -211.0000000000
57 -210.0000000000
63 -209.0000000000
70 -208.0000000000
73 -207.0000000000
87 -206.0000000000
108 -205.0000000000
138 -203.0000000000
171 -202.0000000000
230 -201.0000000000
275 -200.0000000000
361 -198.0000000000
386 -197.0000000000
414 -196.0000000000
537 -195.0000000000
576 -193.0000000000
803 -192.0000000000
804 -191.0000000000
910 -189.0000000000
911 -187.0000000000
940 -186.0000000000
1195 -185.0000000000
1295 -182.0000000000
1508 -181.0000000000
1516 -180.0000000000
1590 -179.0000000000
1642 -178.0000000000
1692 -176.0000000000
2025 -175.0000000000
2208 -174.0000000000
2357 -173.0000000000
2680 -172.0000000000
2752 -171.0000000000
2957 -170.0000000000
3148 -169.0000000000
3387 -168.0000000000
3644 -166.0000000000
3945 -165.0000000000
4185 -164.0000000000
4331 -163.0000000000
4358 -162.0000000000
4469 -161.0000000000
4484 -160.0000000000
5080 -159.0000000000
5176 -158.0000000000
5245 -157.0000000000
5305 -156.0000000000
5314 -155.0000000000
5971 -154.0000000000
5989 -152.0000000000
6241 -151.0000000000
6320 -150.0000000000
6393 -149.0000000000
6440 -147.0000000000
6636 -146.0000000000
6785 -144.0000000000
8597 -143.0000000000
8666 -141.0000000000
9683 -140.0000000000
9795 -139.0000000000
9882 -138.0000000000
10000 -173.0000000000
evaluations raw_y
1 -226.0000000000
3 -225.0000000000
9 -224.0000000000
21 -223.0000000000
30 -220.0000000000
44 -219.0000000000
47 -218.0000000000
77 -216.0000000000
143 -214.0000000000
194 -213.0000000000
207 -211.0000000000
277 -210.0000000000
314 -209.0000000000
350 -208.0000000000
389 -207.0000000000
480 -206.0000000000
527 -205.0000000000
587 -204.0000000000
592 -203.0000000000
642 -202.0000000000
770 -201.0000000000
1110 -200.0000000000
1127 -199.0000000000
1381 -198.0000000000
1384 -197.0000000000
1411 -196.0000000000
1463 -195.0000000000
1519 -194.0000000000
1531 -193.0000000000
1573 -192.0000000000
1576 -191.0000000000
1589 -190.0000000000
1623 -189.0000000000
1756 -188.0000000000
1816 -187.0000000000
1916 -186.0000000000
1919 -185.0000000000
2112 -184.0000000000
2164 -183.0000000000
2216 -182.0000000000
2248 -181.0000000000
2426 -180.0000000000
2558 -179.0000000000
2763 -178.0000000000
2770 -176.0000000000
2952 -175.0000000000
3026 -174.0000000000
3203 -173.0000000000
3847 -171.0000000000
3856 -170.0000000000
4069 -169.0000000000
4088 -168.0000000000
4146 -167.0000000000
4521 -166.0000000000
4899 -164.0000000000
5182 -163.0000000000
5259 -162.0000000000
5278 -160.0000000000
5484 -157.0000000000
5575 -156.0000000000
5586 -153.0000000000
6004 -152.0000000000
6239 -151.0000000000
6616 -150.0000000000
7132 -149.0000000000
7210 -148.0000000000
7287 -147.0000000000
7390 -146.0000000000
8332 -145.0000000000
8905 -144.0000000000
9271 -143.0000000000
9333 -142.0000000000
9916 -141.0000000000
10000 -188.0000000000
evaluations raw_y
1 -220.0000000000
4 -219.0000000000
12 -218.0000000000
21 -217.0000000000
32 -216.0000000000
41 -215.0000000000
42 -214.0000000000
87 -213.0000000000
89 -212.0000000000
156 -211.0000000000
159 -210.0000000000
169 -209.0000000000
191 -208.0000000000
200 -206.0000000000
203 -205.0000000000
221 -204.0000000000
266 -203.0000000000
278 -202.0000000000
296 -201.0000000000
339 -200.0000000000
363 -198.0000000000
394 -197.0000000000
401 -196.0000000000
571 -195.0000000000
602 -194.0000000000
695 -193.0000000000
737 -192.0000000000
783 -191.0000000000
886 -190.0000000000
899 -189.0000000000
948 -188.0000000000
1054 -187.0000000000
1295 -186.0000000000
1310 -185.0000000000
1434 -184.0000000000
1488 -183.0000000000
1506 -182.0000000000
1622 -181.0000000000
1635 -180.0000000000
1989 -178.0000000000
2152 -177.0000000000
2166 -176.0000000000
2192 -175.0000000000
2204 -174.0000000000
2221 -173.0000000000
2529 -172.0000000000
3120 -171.0000000000
3337 -170.0000000000
3715 -168.0000000000
4343 -167.0000000000
4826 -166.0000000000
5108 -165.0000000000
5179 -164.0000000000
5639 -163.0000000000
5705 -161.0000000000
6017 -160.0000000000
6099 -159.0000000000
6476 -158.0000000000
6937 -157.0000000000
8841 -156.0000000000
8874 -154.0000000000
8939 -153.0000000000
9553 -152.0000000000
9951 -151.0000000000
10000 -214.0000000000
evaluations raw_y
1 -210.0000000000
2 -208.0000000000
3 -207.0000000000
4 -206.0000000000
9 -204.0000000000
22 -203.0000000000
34 -202.0000000000
35 -199.0000000000
43 -198.0000000000
69 -197.0000000000
109 -196.0000000000
121 -194.0000000000
157 -193.0000000000
224 -191.0000000000
281 -189.0000000000
308 -188.0000000000
390 -187.0000000000
401 -186.0000000000
403 -185.0000000000
592 -184.0000000000
701 -183.0000000000
777 -182.0000000000
839 -181.0000000000
959 -180.0000000000
1009 -179.0000000000
1219 -178.0000000000
1389 -175.0000000000
1401 -174.0000000000
1418 -173.0000000000
1507 -172.0000000000
1637 -170.0000000000
1843 -169.0000000000
1875 -168.0000000000
1933 -167.0000000000
2353 -166.0000000000
3180 -165.0000000000
3411 -164.0000000000
3524 -162.0000000000
3742 -161.0000000000
3916 -160.0000000000
4250 -159.0000000000
4258 -158.0000000000
4398 -157.0000000000
4755 -156.0000000000
4950 -155.0000000000
5183 -154.0000000000
5282 -153.0000000000
5680 -152.0000000000
5977 -151.0000000000
6072 -149.0000000000
6140 -148.0000000000
6717 -147.0000000000
6862 -145.0000000000
7095 -143.0000000000
7409 -142.0000000000
7425 -141.0000000000
7508 -139.0000000000
7787 -138.0000000000
7802 -136.0000000000
7860 -135.0000000000
7935 -133.0000000000
8104 -132.0000000000
8131 -131.0000000000
8204 -128.0000000000
8565 -127.0000000000
8602 -126.0000000000
8674 -125.0000000000
8822 -124.0000000000
9019 -123.0000000000
9950 -122.0000000000
10000 -186.0000000000
evaluations raw_y
1 -226.0000000000
18 -225.0000000000
28 -224.0000000000
59 -222.0000000000
104 -221.0000000000
128 -220.0000000000
130 -218.0000000000
154 -217.0000000000
192 -216.0000000000
237 -215.0000000000
270 -214.0000000000
319 -213.0000000000
329 -212.0000000000
356 -210.0000000000
368 -207.0000000000
504 -205.0000000000
581 -204.0000000000
614 -203.0000000000
663 -201.0000000000
737 -200.0000000000
814 -199.0000000000
964 -196.0000000000
1376 -195.0000000000
1403 -194.0000000000
1449 -192.0000000000
1529 -191.0000000000
1605 -190.0000000000
1716 -187.0000000000
2337 -185.0000000000
2888 -184.0000000000
3035 -183.0000000000
3388 -182.0000000000
3404 -181.0000000000
3664 -179.0000000000
3674 -177.0000000000
3793 -176.0000000000
3800 -172.0000000000
3805 -171.0000000000
3870 -170.0000000000
4002 -169.0000000000
4229 -167.0000000000
4259 -166.0000000000
4405 -165.0000000000
4424 -163.0000000000
4545 -162.0000000000
5000 -161.0000000000
5031 -160.0000000000
5536 -159.0000000000
5754 -157.0000000000
6640 -155.0000000000
6782 -154.0000000000
6834 -151.0000000000
6927 -150.0000000000
7239 -149.0000000000
7242 -148.0000000000
7473 -147.0000000000
7697 -146.0000000000
7743 -145.0000000000
7803 -144.0000000000
7873 -142.0000000000
8235 -140.0000000000
8287 -139.0000000000
8834 -138.0000000000
9372 -137.0000000000
9652 -136.0000000000
9902 -135.0000000000
10000 -186.0000000000
evaluations raw_y
1 -216.0000000000
4 -215.0000000000
6 -214.0000000000
29 -213.0000000000
31 -211.0000000000
52 -210.0000000000
65 -209.0000000000
125 -208.0000000000
126 -207.0000000000
130 -206.0000000000
142 -205.0000000000
155 -203.0000000000
202 -202.0000000000
205 -201.0000000000
206 -200.0000000000
212 -199.0000000000
252 -198.0000000000
258 -196.0000000000
262 -195.0000000000
292 -193.0000000000
596 -192.0000000000
845 -190.0000000000
917 -188.0000000000
1084 -187.0000000000
1088 -186.0000000000
1290 -184.0000000000
1326 -183.0000000000
1369 -181.0000000000
1398 -180.0000000000
1500 -179.0000000000
1828 -177.0000000000
1976 -176.0000000000
1997 -175.0000000000
2049 -174.0000000000
2150 -173.0000000000
2199 -171.0000000000
2402 -170.0000000000
2579 -169.0000000000
2788 -168.0000000000
2895 -167.0000000000
2994 -165.0000000000
3490 -164.0000000000
3538 -163.0000000000
3716 -162.0000000000
3759 -161.0000000000
4086 -159.0000000000
4151 -158.0000000000
4187 -156.0000000000
4785 -155.0000000000
4848 -153.0000000000
5896 -152.0000000000
5931 -151.0000000000
6024 -150.0000000000
6041 -149.0000000000
6161 -148.0000000000
6259 -146.0000000000
6385 -145.0000000000
6688 -144.0000000000
7004 -143.0000000000
7253 -141.0000000000
7268 -140.0000000000
7280 -139.0000000000
7702 -137.0000000000
8604 -136.0000000000
8611 -135.0000000000
8713 -134.0000000000
10000 -215.0000000000
evaluations raw_y
1 -218.0000000000
4 -216.0000000000
33 -215.0000000000
38 -214.0000000000
46 -213.0000000000
48 -212.0000000000
56 -211.0000000000
65 -210.0000000000
78 -207.0000000000
102 -205.0000000000
109 -204.0000000000
229 -203.0000000000
268 -202.0000000000
319 -201.0000000000
404 -200.0000000000
406 -199.0000000000
432 -198.0000000000
439 -197.0000000000
442 -196.0000000000
461 -194.0000000000
751 -193.0000000000
776 -192.0000000000
888 -191.0000000000
950 -190.0000000000
1048 -189.0000000000
1100 -188.0000000000
1169 -186.0000000000
1208 -185.0000000000
1647 -184.0000000000
1681 -183.0000000000
1686 -182.0000000000
1986 -181.0000000000
2021 -180.0000000000
2270 -179.0000000000
2621 -178.0000000000
2726 -177.0000000000
2838 -175.0000000000
3001 -174.0000000000
3078 -173.0000000000
3170 -172.0000000000
3224 -171.0000000000
3413 -170.0000000000
3520 -169.0000000000
3668 -168.0000000000
3701 -166.0000000000
3819 -165.0000000000
3991 -164.0000000000
4117 -163.0000000000
4202 -162.0000000000
4257 -161.0000000000
4532 -160.0000000000
5070 -159.0000000000
5999 -158.0000000000
6043 -157.0000000000
6046 -155.0000000000
6144 -152.0000000000
6264 -151.0000000000
6429 -150.0000000000
6465 -149.0000000000
6737 -148.0000000000
7036 -147.0000000000
7491 -146.0000000000
8144 -145.0000000000
8234 -144.0000000000
8718 -143.0000000000
8978 -142.0000000000
9522 -141.0000000000
10000 -141.0000000000
evaluations raw_y
1 -200.0000000000
4 -199.0000000000
8 -198.0000000000
10 -196.0000000000
33 -195.0000000000
36 -194.0000000000
61 -193.0000000000
82 -192.0000000000
98 -191.0000000000
137 -190.0000000000
161 -189.0000000000
190 -188.0000000000
275 -187.0000000000
303 -186.0000000000
330 -185.0000000000
368 -184.0000000000
377 -183.0000000000
381 -181.0000000000
422 -180.0000000000
551 -179.0000000000
564 -178.0000000000
568 -177.0000000000
597 -176.0000000000
715 -175.0000000000
951 -174.0000000000
1002 -173.0000000000
1264 -172.0000000000
1268 -171.0000000000
1423 -170.0000000000
1563 -169.0000000000
1644 -168.0000000000
2037 -167.0000000000
2229 -166.0000000000
2302 -165.0000000000
2461 -163.0000000000
2536 -162.0000000000
2576 -161.0000000000
2614 -160.0000000000
2794 -159.0000000000
2819 -158.0000000000
3888 -156.0000000000
4027 -155.0000000000
4071 -153.0000000000
4167 -152.0000000000
4175 -151.0000000000
5192 -150.0000000000
5241 -149.0000000000
5332 -148.0000000000
5463 -147.0000000000
5479 -146.0000000000
5535 -145.0000000000
5699 -144.0000000000
5950 -142.0000000000
7136 -141.0000000000
7252 -140.0000000000
7427 -139.0000000000
7553 -138.0000000000
7667 -137.0000000000
8064 -136.0000000000
8176 -135.0000000000
8233 -134.0000000000
8602 -133.0000000000
8931 -131.0000000000
9039 -130.0000000000
9669 -129.0000000000
9887 -128.0000000000
9963 -126.0000000000
10000 -183.0000000000
evaluations raw_y
1 -202.0000000000
2 -199.0000000000
22 -197.0000000000
35 -196.0000000000
56 -195.0000000000
82 -194.0000000000
84 -193.0000000000
87 -188.0000000000
92 -187.0000000000
201 -186.0000000000
206 -184.0000000000
274 -183.0000000000
291 -182.0000000000
341 -179.0000000000
345 -177.0000000000
364 -176.0000000000
384 -173.0000000000
389 -172.0000000000
583 -169.0000000000
669 -168.0000000000
718 -166.0000000000
888 -165.0000000000
907 -164.0000000000
935 -163.0000000000
1027 -162.0000000000
1385 -160.0000000000
1422 -159.0000000000
1515 -158.0000000000
1689 -157.0000000000
1738 -156.0000000000
1958 -155.0000000000
2018 -154.0000000000
2492 -153.0000000000
2693 -152.0000000000
2797 -150.0000000000
2957 -149.0000000000
3088 -148.0000000000
3259 -146.0000000000
3275 -145.0000000000
3295 -144.0000000000
3297 -143.0000000000
3326 -142.0000000000
3369 -141.0000000000
3435 -140.0000000000
3632 -138.0000000000
4016 -137.0000000000
4564 -136.0000000000
4791 -135.0000000000
5020 -134.0000000000
5501 -133.0000000000
5578 -132.0000000000
5606 -131.0000000000
5978 -130.0000000000
6429 -129.0000000000
6534 -128.0000000000
6801 -127.0000000000
7139 -126.0000000000
7545 -125.0000000000
8467 -124.0000000000
8472 -123.0000000000
8567 -122.0000000000
9331 -121.0000000000
9337 -120.0000000000
9530 -118.0000000000
9814 -117.0000000000
9900 -116.0000000000
10000 -152.0000000000
evaluations raw_y
1 -218.0000000000
4 -217.0000000000
7 -215.0000000000
14 -214.0000000000
32 -213.0000000000
53 -211.0000000000
106 -210.0000000000
110 -208.0000000000
121 -207.0000000000
123 -206.0000000000
136 -205.0000000000
249 -204.0000000000
290 -203.0000000000
359 -202.0000000000
386 -201.0000000000
396 -199.0000000000
425 -198.0000000000
444 -197.0000000000
448 -195.0000000000
563 -194.0000000000
610 -193.0000000000
671 -192.0000000000
680 -191.0000000000
709 -190.0000000000
854 -189.0000000000
1039 -188.0000000000
1104 -187.0000000000
1188 -186.0000000000
1199 -185.0000000000
1278 -184.0000000000
1399 -183.0000000000
1519 -182.0000000000
1611 -180.0000000000
1780 -179.0000000000
1803 -177.0000000000
1829 -176.0000000000
2088 -175.0000000000
2827 -174.0000000000
3044 -173.0000000000
3072 -172.0000000000
3505 -171.0000000000
3633 -170.0000000000
3715 -169.0000000000
3777 -168.0000000000
3827 -166.0000000000
4222 -165.0000000000
4618 -164.0000000000
4991 -163.0000000000
5102 -162.0000000000
5425 -161.0000000000
5653 -160.0000000000
5830 -159.0000000000
6049 -157.0000000000
6147 -156.0000000000
6194 -155.0000000000
6199 -154.0000000000
6381 -153.0000000000
6627 -152.0000000000
7079 -151.0000000000
7128 -150.0000000000
7216 -149.0000000000
7279 -148.0000000000
7454 -147.0000000000
7460 -146.0000000000
8594 -145.0000000000
8599 -144.0000000000
8986 -143.0000000000
9266 -142.0000000000
10000 -214.0000000000
evaluations raw_y
1 -212.0000000000
5 -211.0000000000
14 -210.0000000000
17 -209.0000000000
28 -207.0000000000
42 -206.0000000000
59 -205.0000000000
72 -204.0000000000
162 -202.0000000000
183 -201.0000000000
217 -200.0000000000
223 -199.0000000000
238 -198.0000000000
240 -197.0000000000
268 -196.0000000000
273 -195.0000000000
369 -194.0000000000
564 -193.0000000000
633 -191.0000000000
1075 -189.0000000000
1183 -188.0000000000
1377 -187.0000000000
1454 -186.0000000000
1718 -185.0000000000
1729 -184.0000000000
1753 -182.0000000000
1786 -181.0000000000
1811 -180.0000000000
1835 -179.0000000000
2037 -178.0000000000
2049 -177.0000000000
2457 -176.0000000000
2709 -175.0000000000
2737 -174.0000000000
2800 -172.0000000000
2858 -171.0000000000
2862 -169.0000000000
3084 -168.0000000000
3337 -167.0000000000
3363 -166.0000000000
3399 -165.0000000000
3628 -164.0000000000
3843 -163.0000000000
4020 -162.0000000000
4317 -161.0000000000
4401 -160.0000000000
4452 -159.0000000000
4564 -158.0000000000
4700 -157.0000000000
4826 -156.0000000000
4860 -154.0000000000
5929 -152.0000000000
6782 -151.0000000000
6985 -149.0000000000
7284 -148.0000000000
7291 -147.0000000000
7324 -146.0000000000
7439 -145.0000000000
7809 -143.0000000000
8126 -142.0000000000
8259 -141.0000000000
9230 -140.0000000000
9862 -139.0000000000
9889 -138.0000000000
10000 -174.0000000000
evaluations raw_y
1 -204.0000000000
10 -203.0000000000
22 -202.0000000000
31 -201.0000000000
32 -200.0000000000
44 -199.0000000000
45 -197.0000000000
93 -196.0000000000
107 -195.0000000000
140 -193.0000000000
191 -192.0000000000
192 -190.0000000000
207 -189.0000000000
226 -188.0000000000
251 -187.0000000000
287 -186.0000000000
404 -185.0000000000
408 -184.0000000000
439 -183.0000000000
452 -182.0000000000
476 -181.0000000000
511 -179.0000000000
513 -177.0000000000
526 -176.0000000000
581 -175.0000000000
750 -174.0000000000
762 -173.0000000000
1030 -172.0000000000
1342 -171.0000000000
1983 -170.0000000000
2128 -168.0000000000
2182 -167.0000000000
2361 -165.0000000000
2427 -164.0000000000
2581 -163.0000000000
2852 -162.0000000000
3023 -161.0000000000
3121 -160.0000000000
3353 -159.0000000000
3474 -158.0000000000
3496 -157.0000000000
3690 -156.0000000000
3958 -155.0000000000
3992 -154.0000000000
4199 -153.0000000000
4382 -151.0000000000
4445 -150.0000000000
4480 -149.0000000000
4493 -148.0000000000
4729 -147.0000000000
5884 -146.0000000000
5940 -145.0000000000
5944 -143.0000000000
5979 -142.0000000000
6549 -141.0000000000
6653 -140.0000000000
6658 -139.0000000000
7130 -138.0000000000
7140 -137.0000000000
7224 -136.0000000000
7731 -134.0000000000
8114 -133.0000000000
8139 -132.0000000000
8307 -131.0000000000
8627 -130.0000000000
9795 -129.0000000000
10000 -163.0000000000
evaluations raw_y
1 -207.0000000000
2 -206.0000000000
11 -205.0000000000
12 -203.0000000000
23 -202.0000000000
36 -201.0000000000
62 -200.0000000000
79 -199.0000000000
132 -197.0000000000
151 -196.0000000000
162 -195.0000000000
179 -194.0000000000
195 -193.0000000000
255 -192.0000000000
290 -191.0000000000
301 -190.0000000000
312 -189.0000000000
454 -187.0000000000
480 -185.0000000000
543 -184.0000000000
552 -183.0000000000
572 -182.0000000000
577 -179.0000000000
617 -178.0000000000
622 -176.0000000000
693 -175.0000000000
814 -174.0000000000
820 -173.0000000000
844 -172.0000000000
858 -171.0000000000
1124 -170.0000000000
1142 -169.0000000000
1304 -168.0000000000
1481 -166.0000000000
1544 -165.0000000000
1565 -163.0000000000
1570 -161.0000000000
1709 -160.0000000000
1713 -159.0000000000
1737 -158.0000000000
1900 -156.0000000000
2201 -154.0000000000
2638 -153.0000000000
2951 -151.0000000000
3043 -149.0000000000
3228 -148.0000000000
3792 -147.0000000000
4356 -146.0000000000
4391 -145.0000000000
4393 -144.0000000000
4515 -143.0000000000
4572 -142.0000000000
4996 -141.0000000000
5048 -140.0000000000
5075 -139.0000000000
5443 -137.0000000000
5476 -136.0000000000
5506 -135.0000000000
5781 -134.0000000000
6028 -133.0000000000
6445 -132.0000000000
6761 -131.0000000000
7741 -130.0000000000
8717 -129.0000000000
8741 -127.0000000000
8822 -125.0000000000
9394 -124.0000000000
9941 -123.0000000000
10000 -153.0000000000
evaluations raw_y
1 -213.0000000000
3 -212.0000000000
17 -211.0000000000
24 -210.0000000000
27 -209.0000000000
28 -208.0000000000
56 -207.0000000000
75 -206.0000000000
76 -205.0000000000
96 -204.0000000000
155 -203.0000000000
159 -202.0000000000
235 -201.0000000000
279 -200.0000000000
370 -198.0000000000
394 -197.0000000000
466 -196.0000000000
530 -195.0000000000
564 -194.0000000000
629 -192.0000000000
692 -191.0000000000
801 -190.0000000000
864 -189.0000000000
922 -188.0000000000
1039 -187.0000000000
1052 -186.0000000000
1093 -185.0000000000
1207 -184.0000000000
1447 -183.0000000000
1699 -182.0000000000
2218 -181.0000000000
2332 -180.0000000000
2652 -179.0000000000
2892 -178.0000000000
2965 -177.0000000000
3172 -176.0000000000
3535 -175.0000000000
3900 -173.0000000000
4052 -172.0000000000
4149 -170.0000000000
4244 -169.0000000000
4260 -168.0000000000
4356 -167.0000000000
4621 -166.0000000000
4767 -164.0000000000
4896 -163.0000000000
4950 -162.0000000000
5207 -161.0000000000
5469 -160.0000000000
5494 -159.0000000000
5660 -158.0000000000
5805 -157.0000000000
5851 -155.0000000000
6294 -154.0000000000
6857 -153.0000000000
7030 -152.0000000000
7177 -151.0000000000
7269 -150.0000000000
7424 -149.0000000000
7600 -148.0000000000
8121 -147.0000000000
8227 -145.0000000000
8690 -144.0000000000
9127 -143.0000000000
9155 -142.0000000000
9232 -140.0000000000
9255 -138.0000000000
10000 -189.0000000000
