evaluations raw_y
1 -2161969.0000000005
8 -2160958.0000000005
12 -2158948.0000000005
21 -2158943.0000000005
34 -2158941.0000000005
47 -2157940.0000000005
60 -2157932.0000000005
61 -2155920.0000000005
85 -2154916.0000000005
100 -2152910.0000000005
113 -2151906.0000000005
137 -2151905.0000000005
138 -2150905.0000000005
143 -2149901.0000000005
152 -2149900.0000000005
180 -2148899.0000000005
181 -2146890.0000000005
333 -2145885.0000000005
336 -2144886.0000000005
361 -2144885.0000000005
416 -2143882.0000000005
469 -2143873.0000000005
535 -2143868.0000000005
569 -2141853.0000000005
788 -2139847.0000000005
822 -2139846.0000000005
926 -2139845.0000000005
947 -2138837.0000000005
994 -2136832.0000000005
1027 -2136830.0000000005
1062 -2135830.0000000005
1071 -2134825.0000000005
1087 -2134821.0000000005
1169 -2133816.0000000005
1216 -2133813.0000000005
1297 -2132806.0000000005
1342 -2132805.0000000005
1347 -2131799.0000000005
1399 -2130792.0000000005
1402 -2129789.0000000005
1508 -2129787.0000000005
1533 -2128785.0000000005
1542 -2128778.0000000005
1674 -2127774.0000000005
1685 -2127770.0000000005
1715 -2126768.0000000005
1797 -2125760.0000000005
1865 -2125759.0000000005
1896 -2125752.0000000005
1905 -2124746.0000000005
2072 -2124740.0000000005
2108 -2124739.0000000005
2115 -2123736.0000000005
2161 -2123734.0000000005
2223 -2122734.0000000005
2421 -2122731.0000000005
2433 -2122727.0000000005
2505 -2120719.0000000005
2616 -2120716.0000000005
2679 -2119712.0000000005
2865 -2117698.0000000005
3001 -2116693.0000000005
3253 -2116689.0000000005
3310 -2115689.0000000005
3386 -2115688.0000000005
3426 -2113684.0000000005
3711 -2112675.0000000005
3714 -2111672.0000000005
3763 -2111667.0000000005
3960 -2111663.0000000005
3971 -2110654.0000000005
4207 -2108656.0000000005
4542 -2108646.0000000005
4611 -2107637.0000000005
4734 -2106637.0000000005
4966 -2106632.0000000005
4985 -2106630.0000000005
5019 -2105621.0000000005
5194 -2104620.0000000005
5235 -2104618.0000000005
5390 -2103608.0000000005
5460 -2102614.0000000005
5463 -2101605.0000000005
5523 -2100598.0000000005
5525 -2099595.0000000005
5575 -2099592.0000000005
5635 -2098592.0000000005
5659 -2098589.0000000005
5734 -2097590.0000000005
5751 -2097585.0000000005
5784 -2096576.0000000005
5803 -2095572.0000000005
5841 -2094567.0000000005
5860 -2093565.0000000005
6103 -2092555.0000000005
6271 -2092550.0000000005
6747 -2091564.0000000005
6949 -2090558.0000000005
7176 -2088539.0000000005
7308 -2087533.0000000005
7511 -2086526.0000000005
7969 -2085517.0000000005
8027 -2084510.0000000005
8224 -2083507.0000000005
8258 -2083506.0000000005
8506 -2083505.0000000005
9184 -2082500.0000000005
9543 -2081498.0000000005
9696 -2081493.0000000005
10000 -2116689.0000000005
evaluations raw_y
1 -2133854.0000000005
2 -2133851.0000000005
11 -2132842.0000000005
12 -2131836.0000000005
19 -2131831.0000000005
37 -2130825.0000000005
47 -2128816.0000000005
63 -2127808.0000000005
65 -2127806.0000000005
93 -2126800.0000000005
144 -2126796.0000000005
174 -2125797.0000000005
176 -2125793.0000000005
184 -2124791.0000000005
190 -2123782.0000000005
230 -2122777.0000000005
278 -2121769.0000000005
344 -2120761.0000000005
357 -2119762.0000000005
404 -2119761.0000000005
407 -2118754.0000000005
464 -2117750.0000000005
465 -2116742.0000000005
479 -2114736.0000000005
727 -2113736.0000000005
892 -2113727.0000000005
928 -2110713.0000000005
970 -2109705.0000000005
975 -2108698.0000000005
1019 -2106691.0000000005
1111 -2106686.0000000005
1222 -2106680.0000000005
1264 -2105677.0000000005
1274 -2104671.0000000005
1276 -2103666.0000000005
1299 -2102666.0000000005
1351 -2101666.0000000005
1361 -2101661.0000000005
1426 -2101656.0000000005
1441 -2100649.0000000005
1500 -2100646.0000000005
1797 -2099645.0000000005
1878 -2099639.0000000005
2060 -2097628.0000000005
2111 -2095619.0000000005
2162 -2092605.0000000005
2221 -2091605.0000000005
2277 -2091604.0000000005
2282 -2090596.0000000005
2331 -2089595.0000000005
2378 -2089593.0000000005
2388 -2086576.0000000005
2590 -2085568.0000000005
2682 -2082560.0000000005
3031 -2082555.0000000005
3258 -2081550.0000000005
3266 -2080546.0000000005
3298 -2079538.0000000005
3377 -2078537.0000000005
3474 -2078534.0000000005
3613 -2078530.0000000005
3651 -2075521.0000000005
3683 -2074513.0000000005
3950 300795.3980719202
3977 301220.1399903506
4288 301856.3436081546
4680 302179.8946896742
4845 302328.3078320335
4929 302652.5545633018
5049 303167.9207528640
5541 304100.0436692646
5684 304330.7548947129
6122 304549.1256138657
6192 304965.0633840982
6333 305438.1035420994
6550 307004.0147960891
6653 307437.1746742941
6846 308443.4651578418
6955 308754.5879587654
7050 308992.5954484664
7131 309301.1748304958
7208 309488.9177327345
7262 310016.7285874202
7314 310987.1299898209
7393 311585.1872715604
7953 312254.6743252715
8453 312338.9889840978
8714 312660.5518425388
8729 312873.6666192123
9143 313149.5798787067
9379 313472.1793389554
9419 313727.4172680539
9471 314183.6016986513
9551 314492.8604994916
9794 314663.5198907457
9990 314874.5569042212
10000 -2127809.0000000005
evaluations raw_y
1 -2089725.0000000005
7 -2089724.0000000005
11 -2088723.0000000005
14 -2088715.0000000005
17 -2086695.0000000005
100 -2085689.0000000005
115 -2085687.0000000005
134 -2084678.0000000005
140 -2083677.0000000005
142 -2083669.0000000005
152 -2082668.0000000005
175 -2081665.0000000005
177 -2080656.0000000005
183 -2079649.0000000005
256 -2078641.0000000005
293 -2077638.0000000005
325 -2076630.0000000005
362 -2076627.0000000005
363 -2074615.0000000005
398 -2073611.0000000005
406 312499.4640567965
423 312604.7923501793
545 312705.4091168199
646 312819.7612074957
681 313304.6006231812
818 314141.6186366170
824 314260.0404468300
940 314694.8354452088
1088 315177.6241562772
1121 315465.9723183932
1163 315857.5846889518
1244 316230.0345480228
1384 316585.5753050809
1420 316898.2801850109
1510 316983.7558414820
1524 317241.3066215874
1536 317937.6051119582
1738 318640.6779807443
2063 318874.2177164911
2291 319072.2982022955
2393 319131.5625191192
2414 319135.7378284026
2453 319195.0346706758
2504 319282.9755485563
2522 319937.2572981305
2556 321166.2126568382
2710 321279.7794175307
2766 321685.7639665695
2925 321839.3778584652
2995 322145.4430695336
3058 322156.0710962134
3190 322366.4572413417
3253 323013.3399950779
3462 323027.6493052142
3599 323339.2118463034
3656 323392.4303208788
3762 324039.7206112667
3785 324207.2023055278
3794 324709.7273831341
3819 324865.8012684258
3870 325125.6310028631
4145 325236.9965836995
4173 325791.0803288330
4245 325978.1093430708
4545 326585.9220869043
4566 327020.8006465004
4591 327481.1548169355
5164 327990.4240512268
5674 328237.4862817596
5705 328372.1224278547
5791 328465.9864593854
5809 328805.8896127311
5872 329093.7058505531
5994 329430.4479127919
6047 329544.2602371725
6050 329847.9871991637
6438 330032.0028601523
6554 330202.4044554235
6610 330488.5448940852
6901 330644.6889522278
7061 330653.1506400420
7160 331398.9887495278
7473 332471.3336585248
7686 332819.9533154676
7740 333748.9064011083
8169 334506.7586665310
8430 334786.3249069109
8505 334792.2462786750
8704 335005.5379603925
8727 335210.8588485591
8955 335744.7176232767
8986 336382.7188453386
9097 337234.2453155146
9131 337315.5237467255
9179 337353.1761540208
9350 337612.8622360409
9449 337823.3672312815
9545 338257.3209589763
9686 338662.7134567470
10000 328527.7784131379
evaluations raw_y
1 -2178136.0000000005
6 -2177131.0000000005
11 -2175119.0000000005
23 -2174114.0000000005
37 -2172111.0000000005
49 -2172105.0000000005
67 -2172104.0000000005
70 -2171102.0000000005
77 -2170090.0000000005
83 -2169088.0000000005
86 -2168086.0000000005
125 -2168078.0000000005
151 -2167093.0000000005
154 -2166084.0000000005
193 -2166077.0000000005
206 -2164080.0000000005
238 -2164072.0000000005
264 -2163068.0000000005
308 -2163066.0000000005
390 -2162067.0000000005
397 -2160055.0000000005
400 -2159047.0000000005
435 -2158046.0000000005
444 -2158036.0000000005
445 -2156030.0000000005
528 -2155026.0000000005
564 -2155023.0000000005
621 -2154023.0000000005
670 -2154018.0000000005
736 -2153012.0000000005
782 -2152006.0000000005
814 -2150002.0000000005
912 -2148997.0000000005
917 -2147988.0000000005
918 -2147985.0000000005
951 -2145968.0000000005
1020 -2142947.0000000005
1266 -2141945.0000000005
1316 -2140941.0000000005
1420 -2139932.0000000005
1450 -2138925.0000000005
1513 -2137921.0000000005
1629 -2135914.0000000005
1640 -2135912.0000000005
1772 -2134913.0000000005
1777 -2134909.0000000005
1870 -2132907.0000000005
1981 -2132899.0000000005
2003 -2131891.0000000005
2030 -2130889.0000000005
2091 -2129888.0000000005
2135 -2129885.0000000005
2141 -2128876.0000000005
2390 -2127876.0000000005
2413 -2127870.0000000005
2453 -2127867.0000000005
2511 -2125858.0000000005
2748 -2123844.0000000005
3196 -2122837.0000000005
3225 -2121843.0000000005
3234 -2120838.0000000005
3333 -2120836.0000000005
3336 -2120831.0000000005
3376 -2118820.0000000005
3479 -2118807.0000000005
3720 -2117798.0000000005
3804 -2116798.0000000005
3891 -2116797.0000000005
4179 -2116793.0000000005
4361 -2115791.0000000005
4561 -2115786.0000000005
4569 -2114780.0000000005
4681 -2113778.0000000005
4799 -2113771.0000000005
4940 -2112772.0000000005
4992 -2112771.0000000005
4995 -2111757.0000000005
5099 -2110758.0000000005
5106 -2110753.0000000005
5130 -2109739.0000000005
5252 -2108738.0000000005
5406 -2108733.0000000005
5434 -2108730.0000000005
5449 -2107733.0000000005
5469 -2106732.0000000005
5728 -2106727.0000000005
5736 -2106723.0000000005
6138 -2105721.0000000005
6188 -2101694.0000000005
6511 -2100686.0000000005
6663 -2099684.0000000005
6807 -2099681.0000000005
6909 -2098675.0000000005
7012 -2097666.0000000005
7274 -2096658.0000000005
7400 -2095653.0000000005
7403 -2095649.0000000005
7456 -2095644.0000000005
7546 -2094653.0000000005
7672 -2094635.0000000005
7739 -2093629.0000000005
8306 -2092626.0000000005
8327 -2091608.0000000005
8360 -2089589.0000000005
8573 -2088589.0000000005
8757 -2088580.0000000005
9139 -2086563.0000000005
9411 -2085558.0000000005
9639 -2084550.0000000005
10000 -2139935.0000000005
evaluations raw_y
1 -2146973.0000000005
6 -2145969.0000000005
16 -2145968.0000000005
17 -2144965.0000000005
18 -2144964.0000000005
25 -2143957.0000000005
27 -2142956.0000000005
30 -2140942.0000000005
44 -2139942.0000000005
47 -2139937.0000000005
75 -2137930.0000000005
93 -2137923.0000000005
96 -2136919.0000000005
144 -2135908.0000000005
196 -2134899.0000000005
302 -2133901.0000000005
305 -2132901.0000000005
307 -2131892.0000000005
324 -2130886.0000000005
333 -2129877.0000000005
359 -2128882.0000000005
457 -2128871.0000000005
459 -2127867.0000000005
461 -2126858.0000000005
463 -2126856.0000000005
587 -2125848.0000000005
606 -2125847.0000000005
609 -2124852.0000000005
625 -2124849.0000000005
659 -2124839.0000000005
691 -2123838.0000000005
706 -2123837.0000000005
877 -2122833.0000000005
881 -2122831.0000000005
975 -2121835.0000000005
984 -2119826.0000000005
987 -2119820.0000000005
1048 -2118818.0000000005
1065 -2117814.0000000005
1106 -2117813.0000000005
1120 -2117810.0000000005
1269 -2115805.0000000005
1279 -2114803.0000000005
1303 -2112787.0000000005
1308 -2111779.0000000005
1373 -2110777.0000000005
1508 -2110771.0000000005
1555 -2109766.0000000005
1592 -2108758.0000000005
1595 -2107752.0000000005
1657 -2106762.0000000005
1678 -2105754.0000000005
1690 -2104756.0000000005
1738 -2104753.0000000005
1739 -2104745.0000000005
1971 -2103745.0000000005
1988 -2103742.0000000005
2082 -2102740.0000000005
2500 -2101730.0000000005
2544 -2101724.0000000005
2554 -2100724.0000000005
2634 -2099724.0000000005
2713 -2099723.0000000005
2793 -2098717.0000000005
2821 -2097714.0000000005
2823 -2096707.0000000005
2945 -2095701.0000000005
3049 -2094692.0000000005
3368 -2093684.0000000005
3386 -2092676.0000000005
3436 -2091675.0000000005
3546 -2091673.0000000005
3662 -2090666.0000000005
3897 -2089663.0000000005
3949 -2089661.0000000005
4053 -2089655.0000000005
4302 -2088661.0000000005
4535 -2087652.0000000005
4608 -2085636.0000000005
4876 -2084635.0000000005
4884 -2083628.0000000005
5059 -2082620.0000000005
5064 -2081628.0000000005
5247 -2080623.0000000005
5437 -2079625.0000000005
5498 -2078615.0000000005
5899 -2077615.0000000005
5922 -2077613.0000000005
6034 -2076610.0000000005
6260 -2074616.0000000005
6468 -2073615.0000000005
6597 -2073610.0000000005
6704 304000.0460400666
6707 304505.4661863979
7210 304742.1612482070
7342 305123.0959555293
7835 305166.0028312389
7852 305906.8918343484
8210 305984.0914576047
8303 306762.8349040441
8834 306953.6849279471
8847 307075.2470810667
8938 307209.3217266559
9147 307741.8217481740
9217 307912.9544460970
9379 308878.9415186371
9457 310111.5612421044
10000 -2104749.0000000005
evaluations raw_y
1 -2160940.0000000005
3 -2158925.0000000005
7 -2157925.0000000005
8 -2157923.0000000005
10 -2157922.0000000005
26 -2156919.0000000005
39 -2155916.0000000005
47 -2155915.0000000005
65 -2155913.0000000005
74 -2154916.0000000005
75 -2153904.0000000005
83 -2152905.0000000005
110 -2152901.0000000005
131 -2151887.0000000005
185 -2149881.0000000005
192 -2148880.0000000005
194 -2148877.0000000005
214 -2148875.0000000005
220 -2148872.0000000005
241 -2147873.0000000005
262 -2147868.0000000005
263 -2144842.0000000005
285 -2143838.0000000005
305 -2143835.0000000005
340 -2142830.0000000005
394 -2141833.0000000005
407 -2141831.0000000005
412 -2140831.0000000005
416 -2140822.0000000005
430 -2140818.0000000005
456 -2139817.0000000005
488 -2138806.0000000005
536 -2137800.0000000005
559 -2136794.0000000005
579 -2135803.0000000005
583 -2135797.0000000005
592 -2135790.0000000005
687 -2134786.0000000005
711 -2133783.0000000005
860 -2133779.0000000005
861 -2132775.0000000005
866 -2132770.0000000005
887 -2131770.0000000005
888 -2130762.0000000005
1001 -2128754.0000000005
1082 -2126748.0000000005
1099 -2125749.0000000005
1124 -2124746.0000000005
1141 -2122738.0000000005
1190 -2121738.0000000005
1222 -2120732.0000000005
1265 -2120727.0000000005
1436 -2120720.0000000005
1560 -2119717.0000000005
1820 -2118713.0000000005
1822 -2116705.0000000005
1905 -2114705.0000000005
2472 -2114703.0000000005
2773 -2113698.0000000005
2824 -2113694.0000000005
2827 -2112687.0000000005
3000 -2110686.0000000005
3035 -2109678.0000000005
3134 -2108675.0000000005
3190 -2108663.0000000005
3360 -2106657.0000000005
3391 -2105651.0000000005
3715 -2104651.0000000005
3744 -2102642.0000000005
3808 -2102639.0000000005
3936 -2101641.0000000005
3953 -2101640.0000000005
4242 -2100629.0000000005
4295 -2099623.0000000005
4373 -2098617.0000000005
4437 -2097612.0000000005
4494 -2096608.0000000005
4537 -2096604.0000000005
4594 -2095601.0000000005
4648 -2094595.0000000005
4898 -2094589.0000000005
5015 -2094588.0000000005
5210 -2094583.0000000005
5285 -2093576.0000000005
5378 -2091564.0000000005
5440 -2089555.0000000005
5466 -2088555.0000000005
5513 -2088551.0000000005
5707 -2087548.0000000005
5888 -2086545.0000000005
6053 -2085542.0000000005
6164 -2084539.0000000005
6173 -2084534.0000000005
6390 -2083530.0000000005
6432 -2083526.0000000005
6955 -2082518.0000000005
6992 -2081530.0000000005
7112 -2081517.0000000005
7238 -2081516.0000000005
7685 -2080510.0000000005
8103 -2079504.0000000005
8141 -2078503.0000000005
8254 -2077495.0000000005
8666 -2075482.0000000005
8690 -2074476.0000000005
8775 -2073479.0000000005
8927 -2073472.0000000005
9056 296802.8808199156
9169 297040.4121555001
9222 297275.4559661889
9224 297628.0249061229
9276 298239.2837026726
9437 298443.3539485362
10000 -2140814.0000000005
evaluations raw_y
1 -2137855.0000000005
3 -2136847.0000000005
18 -2135845.0000000005
23 -2135838.0000000005
33 -2133829.0000000005
49 -2131819.0000000005
58 -2130819.0000000005
77 -2129811.0000000005
109 -2129802.0000000005
123 -2128794.0000000005
141 -2127788.0000000005
143 -2127781.0000000005
147 -2126776.0000000005
166 -2125768.0000000005
170 -2124763.0000000005
210 -2123764.0000000005
224 -2122752.0000000005
230 -2121755.0000000005
278 -2121748.0000000005
323 -2120741.0000000005
326 -2120739.0000000005
389 -2119738.0000000005
392 -2119737.0000000005
402 -2118733.0000000005
469 -2117726.0000000005
477 -2116719.0000000005
525 -2115714.0000000005
576 -2115710.0000000005
638 -2114707.0000000005
702 -2113701.0000000005
854 -2112698.0000000005
870 -2111689.0000000005
901 -2110682.0000000005
1036 -2109674.0000000005
1107 -2107659.0000000005
1125 -2106655.0000000005
1175 -2105653.0000000005
1294 -2105647.0000000005
1332 -2104644.0000000005
1416 -2103642.0000000005
1442 -2102642.0000000005
1519 -2101636.0000000005
1548 -2100627.0000000005
1550 -2099621.0000000005
1600 -2099620.0000000005
1674 -2096607.0000000005
1805 -2095602.0000000005
1976 -2095600.0000000005
2155 -2094597.0000000005
2199 -2093596.0000000005
2281 -2093588.0000000005
2309 -2092587.0000000005
2318 -2092586.0000000005
2347 -2092584.0000000005
2468 -2092581.0000000005
2538 -2091580.0000000005
2542 -2091579.0000000005
3064 -2090573.0000000005
3150 -2089573.0000000005
3174 -2088573.0000000005
3266 -2087572.0000000005
3268 -2087565.0000000005
3328 -2085549.0000000005
3413 -2085547.0000000005
3574 -2084541.0000000005
3625 -2083535.0000000005
4110 -2083534.0000000005
4225 -2082530.0000000005
4257 -2080529.0000000005
4383 -2079520.0000000005
4552 -2079519.0000000005
4658 -2078514.0000000005
4824 -2076501.0000000005
4993 -2075496.0000000005
5112 -2074495.0000000005
5137 -2074487.0000000005
5324 -2073481.0000000005
5760 311431.2537559179
5834 312143.1480596783
6108 312258.1775667109
6199 312908.9268421408
6980 313126.4722184913
7208 313716.8879210869
7668 314712.5248382305
7884 315056.5036218992
7913 315090.1668811330
7978 315823.3135434497
7983 316423.9021116465
8228 316574.9065253633
8337 316877.3374626809
8477 317044.5548820069
8729 317424.7859103129
8948 318092.9016661739
9008 318727.7912533820
9109 319369.7185152386
9327 319664.7809432625
9700 319711.3436255273
9728 320588.5328724858
10000 -2091587.0000000005
evaluations raw_y
1 -2149972.0000000005
2 -2148966.0000000005
11 -2148964.0000000005
13 -2147955.0000000005
23 -2146950.0000000005
24 -2145948.0000000005
28 -2144943.0000000005
41 -2143934.0000000005
51 -2142939.0000000005
57 -2140929.0000000005
67 -2140922.0000000005
105 -2139914.0000000005
111 -2138908.0000000005
151 -2137916.0000000005
161 -2137912.0000000005
180 -2137901.0000000005
232 -2137899.0000000005
233 -2136897.0000000005
295 -2136895.0000000005
356 -2136894.0000000005
360 -2134889.0000000005
362 -2134884.0000000005
377 -2133880.0000000005
452 -2132877.0000000005
518 -2131871.0000000005
528 -2129864.0000000005
623 -2128859.0000000005
659 -2126845.0000000005
733 -2126834.0000000005
768 -2125832.0000000005
849 -2124830.0000000005
852 -2124827.0000000005
854 -2123821.0000000005
870 -2123814.0000000005
970 -2122818.0000000005
997 -2122812.0000000005
1029 -2120797.0000000005
1030 -2119789.0000000005
1134 -2118788.0000000005
1166 -2117780.0000000005
1198 -2116779.0000000005
1286 -2116778.0000000005
1423 -2115768.0000000005
1610 -2114759.0000000005
1662 -2113752.0000000005
1674 -2112743.0000000005
1834 -2111740.0000000005
1839 -2110738.0000000005
1894 -2110735.0000000005
1939 -2109733.0000000005
2046 -2108733.0000000005
2047 -2106723.0000000005
2189 -2105722.0000000005
2466 -2104714.0000000005
2512 -2102707.0000000005
2529 -2102705.0000000005
2986 -2101704.0000000005
3175 -2100702.0000000005
3182 -2099695.0000000005
3196 -2099694.0000000005
3247 -2098694.0000000005
3273 -2097691.0000000005
3384 -2096688.0000000005
3501 -2094679.0000000005
3567 -2093673.0000000005
3590 -2092672.0000000005
3657 -2091659.0000000005
4045 -2090658.0000000005
4046 -2089651.0000000005
4267 -2087648.0000000005
4269 -2085640.0000000005
4493 -2084640.0000000005
4519 -2084632.0000000005
4595 -2083628.0000000005
4694 -2082621.0000000005
5116 -2081614.0000000005
5362 -2081612.0000000005
5460 -2080603.0000000005
5843 -2079607.0000000005
5930 -2076586.0000000005
6350 -2075585.0000000005
6510 -2073577.0000000005
7553 310981.8037538165
7653 311450.8143696490
8207 311756.9870705869
8447 311771.8555468429
8507 312086.7640714218
8690 312366.3152909391
9225 312910.7190875153
9254 313304.0463437680
9324 313999.5871048777
9637 314313.9918802486
9831 315024.5463152582
10000 -2083628.0000000005
evaluations raw_y
1 -2151045.0000000005
7 -2151041.0000000005
8 -2150036.0000000005
23 -2148028.0000000005
32 -2146020.0000000005
36 -2145012.0000000005
48 -2143009.0000000005
58 -2143007.0000000005
79 -2142009.0000000005
92 -2141000.0000000005
110 -2139997.0000000005
118 -2138992.0000000005
120 -2137984.0000000005
142 -2136979.0000000005
180 -2135976.0000000005
204 -2133965.0000000005
223 -2132961.0000000005
241 -2130955.0000000005
250 -2129952.0000000005
269 -2129948.0000000005
286 -2128946.0000000005
385 -2127942.0000000005
447 -2125933.0000000005
544 -2124928.0000000005
617 -2124927.0000000005
622 -2123920.0000000005
703 -2122915.0000000005
770 -2122913.0000000005
784 -2122912.0000000005
788 -2122910.0000000005
798 -2121904.0000000005
808 -2119886.0000000005
931 -2118884.0000000005
943 -2116875.0000000005
957 -2115868.0000000005
971 -2114860.0000000005
1043 -2111842.0000000005
1156 -2110842.0000000005
1300 -2109835.0000000005
1338 -2108835.0000000005
1418 -2108828.0000000005
1669 -2107831.0000000005
1755 -2107821.0000000005
1804 -2106826.0000000005
1817 -2105817.0000000005
2011 -2104825.0000000005
2158 -2102819.0000000005
2162 -2102818.0000000005
2359 -2101815.0000000005
2650 -2100809.0000000005
2682 -2099807.0000000005
2729 -2099800.0000000005
2792 -2097789.0000000005
2996 -2096783.0000000005
3028 -2095779.0000000005
3198 -2094772.0000000005
3312 -2092764.0000000005
3403 -2092763.0000000005
3528 -2086726.0000000005
3586 -2084718.0000000005
3714 -2083715.0000000005
3816 -2083709.0000000005
3887 -2082701.0000000005
3954 -2081694.0000000005
4089 -2080694.0000000005
4142 -2080691.0000000005
4282 -2078683.0000000005
4345 -2078680.0000000005
4524 -2077674.0000000005
4645 -2076674.0000000005
4725 -2076669.0000000005
5150 -2076668.0000000005
5284 -2075661.0000000005
5364 -2074658.0000000005
5611 -2073647.0000000005
5780 309383.4550609071
5994 310023.5724446218
6041 310172.4524351445
6621 310590.6870470837
7118 310635.9140348511
7231 310896.4489795625
7371 311195.3258083056
7574 312188.4461213832
7882 312613.2603412211
8116 313102.6856778145
8142 313121.6674085373
8206 313139.0117770489
8346 314133.5878976428
8624 314159.0418121190
8827 314389.6357986194
8927 314600.9355589537
9206 315066.2596794554
9295 315124.9469145208
9456 315450.8205055504
9530 315546.8716611760
9541 316121.8604193117
9896 316295.7981341733
10000 -2107824.0000000005
evaluations raw_y
1 -2142995.0000000005
7 -2141992.0000000005
11 -2141989.0000000005
24 -2140987.0000000005
26 -2140980.0000000005
37 -2138965.0000000005
38 -2138963.0000000005
53 -2137966.0000000005
55 -2136958.0000000005
59 -2136954.0000000005
80 -2135947.0000000005
104 -2134938.0000000005
113 -2133931.0000000005
128 -2132922.0000000005
183 -2131918.0000000005
187 -2130911.0000000005
202 -2129902.0000000005
237 -2128897.0000000005
282 -2127891.0000000005
430 -2125898.0000000005
447 -2125891.0000000005
595 -2124890.0000000005
666 -2124888.0000000005
687 -2123891.0000000005
703 -2122883.0000000005
801 -2121887.0000000005
837 -2119881.0000000005
859 -2119879.0000000005
877 -2118878.0000000005
902 -2117871.0000000005
933 -2116870.0000000005
996 -2115865.0000000005
1031 -2114861.0000000005
1131 -2113859.0000000005
1132 -2113855.0000000005
1204 -2112851.0000000005
1247 -2111846.0000000005
1340 -2110847.0000000005
1361 -2110844.0000000005
1375 -2110841.0000000005
1454 -2110840.0000000005
1610 -2109832.0000000005
1730 -2108833.0000000005
1817 -2107833.0000000005
1824 -2107831.0000000005
1843 -2105820.0000000005
1867 -2104819.0000000005
2306 -2104814.0000000005
2454 -2104811.0000000005
2617 -2103806.0000000005
2637 -2102799.0000000005
2672 -2099780.0000000005
2917 -2098785.0000000005
2979 -2097772.0000000005
3160 -2096769.0000000005
3409 -2096768.0000000005
3456 -2096766.0000000005
3714 -2095758.0000000005
4115 -2094754.0000000005
4129 -2093753.0000000005
4236 -2092747.0000000005
4304 -2091737.0000000005
4502 -2090736.0000000005
4601 -2090733.0000000005
4658 -2089730.0000000005
4811 -2088729.0000000005
4960 -2088722.0000000005
5008 -2087728.0000000005
5116 -2086720.0000000005
5263 -2084716.0000000005
5797 -2082708.0000000005
5967 -2081702.0000000005
6386 -2081696.0000000005
6823 -2080688.0000000005
6897 -2079683.0000000005
6911 -2079681.0000000005
6986 -2078677.0000000005
7132 -2077675.0000000005
7430 -2076673.0000000005
7452 -2076666.0000000005
7616 -2076665.0000000005
7761 -2075662.0000000005
7815 -2075658.0000000005
7938 -2073658.0000000005
8269 305760.2504779715
8300 306639.1826857366
8308 306923.7612061441
8316 307881.5426699754
9818 308485.6025955150
9941 308934.2295438987
10000 -2092744.0000000005
evaluations raw_y
1 -2133892.0000000005
3 -2130872.0000000005
15 -2129864.0000000005
17 -2128862.0000000005
49 -2128859.0000000005
58 -2128858.0000000005
59 -2126843.0000000005
75 -2125837.0000000005
109 -2124831.0000000005
123 -2123829.0000000005
139 -2123824.0000000005
142 -2122818.0000000005
149 -2121820.0000000005
153 -2121819.0000000005
161 -2121817.0000000005
163 -2121813.0000000005
187 -2120806.0000000005
248 -2119800.0000000005
251 -2118802.0000000005
252 -2118791.0000000005
265 -2118790.0000000005
332 -2117783.0000000005
354 -2116782.0000000005
365 -2114776.0000000005
459 -2112768.0000000005
496 -2111762.0000000005
506 -2110756.0000000005
554 -2109759.0000000005
582 -2109756.0000000005
602 -2108743.0000000005
646 -2108741.0000000005
669 -2107755.0000000005
677 -2107746.0000000005
739 -2105741.0000000005
758 -2103736.0000000005
775 -2102727.0000000005
784 -2101734.0000000005
830 -2101733.0000000005
864 -2099716.0000000005
993 -2098721.0000000005
1062 -2097716.0000000005
1084 -2096710.0000000005
1197 -2096708.0000000005
1245 -2093699.0000000005
1703 -2092691.0000000005
1823 -2091686.0000000005
1975 -2089675.0000000005
2300 -2087658.0000000005
2333 -2086657.0000000005
2460 -2085652.0000000005
2554 -2084650.0000000005
2564 -2083644.0000000005
2756 -2082637.0000000005
2782 -2081635.0000000005
2818 -2081632.0000000005
2917 -2081628.0000000005
3569 -2080628.0000000005
3609 -2079627.0000000005
3636 -2079623.0000000005
3670 -2079617.0000000005
3854 -2078609.0000000005
4173 -2077607.0000000005
4231 -2076600.0000000005
4263 -2076594.0000000005
4324 -2076586.0000000005
4599 -2075600.0000000005
4642 -2075598.0000000005
4735 -2074590.0000000005
4816 -2073586.0000000005
4829 -2073582.0000000005
5542 -2073576.0000000005
5799 302326.2307949546
6131 302815.7497102882
6273 303435.1558592649
6531 303545.8881204563
6758 303589.6308221800
6762 304273.2703678231
7132 305148.8768964136
7665 305373.5473608699
8084 305388.6626962898
8106 305526.7745639202
8137 305967.0441617860
8431 305977.3185132779
8452 306196.6144567454
8478 306569.5262436669
8639 306739.6372378928
8651 306752.8000287853
8652 306918.0459760934
8658 307189.0736391274
8759 307641.7638101356
8800 307693.5523362974
8903 308362.4852671649
9112 309429.4452114360
9200 309621.0796463815
9290 310131.8012435759
9321 310234.7795533082
9415 310528.0982760145
9474 311619.0216307808
9667 312211.0987640456
9794 312275.0528002944
9898 312276.3086636906
9908 312932.3297999174
10000 305132.6381741596
evaluations raw_y
1 -2161988.0000000005
5 -2158967.0000000005
9 -2157961.0000000005
12 -2156961.0000000005
14 -2156957.0000000005
20 -2156954.0000000005
22 -2155954.0000000005
26 -2155953.0000000005
27 -2154952.0000000005
37 -2154946.0000000005
40 -2153939.0000000005
64 -2153938.0000000005
74 -2152938.0000000005
75 -2151938.0000000005
78 -2150941.0000000005
81 -2149936.0000000005
91 -2148935.0000000005
165 -2148929.0000000005
189 -2147922.0000000005
209 -2146909.0000000005
229 -2144896.0000000005
332 -2143890.0000000005
379 -2142887.0000000005
402 -2141886.0000000005
463 -2140880.0000000005
492 -2140876.0000000005
562 -2139875.0000000005
571 -2138872.0000000005
627 -2136858.0000000005
724 -2135849.0000000005
729 -2133834.0000000005
745 -2132829.0000000005
773 -2131826.0000000005
839 -2130817.0000000005
869 -2129824.0000000005
873 -2129812.0000000005
909 -2129811.0000000005
934 -2127802.0000000005
936 -2126794.0000000005
995 -2125794.0000000005
1021 -2124793.0000000005
1052 -2123786.0000000005
1066 -2122781.0000000005
1135 -2121777.0000000005
1141 -2121774.0000000005
1404 -2120768.0000000005
1436 -2120761.0000000005
1443 -2119757.0000000005
1721 -2118749.0000000005
1826 -2117748.0000000005
2013 -2115734.0000000005
2072 -2114734.0000000005
2167 -2114733.0000000005
2193 -2114730.0000000005
2275 -2114727.0000000005
2290 -2113727.0000000005
2460 -2111716.0000000005
2524 -2110717.0000000005
2619 -2108717.0000000005
3008 -2107707.0000000005
3079 -2106706.0000000005
3153 -2105701.0000000005
3210 -2104692.0000000005
3352 -2103683.0000000005
3410 -2102675.0000000005
3414 -2101668.0000000005
3487 -2100682.0000000005
3621 -2099659.0000000005
3692 -2098649.0000000005
3776 -2097643.0000000005
3789 -2096636.0000000005
3879 -2096631.0000000005
4250 -2095630.0000000005
4348 -2094629.0000000005
4542 -2093623.0000000005
5372 -2092623.0000000005
5682 -2092620.0000000005
5814 -2092617.0000000005
5880 -2091614.0000000005
6082 -2090609.0000000005
6140 -2088594.0000000005
6388 -2087592.0000000005
6433 -2086588.0000000005
6829 -2085585.0000000005
6847 -2085584.0000000005
6917 -2084590.0000000005
6956 -2084578.0000000005
7008 -2083576.0000000005
7030 -2083567.0000000005
7047 -2083563.0000000005
7458 -2082559.0000000005
7459 -2081556.0000000005
7856 -2079548.0000000005
8112 -2078547.0000000005
8174 -2078546.0000000005
8417 -2077537.0000000005
8451 -2075534.0000000005
8889 -2074531.0000000005
9049 -2073532.0000000005
9075 -2073523.0000000005
9464 309401.2068544992
9562 309479.9779545300
9631 309910.0005271634
10000 -2104699.0000000005
evaluations raw_y
1 -2129887.0000000005
3 -2127879.0000000005
8 -2125863.0000000005
34 -2124861.0000000005
88 -2123855.0000000005
107 -2122853.0000000005
119 -2121853.0000000005
131 -2120854.0000000005
132 -2120853.0000000005
143 -2120849.0000000005
161 -2120846.0000000005
164 -2119843.0000000005
182 -2118838.0000000005
229 -2117829.0000000005
268 -2116823.0000000005
330 -2115822.0000000005
378 -2114822.0000000005
392 -2113817.0000000005
468 -2113815.0000000005
469 -2113814.0000000005
549 -2112816.0000000005
574 -2111800.0000000005
656 -2110799.0000000005
659 -2110790.0000000005
687 -2109789.0000000005
709 -2108789.0000000005
731 -2108781.0000000005
861 -2107774.0000000005
879 -2106766.0000000005
958 -2105768.0000000005
971 -2105760.0000000005
1032 -2105758.0000000005
1064 -2104758.0000000005
1090 -2103747.0000000005
1172 -2102746.0000000005
1195 -2101744.0000000005
1208 -2101738.0000000005
1317 -2101735.0000000005
1333 -2100730.0000000005
1420 -2100728.0000000005
1425 -2099724.0000000005
1501 -2097709.0000000005
1612 -2097703.0000000005
1687 -2096695.0000000005
1697 -2095691.0000000005
1824 -2095686.0000000005
1868 -2094685.0000000005
2056 -2093677.0000000005
2058 -2093674.0000000005
2084 -2092668.0000000005
2147 -2092665.0000000005
2155 -2091660.0000000005
2222 -2091658.0000000005
2324 -2090651.0000000005
2395 -2090649.0000000005
2493 -2089643.0000000005
2592 -2087635.0000000005
2700 -2084624.0000000005
2819 -2083620.0000000005
2858 -2083615.0000000005
2910 -2083611.0000000005
3323 -2082607.0000000005
3428 -2081610.0000000005
3519 -2080607.0000000005
3550 -2080603.0000000005
3583 -2080600.0000000005
3759 -2079594.0000000005
3837 -2079593.0000000005
3861 -2078586.0000000005
3994 -2076587.0000000005
4015 -2076576.0000000005
4208 -2076575.0000000005
4262 -2075575.0000000005
4308 -2075571.0000000005
4321 -2075566.0000000005
4392 -2074558.0000000005
4780 -2073561.0000000005
4901 319099.6646358178
5352 319543.8430180256
5387 319573.5177257842
5791 319658.4105785491
5815 319924.2792039964
5839 320238.8032808968
5901 320389.2484777800
5933 320509.3442645656
5959 320772.3790031425
6187 321460.4991641673
6854 321824.5318014197
6898 321910.5961477486
6905 321987.2053302624
7054 322015.8614885320
7140 323125.7401477312
7172 323971.7672226353
7445 323998.0097422480
7500 324518.6122393407
7626 325321.7402848449
8025 325628.5846289613
8358 326084.5644276233
8825 326160.4296574205
8876 326708.9579009099
9183 326935.1914726499
9656 327566.8076344302
9754 328179.3373527019
9979 328549.2640230020
10000 310088.5284683845
evaluations raw_y
1 -2153968.0000000005
2 -2152962.0000000005
3 -2151961.0000000005
9 -2149959.0000000005
11 -2148955.0000000005
31 -2148952.0000000005
34 -2147954.0000000005
62 -2147952.0000000005
67 -2146948.0000000005
80 -2145940.0000000005
89 -2144935.0000000005
112 -2142928.0000000005
122 -2142922.0000000005
164 -2141918.0000000005
172 -2140914.0000000005
183 -2140909.0000000005
200 -2139900.0000000005
253 -2138891.0000000005
271 -2135877.0000000005
277 -2134873.0000000005
280 -2132869.0000000005
371 -2131861.0000000005
388 -2129854.0000000005
417 -2128853.0000000005
465 -2128850.0000000005
469 -2128847.0000000005
478 -2126838.0000000005
548 -2124833.0000000005
703 -2123826.0000000005
866 -2122820.0000000005
876 -2121816.0000000005
888 -2121815.0000000005
912 -2120812.0000000005
922 -2120809.0000000005
997 -2120807.0000000005
1059 -2118804.0000000005
1169 -2117792.0000000005
1386 -2117784.0000000005
1477 -2116777.0000000005
1524 -2115771.0000000005
1812 -2113763.0000000005
1923 -2112761.0000000005
1934 -2112754.0000000005
2090 -2111753.0000000005
2144 -2110752.0000000005
2177 -2109754.0000000005
2241 -2109752.0000000005
2315 -2109748.0000000005
2371 -2109737.0000000005
2372 -2107745.0000000005
2470 -2106745.0000000005
2576 -2105737.0000000005
2660 -2103731.0000000005
3345 -2103725.0000000005
3549 -2103722.0000000005
3850 -2102716.0000000005
3906 -2101715.0000000005
3994 -2100712.0000000005
4006 -2099709.0000000005
4114 -2099708.0000000005
4458 -2099705.0000000005
4501 -2099700.0000000005
4627 -2098691.0000000005
4710 -2097709.0000000005
4866 -2097699.0000000005
4953 -2096696.0000000005
5084 -2096690.0000000005
5123 -2095687.0000000005
5182 -2094686.0000000005
5191 -2094680.0000000005
5233 -2092676.0000000005
5430 -2091669.0000000005
5798 -2090660.0000000005
6118 -2088648.0000000005
6144 -2087643.0000000005
6400 -2086634.0000000005
6955 -2084633.0000000005
6973 -2082626.0000000005
6980 -2082620.0000000005
7029 -2081622.0000000005
7148 -2081611.0000000005
7203 -2080608.0000000005
7340 -2079607.0000000005
7561 -2078601.0000000005
7627 -2076584.0000000005
7722 -2075584.0000000005
8118 -2074581.0000000005
8135 -2074567.0000000005
8267 -2073565.0000000005
8297 -2073562.0000000005
8365 -2073560.0000000005
8430 306782.6185034344
8990 306910.0407358415
9064 307326.1337382114
9110 307530.1650310914
9198 307605.0406743176
9580 307805.8394320862
10000 -2096690.0000000005
evaluations raw_y
1 -2104723.0000000005
7 -2103718.0000000005
15 -2101707.0000000005
17 -2100707.0000000005
19 -2100705.0000000005
36 -2098696.0000000005
42 -2097698.0000000005
46 -2096694.0000000005
54 -2096690.0000000005
85 -2094680.0000000005
153 -2093677.0000000005
214 -2092676.0000000005
254 -2092669.0000000005
283 -2091667.0000000005
286 -2091665.0000000005
290 -2091660.0000000005
339 -2089653.0000000005
342 -2088646.0000000005
405 -2088638.0000000005
450 -2088637.0000000005
467 -2088632.0000000005
470 -2087636.0000000005
475 -2087626.0000000005
515 -2086621.0000000005
519 -2086618.0000000005
583 -2085609.0000000005
596 -2084600.0000000005
603 -2084598.0000000005
653 -2083596.0000000005
655 -2082598.0000000005
687 -2081598.0000000005
694 -2081589.0000000005
704 -2080589.0000000005
819 -2079582.0000000005
886 -2078577.0000000005
931 -2078575.0000000005
950 -2078573.0000000005
1058 -2077570.0000000005
1074 -2076561.0000000005
1141 -2075564.0000000005
1156 -2075546.0000000005
1182 -2073536.0000000005
1274 304866.1451983722
1378 305136.9254308601
1381 305356.8298923082
1390 305670.3367458730
1401 305715.5714319032
1427 305942.7888453166
1458 306083.0028178052
1482 306571.8853119213
1565 307302.7987573897
1599 308218.8897999497
1834 308767.9643983605
2039 308910.5426699326
2106 309113.7174943857
2192 309694.7469697910
2462 309966.7425237001
2501 310018.8406925162
2584 310385.2262650821
2601 310734.7120710346
2652 310833.6259645019
2744 311098.1756588680
3098 312478.0398313961
3404 312479.2019302028
3446 313346.2455939522
3455 313724.6614547078
3516 314030.1370979407
3556 314158.6492924771
3675 314584.0366992689
3793 314849.5807197084
4029 315100.3441844729
4065 315130.6932970497
4198 315674.5907804898
4280 315825.0996660241
4475 316165.4301891110
4820 316784.6635610643
4930 317584.1328891820
5035 317801.5365708278
5062 317929.1018743643
5122 318108.9387604037
5128 318211.4334216425
5131 318252.9929951945
5165 318648.6233100630
5182 318875.8397143492
5350 319584.5114295224
5389 320344.9523274453
5466 320630.0126702546
5500 321116.6559136829
5726 321651.5059615759
5764 322051.3244817276
6178 322299.9052506962
6186 322703.2126938548
6437 323189.2311210401
6935 323728.8924065306
7223 324256.5592429436
7307 324686.1919353493
7527 324937.9960746551
7698 325234.3145977124
8052 325380.6042781015
8060 325465.8049942836
8127 325540.9332938443
8216 325547.0622210602
8217 325754.1593065976
8269 325759.2315151175
8422 326195.1443172365
8704 326986.0112989536
8756 327070.4765517747
8865 327902.4199736278
9579 328250.9597772024
9698 329497.6226410582
9786 329752.3618137126
10000 303821.4881926716
evaluations raw_y
1 -2115808.0000000005
3 -2114803.0000000005
6 -2114801.0000000005
8 -2113803.0000000005
23 -2112794.0000000005
26 -2111794.0000000005
32 -2111788.0000000005
39 -2111784.0000000005
48 -2109785.0000000005
57 -2109782.0000000005
60 -2108775.0000000005
61 -2107770.0000000005
80 -2105762.0000000005
113 -2105761.0000000005
134 -2104757.0000000005
148 -2103752.0000000005
150 -2103748.0000000005
190 -2100735.0000000005
251 -2099735.0000000005
313 -2098728.0000000005
364 -2097725.0000000005
372 -2097721.0000000005
378 -2096719.0000000005
390 -2095701.0000000005
436 -2094694.0000000005
438 -2093684.0000000005
530 -2092676.0000000005
539 -2091682.0000000005
540 -2091671.0000000005
630 -2089663.0000000005
824 -2089662.0000000005
887 -2089661.0000000005
913 -2088658.0000000005
1250 -2088654.0000000005
1352 -2087651.0000000005
1375 -2086643.0000000005
1419 -2085637.0000000005
1445 -2084631.0000000005
1475 -2083624.0000000005
1587 -2082621.0000000005
1666 -2081624.0000000005
1702 -2081621.0000000005
1719 -2079611.0000000005
2008 -2077599.0000000005
2067 -2076590.0000000005
2089 -2075583.0000000005
2289 -2074579.0000000005
2322 -2073579.0000000005
2458 307561.1020169627
2490 308161.7818056715
2495 308362.4750059048
2503 308370.3336364095
2722 308394.7568025517
2766 309052.3951920473
2803 309307.3756860271
2923 309342.8791834450
3158 309466.4665933360
3197 310436.4155206576
3438 310465.8300701206
3459 311152.2649134791
3719 311370.6624962054
3756 311767.4275997874
4003 312012.4089359423
4288 312261.0967089605
4436 312657.5234967089
4457 312989.9956328581
4492 313490.4816911007
4538 314293.0533604802
4548 314673.2977609105
4578 315727.5456766432
4602 316122.0684138605
4981 316713.9192244218
5592 316966.4441477124
5739 317054.1259310792
6081 317437.1944201487
6631 318292.6710441565
6874 318815.8237542437
7074 319147.2223378195
7335 319213.8604049157
7461 319512.0867877426
7660 320239.3934794015
7662 320726.3483790184
7735 321170.6934774678
7815 322837.2653667096
7898 323461.4339974481
8292 324046.1833061406
8476 324081.1234063309
8504 324473.1287517960
8985 324528.4119367353
9068 325385.5675579687
9424 326169.8119652116
9657 326558.0291381510
10000 312739.1567542348
evaluations raw_y
1 -2130871.0000000005
10 -2129868.0000000005
11 -2127859.0000000005
15 -2125853.0000000005
33 -2123840.0000000005
40 -2121834.0000000005
48 -2120829.0000000005
67 -2119829.0000000005
72 -2118822.0000000005
89 -2117821.0000000005
102 -2116812.0000000005
154 -2115811.0000000005
226 -2115804.0000000005
236 -2113803.0000000005
276 -2112796.0000000005
292 -2112795.0000000005
351 -2111791.0000000005
365 -2110788.0000000005
409 -2110786.0000000005
429 -2109784.0000000005
433 -2108778.0000000005
442 -2107769.0000000005
457 -2106762.0000000005
464 -2105756.0000000005
494 -2104750.0000000005
588 -2104749.0000000005
889 -2104747.0000000005
915 -2104739.0000000005
983 -2103732.0000000005
1164 -2101733.0000000005
1336 -2101724.0000000005
1349 -2101721.0000000005
1493 -2099711.0000000005
1552 -2098709.0000000005
1737 -2096694.0000000005
2033 -2095690.0000000005
2423 -2094684.0000000005
2507 -2093678.0000000005
2551 -2092672.0000000005
2925 -2091672.0000000005
2951 -2091670.0000000005
2974 -2090667.0000000005
3027 -2089658.0000000005
3065 -2087654.0000000005
3225 -2086645.0000000005
3329 -2085647.0000000005
3446 -2084642.0000000005
3540 -2083634.0000000005
3589 -2082637.0000000005
3608 -2082633.0000000005
3801 -2081632.0000000005
3803 -2080628.0000000005
3935 -2078620.0000000005
3959 -2076618.0000000005
4190 -2075616.0000000005
4219 -2074610.0000000005
4246 -2074604.0000000005
4250 -2073597.0000000005
4296 307904.4598206410
4632 308614.8965943426
4827 308690.0861173872
4993 308818.1111150795
5593 309031.5349834838
5813 309139.9498436881
6065 309148.0118858764
6198 309510.4600634574
6270 309546.7638275402
6442 309743.9172141678
6459 310047.5167287554
6916 310502.1166263233
6988 310929.1577119837
7104 311312.9356349100
7181 312294.4862677816
7685 312508.8730004035
7925 312911.7005728895
8304 313138.9485896797
8386 313541.1402461223
8663 314092.1738106478
8942 314130.2512793078
9098 314183.6198362503
9229 314574.4990283445
9733 315250.8744882738
9823 315452.0106617076
9855 315706.9133142083
9960 316269.6371857236
10000 -2074618.0000000005
evaluations raw_y
1 -2129861.0000000005
4 -2127847.0000000005
7 -2127845.0000000005
10 -2126844.0000000005
14 -2124836.0000000005
20 -2122821.0000000005
26 -2121820.0000000005
55 -2121818.0000000005
59 -2120816.0000000005
61 -2120809.0000000005
67 -2118808.0000000005
77 -2117807.0000000005
117 -2117806.0000000005
138 -2116806.0000000005
141 -2116798.0000000005
149 -2116789.0000000005
160 -2115803.0000000005
186 -2114802.0000000005
187 -2113795.0000000005
210 -2112776.0000000005
219 -2110765.0000000005
244 -2109758.0000000005
276 -2109757.0000000005
311 -2107751.0000000005
397 -2106748.0000000005
495 -2106746.0000000005
566 -2105738.0000000005
598 -2105737.0000000005
603 -2104730.0000000005
743 -2102718.0000000005
779 -2100725.0000000005
782 -2098715.0000000005
856 -2097707.0000000005
998 -2097703.0000000005
1046 -2096700.0000000005
1083 -2095693.0000000005
1153 -2094685.0000000005
1163 -2093681.0000000005
1192 -2093673.0000000005
1262 -2091680.0000000005
1300 -2090672.0000000005
1341 -2089664.0000000005
1440 -2088656.0000000005
1709 -2087656.0000000005
1719 -2086653.0000000005
1771 -2084648.0000000005
1922 -2083642.0000000005
2247 -2082639.0000000005
2296 -2082638.0000000005
2305 -2082628.0000000005
2442 -2079607.0000000005
2528 -2078601.0000000005
2587 -2077593.0000000005
2593 -2076590.0000000005
2806 -2076589.0000000005
2893 -2075581.0000000005
2939 -2075575.0000000005
3003 -2074579.0000000005
3016 -2074573.0000000005
3068 305945.8547331111
3150 306401.7640120790
3200 306583.3529705916
3329 307584.2917991665
4214 308469.3942020794
4228 308518.7892865333
4851 308539.6993102074
4875 308567.7147099651
5027 308810.4936329560
5094 309211.6600959134
5268 309279.9361511911
5310 310074.8784917169
5333 310696.4353540870
5433 311426.4099706164
5954 311894.3669334739
6023 312855.2882200442
6209 312889.8585836835
6393 313031.6841909171
6659 313252.1068068587
6691 313528.3823791737
6882 313936.7302381523
6907 314504.3025044173
7536 314544.0029853798
7639 315760.5112272323
7740 316181.2186103138
7915 316192.8920953084
7917 316212.1137737061
8083 316319.3415363343
8158 316328.6754019576
8285 316564.2884243062
8368 316639.1554037615
8420 316651.0448917990
8476 316832.6069722204
8593 317392.6207305128
9556 317816.4425134463
9801 319049.9704186008
10000 310520.8497246222
evaluations raw_y
1 -2136856.0000000005
9 -2135849.0000000005
16 -2134843.0000000005
25 -2133844.0000000005
34 -2132844.0000000005
37 -2131837.0000000005
45 -2131836.0000000005
96 -2130826.0000000005
116 -2129826.0000000005
135 -2129823.0000000005
143 -2129820.0000000005
176 -2128823.0000000005
178 -2127815.0000000005
209 -2126811.0000000005
266 -2126810.0000000005
273 -2125802.0000000005
305 -2124793.0000000005
348 -2123793.0000000005
380 -2123789.0000000005
397 -2123788.0000000005
427 -2122791.0000000005
465 -2121792.0000000005
467 -2121789.0000000005
562 -2121783.0000000005
586 -2120784.0000000005
592 -2119778.0000000005
630 -2119777.0000000005
678 -2118773.0000000005
914 -2117759.0000000005
922 -2116751.0000000005
1006 -2115744.0000000005
1168 -2115736.0000000005
1249 -2114729.0000000005
1270 -2113725.0000000005
1324 -2112725.0000000005
1342 -2111719.0000000005
1354 -2110712.0000000005
1527 -2110711.0000000005
1620 -2109703.0000000005
1654 -2108703.0000000005
1677 -2107703.0000000005
1702 -2106700.0000000005
1736 -2105692.0000000005
1779 -2104684.0000000005
1803 -2103680.0000000005
1819 -2103675.0000000005
1886 -2103671.0000000005
2013 -2102671.0000000005
2122 -2100659.0000000005
2510 -2099654.0000000005
2582 -2097637.0000000005
2795 -2096634.0000000005
2919 -2094628.0000000005
3231 -2091612.0000000005
3487 -2090600.0000000005
3609 -2088596.0000000005
4130 -2087592.0000000005
4345 -2087589.0000000005
4517 -2087587.0000000005
4883 -2087581.0000000005
4928 -2087580.0000000005
5115 -2086574.0000000005
5137 -2085577.0000000005
5193 -2085566.0000000005
5420 -2084571.0000000005
5481 -2084557.0000000005
5569 -2083555.0000000005
5759 -2083554.0000000005
5927 -2083548.0000000005
6051 -2083540.0000000005
6167 -2082556.0000000005
6278 -2080523.0000000005
6394 -2079542.0000000005
6431 -2079518.0000000005
6602 -2078516.0000000005
6606 -2077522.0000000005
6625 -2077519.0000000005
6655 -2076503.0000000005
6733 -2074502.0000000005
6740 -2073495.0000000005
6779 310931.8251892136
7223 310951.0387586016
7250 311642.5947174043
7376 311695.4921044259
7563 311796.0695907634
7815 312021.8864773022
7860 312431.7020614819
7999 312523.4459998239
8082 312885.9810006733
8641 313374.3546292771
8990 314030.3515497862
9091 314415.4436480281
9114 314800.1142918442
9488 315200.4350777272
9791 315205.8998243245
10000 313284.8417957533
evaluations raw_y
1 -2144915.0000000005
2 -2144913.0000000005
3 -2144908.0000000005
8 -2144905.0000000005
11 -2143898.0000000005
12 -2143893.0000000005
14 -2142896.0000000005
21 -2142889.0000000005
28 -2140876.0000000005
33 -2138863.0000000005
42 -2137857.0000000005
46 -2135857.0000000005
52 -2134850.0000000005
77 -2133853.0000000005
95 -2133847.0000000005
150 -2133845.0000000005
157 -2132848.0000000005
163 -2132842.0000000005
180 -2131833.0000000005
214 -2130826.0000000005
273 -2128828.0000000005
334 -2127823.0000000005
355 -2127821.0000000005
369 -2126819.0000000005
389 -2125811.0000000005
451 -2124808.0000000005
463 -2124803.0000000005
644 -2122799.0000000005
661 -2121806.0000000005
689 -2121798.0000000005
788 -2121793.0000000005
838 -2120781.0000000005
846 -2120778.0000000005
994 -2119769.0000000005
1048 -2118762.0000000005
1069 -2118761.0000000005
1124 -2117756.0000000005
1191 -2117753.0000000005
1254 -2116753.0000000005
1331 -2115745.0000000005
1419 -2114738.0000000005
1504 -2114733.0000000005
1549 -2113728.0000000005
1622 -2112720.0000000005
1640 -2110713.0000000005
1642 -2109707.0000000005
1693 -2108698.0000000005
1702 -2106684.0000000005
1780 -2105682.0000000005
1914 -2104667.0000000005
1985 -2103660.0000000005
2162 -2102660.0000000005
2262 -2101656.0000000005
2283 -2100655.0000000005
2290 -2099647.0000000005
2304 -2097642.0000000005
2513 -2097636.0000000005
2686 -2094622.0000000005
2779 -2093621.0000000005
3061 -2092618.0000000005
3147 -2092617.0000000005
3171 -2091613.0000000005
3323 -2090606.0000000005
3628 -2088592.0000000005
3695 -2086589.0000000005
3992 -2085590.0000000005
4184 -2085586.0000000005
4414 -2085584.0000000005
4469 -2084577.0000000005
4616 -2083575.0000000005
4698 -2082570.0000000005
4787 -2082566.0000000005
5057 -2081561.0000000005
5230 -2080555.0000000005
5285 -2079546.0000000005
5340 -2078544.0000000005
5500 -2077534.0000000005
5663 -2076543.0000000005
5734 -2076525.0000000005
5883 -2075525.0000000005
6093 -2074522.0000000005
6132 -2073514.0000000005
6177 308720.7477952549
6660 309267.9719341633
6743 310404.0543387319
7008 310569.0146029653
7763 310749.0728047066
8000 310901.9662708170
8032 310910.6015057186
8072 311203.1625521755
8113 311619.9005237614
8162 312547.7482123255
8283 312752.2113615910
8398 313155.0276635902
8473 314006.1768455975
8684 314105.3909198196
9545 314651.6718377038
9562 314854.8775164104
10000 314588.1870959307
evaluations raw_y
1 -2116803.0000000005
2 -2115796.0000000005
6 -2114786.0000000005
11 -2113781.0000000005
13 -2112778.0000000005
21 -2111773.0000000005
41 -2110767.0000000005
56 -2109773.0000000005
73 -2109765.0000000005
91 -2109764.0000000005
92 -2108755.0000000005
138 -2107754.0000000005
184 -2107750.0000000005
185 -2106747.0000000005
239 -2105744.0000000005
257 -2105737.0000000005
258 -2104730.0000000005
271 -2104729.0000000005
285 -2102716.0000000005
307 -2101719.0000000005
310 -2100717.0000000005
313 -2099718.0000000005
352 -2099714.0000000005
422 -2098713.0000000005
426 -2097704.0000000005
451 -2096703.0000000005
467 -2095693.0000000005
489 -2094693.0000000005
496 -2094689.0000000005
502 -2094685.0000000005
582 -2093678.0000000005
592 -2092677.0000000005
664 -2091668.0000000005
801 -2090679.0000000005
938 -2090660.0000000005
1028 -2089664.0000000005
1031 -2088657.0000000005
1069 -2087654.0000000005
1181 -2086652.0000000005
1212 -2086651.0000000005
1271 -2086645.0000000005
1298 -2084637.0000000005
1366 -2084633.0000000005
1427 -2084626.0000000005
1640 -2082625.0000000005
1697 -2081618.0000000005
1840 -2081616.0000000005
1989 -2080621.0000000005
2080 -2079629.0000000005
2122 -2079620.0000000005
2213 -2079618.0000000005
2253 -2078618.0000000005
2303 -2078617.0000000005
2309 -2078604.0000000005
2439 -2077598.0000000005
2486 -2076599.0000000005
2495 -2076597.0000000005
2684 -2076589.0000000005
2847 -2075583.0000000005
3006 -2074576.0000000005
3174 -2074575.0000000005
3315 303236.2104832508
3471 303614.9807878413
3689 303675.3854815413
3878 303877.4618071897
3937 304186.8432889731
4180 304783.8506481826
4242 305374.3514209718
4902 305577.5606952992
5127 305760.5431752019
5346 305819.7287719744
5347 306731.1110107831
5357 307226.5566235880
5393 308163.7848307314
6145 308477.1608828738
6406 308959.8767453821
6667 308973.1385736963
6759 309417.0955377466
6943 310368.9585746950
7323 310734.1065401402
7740 310824.9208856928
8063 311580.9943394306
8479 312116.3722003716
8627 313712.6255427719
8895 313762.7091677730
9155 313909.5139209235
9213 314205.7012783351
9217 314809.1506301264
9437 314843.8383882005
9653 314865.3466949489
10000 293197.1259756013
evaluations raw_y
1 -2135832.0000000005
2 -2135825.0000000005
5 -2134823.0000000005
6 -2132813.0000000005
8 -2132811.0000000005
11 -2130794.0000000005
27 -2129787.0000000005
28 -2129783.0000000005
38 -2128781.0000000005
44 -2128780.0000000005
67 -2127779.0000000005
83 -2124765.0000000005
95 -2123756.0000000005
98 -2122749.0000000005
102 -2121740.0000000005
115 -2120738.0000000005
117 -2120737.0000000005
122 -2119730.0000000005
139 -2117721.0000000005
167 -2116717.0000000005
212 -2115715.0000000005
231 -2115712.0000000005
232 -2114712.0000000005
258 -2114710.0000000005
277 -2114708.0000000005
294 -2114703.0000000005
313 -2113699.0000000005
424 -2113694.0000000005
446 -2112694.0000000005
468 -2112689.0000000005
535 -2111689.0000000005
568 -2111683.0000000005
584 -2109691.0000000005
652 -2109669.0000000005
671 -2107659.0000000005
721 -2106658.0000000005
786 -2104641.0000000005
900 -2103638.0000000005
925 -2103637.0000000005
979 -2099620.0000000005
1039 -2099619.0000000005
1040 -2097608.0000000005
1248 -2097604.0000000005
1411 -2096602.0000000005
1812 -2095595.0000000005
1877 -2094588.0000000005
1878 -2092571.0000000005
1902 -2091583.0000000005
1955 -2090574.0000000005
1970 -2089568.0000000005
1984 -2088556.0000000005
2021 -2088553.0000000005
2229 -2088552.0000000005
2682 -2087565.0000000005
2736 -2086558.0000000005
2984 -2084545.0000000005
3087 -2083538.0000000005
3103 -2082537.0000000005
3234 -2081530.0000000005
3278 -2081524.0000000005
3498 -2080520.0000000005
3611 -2079515.0000000005
3720 -2077510.0000000005
3954 -2076508.0000000005
3996 -2076503.0000000005
4204 -2075499.0000000005
4408 -2074493.0000000005
4535 -2074488.0000000005
4714 298793.4229179057
4856 299260.3300491287
5063 299838.4991099646
5332 300629.3516314924
5474 300642.9648006400
5642 301009.8121857020
5885 301504.5164055843
6268 301809.8291600504
6376 302824.5970225203
6448 303128.5200144349
6640 303914.2628752601
7359 303924.4294493406
7651 304295.8681012891
7734 305198.3032204933
8353 305494.7221690421
8517 306184.9862719480
8939 306300.5041295485
9000 306623.7362815680
9092 306986.7165062802
9476 307823.4789766409
9598 308001.5504187098
9678 308975.9105019628
10000 302391.5848158773
evaluations raw_y
1 -2119870.0000000005
2 -2119869.0000000005
7 -2118860.0000000005
14 -2117853.0000000005
36 -2116846.0000000005
47 -2116845.0000000005
64 -2115833.0000000005
81 -2114842.0000000005
86 -2114831.0000000005
98 -2113830.0000000005
114 -2112825.0000000005
117 -2112821.0000000005
152 -2111826.0000000005
153 -2110820.0000000005
163 -2109812.0000000005
196 -2108806.0000000005
248 -2108801.0000000005
293 -2107796.0000000005
323 -2106797.0000000005
342 -2106792.0000000005
380 -2105789.0000000005
409 -2105787.0000000005
446 -2103770.0000000005
512 -2101760.0000000005
515 -2100757.0000000005
524 -2098747.0000000005
536 -2098735.0000000005
542 -2097736.0000000005
561 -2097728.0000000005
581 -2095711.0000000005
590 -2094709.0000000005
749 -2094704.0000000005
758 -2092700.0000000005
830 -2091691.0000000005
970 -2090691.0000000005
973 -2089691.0000000005
991 -2088683.0000000005
1009 -2086672.0000000005
1062 -2085667.0000000005
1082 -2084662.0000000005
1349 -2083656.0000000005
1518 -2082651.0000000005
1613 -2081651.0000000005
1649 -2080642.0000000005
1752 -2080639.0000000005
1872 -2079638.0000000005
1883 -2078637.0000000005
1962 -2076635.0000000005
2041 -2075627.0000000005
2301 -2075624.0000000005
2452 -2074624.0000000005
2605 -2073615.0000000005
2613 303984.8917649371
2659 305333.8372855180
2722 306141.1366278057
2877 306629.9656918781
3068 307176.7578517603
3072 307337.9856836417
3140 307624.0656886006
3203 308246.3239858988
3435 308741.5791074920
3568 308903.7792189400
3654 309139.4010641544
3869 309443.9961512994
3896 309754.7715495947
4092 310056.3305648164
4100 310247.1156982611
4121 310785.5831271351
4174 311589.9331722848
4396 311809.9107611019
4644 311898.9580025784
4733 312030.2792222642
4833 312353.6106178734
4865 312767.6857049278
5280 313408.0912713302
5359 314051.7823672271
5712 314088.4131979524
5940 314693.4340172910
5976 314874.1520985947
6003 315000.7384819834
6106 315917.9769836213
6571 316289.9131031039
6877 316707.0193267218
7082 316886.2421079982
7297 317196.1643839348
7437 317729.8265446195
7450 317760.4873732983
7827 317838.7576818360
7848 318172.1710560960
7914 318337.3924390516
8085 318668.4444112195
8109 319342.7751618663
8311 319444.2866471897
8720 320031.8642379009
8785 320620.6874544444
8858 320931.6760578916
9014 320944.7685263397
9150 321337.5885326035
9309 321538.9582962020
9329 321580.8195350931
9421 322398.6513713571
9482 323581.8195550698
10000 -2111815.0000000005
evaluations raw_y
1 -2160967.0000000005
2 -2158952.0000000005
20 -2157949.0000000005
28 -2157946.0000000005
33 -2157945.0000000005
34 -2154938.0000000005
57 -2153933.0000000005
65 -2152929.0000000005
70 -2151927.0000000005
72 -2150921.0000000005
81 -2150920.0000000005
86 -2149919.0000000005
101 -2148910.0000000005
120 -2147910.0000000005
128 -2146906.0000000005
154 -2145895.0000000005
238 -2143895.0000000005
306 -2143886.0000000005
335 -2142882.0000000005
409 -2142878.0000000005
454 -2141876.0000000005
502 -2141874.0000000005
582 -2140868.0000000005
620 -2137865.0000000005
741 -2136859.0000000005
745 -2135859.0000000005
783 -2133853.0000000005
786 -2132852.0000000005
836 -2131846.0000000005
892 -2130839.0000000005
896 -2129837.0000000005
912 -2128833.0000000005
933 -2127831.0000000005
965 -2127823.0000000005
1129 -2125816.0000000005
1207 -2124814.0000000005
1308 -2124807.0000000005
1499 -2122807.0000000005
1584 -2121807.0000000005
1603 -2120794.0000000005
1646 -2119780.0000000005
1653 -2119779.0000000005
1717 -2117772.0000000005
1805 -2116770.0000000005
1828 -2115765.0000000005
1855 -2114756.0000000005
2295 -2113750.0000000005
2372 -2111734.0000000005
2427 -2110732.0000000005
2539 -2110730.0000000005
2712 -2110729.0000000005
2753 -2109728.0000000005
2816 -2108719.0000000005
2897 -2106708.0000000005
2978 -2104701.0000000005
3054 -2103700.0000000005
3090 -2103691.0000000005
3268 -2101684.0000000005
3353 -2101680.0000000005
3455 -2101674.0000000005
3676 -2100666.0000000005
3677 -2100659.0000000005
3705 -2099668.0000000005
3748 -2099654.0000000005
3829 -2099653.0000000005
4312 -2098673.0000000005
4407 -2097638.0000000005
4791 -2096633.0000000005
4810 -2094622.0000000005
5505 -2093621.0000000005
5738 -2092617.0000000005
5963 -2091603.0000000005
6203 -2090598.0000000005
6223 -2090596.0000000005
6238 -2089607.0000000005
6301 -2088605.0000000005
6381 -2085589.0000000005
6501 -2084592.0000000005
6881 -2084587.0000000005
6893 -2083585.0000000005
7032 -2082584.0000000005
7154 -2082583.0000000005
7155 -2082580.0000000005
7449 -2081574.0000000005
7677 -2080568.0000000005
7712 -2079563.0000000005
8035 -2078557.0000000005
8222 -2077557.0000000005
8293 -2076549.0000000005
8363 -2075544.0000000005
8591 -2074544.0000000005
8733 -2073533.0000000005
8768 310419.7677345524
8895 311168.4132840710
8929 311883.7875783673
8962 312024.9696165901
9049 312912.7582585441
9493 312959.5013977262
9584 312991.5371740900
9851 313164.8205044920
9920 313705.9740145458
10000 -2081577.0000000005
evaluations raw_y
1 -2162996.0000000005
5 -2161988.0000000005
6 -2160984.0000000005
15 -2159974.0000000005
16 -2158977.0000000005
33 -2158972.0000000005
38 -2158970.0000000005
40 -2158967.0000000005
42 -2157960.0000000005
46 -2156962.0000000005
71 -2155960.0000000005
94 -2154952.0000000005
113 -2153947.0000000005
139 -2151941.0000000005
215 -2150936.0000000005
245 -2150935.0000000005
248 -2150934.0000000005
253 -2149925.0000000005
306 -2147915.0000000005
329 -2145906.0000000005
390 -2144902.0000000005
398 -2143899.0000000005
478 -2143893.0000000005
507 -2142892.0000000005
517 -2139882.0000000005
519 -2138882.0000000005
535 -2138873.0000000005
565 -2137868.0000000005
604 -2136862.0000000005
615 -2136861.0000000005
625 -2136859.0000000005
680 -2135850.0000000005
684 -2133845.0000000005
782 -2132846.0000000005
841 -2131826.0000000005
888 -2130825.0000000005
924 -2129832.0000000005
935 -2129829.0000000005
938 -2129824.0000000005
988 -2128817.0000000005
1006 -2127814.0000000005
1101 -2126807.0000000005
1253 -2125799.0000000005
1491 -2123790.0000000005
1517 -2122801.0000000005
1536 -2122798.0000000005
1663 -2121784.0000000005
1730 -2120777.0000000005
1770 -2119776.0000000005
1810 -2118776.0000000005
1816 -2117768.0000000005
1926 -2115763.0000000005
2495 -2115758.0000000005
2597 -2114751.0000000005
2807 -2113744.0000000005
3029 -2112737.0000000005
3036 -2111736.0000000005
3183 -2110731.0000000005
3469 -2108715.0000000005
3613 -2106712.0000000005
3665 -2105707.0000000005
3695 -2104702.0000000005
3796 -2103697.0000000005
3964 -2102694.0000000005
4187 -2101689.0000000005
4193 -2101688.0000000005
4330 -2100688.0000000005
4427 -2100685.0000000005
4443 -2099677.0000000005
4588 -2098671.0000000005
4983 -2096661.0000000005
5125 -2096658.0000000005
5204 -2094642.0000000005
5264 -2091642.0000000005
5623 -2090640.0000000005
5709 -2090634.0000000005
5995 -2089633.0000000005
5998 -2088626.0000000005
6241 -2087617.0000000005
6273 -2086615.0000000005
6581 -2086613.0000000005
6705 -2085610.0000000005
6718 -2084598.0000000005
6888 -2083597.0000000005
7221 -2083593.0000000005
7398 -2082591.0000000005
7838 -2081585.0000000005
8023 -2080578.0000000005
8470 -2079570.0000000005
8488 -2078569.0000000005
8529 -2077563.0000000005
8563 -2076563.0000000005
8621 -2075557.0000000005
8765 -2075552.0000000005
9082 -2074549.0000000005
9471 -2073541.0000000005
9512 -2073540.0000000005
9516 308330.6970064467
9646 308342.4567639449
9758 308508.6991971075
9957 308533.7544770087
9962 310598.7837368218
10000 -2110731.0000000005
evaluations raw_y
1 -2144866.0000000005
8 -2142854.0000000005
13 -2141849.0000000005
22 -2140845.0000000005
27 -2140840.0000000005
40 -2140833.0000000005
47 -2139827.0000000005
53 -2138821.0000000005
58 -2137812.0000000005
67 -2136812.0000000005
111 -2136810.0000000005
117 -2135810.0000000005
119 -2135805.0000000005
136 -2134805.0000000005
145 -2133797.0000000005
151 -2133791.0000000005
214 -2132799.0000000005
217 -2130792.0000000005
294 -2130790.0000000005
312 -2129787.0000000005
403 -2128786.0000000005
414 -2127782.0000000005
461 -2126778.0000000005
493 -2124772.0000000005
610 -2124770.0000000005
633 -2124765.0000000005
646 -2122757.0000000005
726 -2121753.0000000005
852 -2120754.0000000005
869 -2120745.0000000005
1030 -2119746.0000000005
1107 -2119745.0000000005
1134 -2119741.0000000005
1176 -2119739.0000000005
1210 -2118739.0000000005
1212 -2117732.0000000005
1468 -2116728.0000000005
1603 -2115724.0000000005
1648 -2114723.0000000005
1709 -2113716.0000000005
1965 -2113714.0000000005
2004 -2112715.0000000005
2039 -2112712.0000000005
2106 -2112705.0000000005
2121 -2111696.0000000005
2439 -2110691.0000000005
2599 -2109689.0000000005
2642 -2108681.0000000005
2794 -2107672.0000000005
2953 -2106664.0000000005
3060 -2106663.0000000005
3204 -2105655.0000000005
3255 -2104654.0000000005
3274 -2104646.0000000005
3321 -2103647.0000000005
3332 -2102645.0000000005
3368 -2102639.0000000005
3473 -2100633.0000000005
3524 -2098630.0000000005
3531 -2098623.0000000005
3566 -2097621.0000000005
3682 -2096618.0000000005
3701 -2095611.0000000005
3729 -2094605.0000000005
3815 -2092587.0000000005
4097 -2092580.0000000005
4314 -2091572.0000000005
4969 -2091568.0000000005
5195 -2090560.0000000005
5342 -2089552.0000000005
5422 -2088546.0000000005
5537 -2087556.0000000005
5662 -2087553.0000000005
5697 -2087540.0000000005
5821 -2086537.0000000005
5866 -2086532.0000000005
5883 -2084529.0000000005
5930 -2082528.0000000005
5964 -2081521.0000000005
5969 -2080519.0000000005
6140 -2080518.0000000005
6246 -2079512.0000000005
6482 -2077504.0000000005
6570 -2076499.0000000005
6669 -2075491.0000000005
6725 -2075489.0000000005
6794 -2074497.0000000005
7478 -2073500.0000000005
7485 -2073488.0000000005
7493 306509.2073991753
7528 307088.5829068577
7659 307528.2004302205
8361 308231.5052346605
8533 309607.2135953408
8998 309654.8161762471
9190 310162.9893205881
9346 311141.7606082897
9641 311287.8284932189
9703 311517.7858478139
9876 311974.7745101340
9950 312451.3115081016
10000 -2079508.0000000005
evaluations raw_y
1 -2104792.0000000005
4 -2103788.0000000005
16 -2102779.0000000005
23 -2101769.0000000005
35 -2100774.0000000005
43 -2100768.0000000005
47 -2099760.0000000005
52 -2099755.0000000005
63 -2098751.0000000005
82 -2097751.0000000005
90 -2096749.0000000005
102 -2096744.0000000005
131 -2095752.0000000005
136 -2095751.0000000005
143 -2095744.0000000005
165 -2093740.0000000005
243 -2093739.0000000005
323 -2092737.0000000005
334 -2092731.0000000005
349 -2090725.0000000005
370 -2089719.0000000005
427 -2088722.0000000005
429 -2087722.0000000005
457 -2087717.0000000005
490 -2085707.0000000005
840 -2083703.0000000005
911 -2081695.0000000005
961 -2079683.0000000005
1076 -2079680.0000000005
1329 -2078675.0000000005
1344 -2076660.0000000005
1462 -2075657.0000000005
1567 -2074651.0000000005
1575 -2073648.0000000005
1711 310583.4630937821
1804 310883.0209174884
1922 311111.9948797481
1996 311145.3326360009
2024 311493.3195703341
2028 311735.2879784261
2082 311768.7632599825
2120 312792.2041580349
2286 312879.3024446659
2374 313161.4441698936
2387 314068.0108128999
2440 314895.7450832163
2581 315563.9749097929
2638 316202.1154805606
2717 316256.5034055625
2908 316292.3555437014
2945 317049.4343624747
2974 317331.2342789642
3217 317886.3966148135
3482 318462.5817825008
3597 318603.6613812356
3624 318999.2730291880
3726 319088.4043588117
3803 319806.8995747427
3994 319897.7867600350
4167 320144.8087346504
4623 320661.5328041349
4771 321009.6161703617
4856 321425.2965178231
4912 321506.4635408946
4969 322323.9573738183
5012 322788.2234732541
5229 323239.6186562220
5247 323548.3933748654
5308 323563.0573953730
5314 323572.5026060191
5487 323889.4327037036
5694 323942.8785676426
5717 324324.5575003519
5912 324518.4378747799
6012 324882.5115352633
6207 325640.2214962970
6250 326611.5641778886
6893 326725.0696898134
7037 326973.4817391398
7162 327005.6693524069
7255 327448.4789239560
7278 327756.1442636049
7286 328027.4288846797
7450 329152.1902443986
7538 329570.9182268745
8118 329816.5438413959
8251 330134.4990640566
8359 330475.9504740174
8380 331287.2809323731
8904 331702.7322632773
9221 331914.0903693485
10000 315137.2569621215
evaluations raw_y
1 -2120882.0000000005
3 -2117860.0000000005
25 -2116859.0000000005
27 -2116853.0000000005
43 -2115853.0000000005
51 -2114846.0000000005
71 -2113840.0000000005
98 -2112834.0000000005
114 -2112829.0000000005
129 -2111832.0000000005
137 -2110821.0000000005
149 -2109820.0000000005
167 -2108805.0000000005
192 -2107802.0000000005
218 -2107801.0000000005
265 -2107794.0000000005
288 -2106786.0000000005
320 -2105780.0000000005
327 -2104776.0000000005
341 -2103779.0000000005
367 -2103769.0000000005
375 -2102764.0000000005
377 -2101761.0000000005
419 -2100757.0000000005
460 -2099755.0000000005
465 -2099753.0000000005
533 -2098745.0000000005
602 -2097739.0000000005
638 -2095742.0000000005
682 -2093729.0000000005
841 -2092724.0000000005
960 -2092721.0000000005
1069 -2091716.0000000005
1107 -2090714.0000000005
1127 -2089713.0000000005
1226 -2089710.0000000005
1435 -2088702.0000000005
1439 -2087699.0000000005
1690 -2087695.0000000005
1763 -2086690.0000000005
1812 -2085683.0000000005
1876 -2084676.0000000005
2016 -2084671.0000000005
2062 -2083669.0000000005
2070 -2083668.0000000005
2099 -2082667.0000000005
2176 -2082663.0000000005
2292 -2081662.0000000005
2360 -2080659.0000000005
2375 -2080656.0000000005
2515 -2079658.0000000005
2549 -2078645.0000000005
2617 -2077642.0000000005
2767 -2075641.0000000005
3179 -2074637.0000000005
3222 -2073628.0000000005
3332 304472.9136994043
3375 304596.9403784008
3441 304869.4339779573
3681 305055.3236602856
3731 305231.5310650198
3786 305550.4598304742
3924 306491.7981448369
4126 306950.7233034296
4432 307262.0301311873
4507 307751.7680025730
4521 308630.3544641981
4680 309385.4551570397
4780 310212.0167127919
4799 310403.9605802542
5090 310939.5350299128
5347 311313.7956458396
5587 311371.2010297583
5656 311925.3541021297
5692 312648.2806699123
5976 312691.9762681641
6028 313490.5538252152
6070 313587.6846044072
6248 313746.5482688621
6436 314218.9765335100
6629 314803.2459635475
6694 314978.3208865651
6955 315220.3855417818
7069 315388.4647005273
7143 315716.0174918855
7295 315945.0756365857
7315 316320.3603302846
7776 317185.2504645058
7860 317674.6763463079
8237 317950.2592463813
8652 317968.4687831012
8654 318415.4275874228
8681 318593.9592254920
8734 318947.7224106755
8978 319857.6458979042
9925 320260.3300632722
10000 315316.9615963037
evaluations raw_y
1 -2110847.0000000005
5 -2109831.0000000005
14 -2108830.0000000005
15 -2107822.0000000005
24 -2106822.0000000005
33 -2106821.0000000005
36 -2106820.0000000005
46 -2105817.0000000005
72 -2105814.0000000005
98 -2104816.0000000005
113 -2103815.0000000005
134 -2102806.0000000005
149 -2099794.0000000005
189 -2098786.0000000005
223 -2097784.0000000005
247 -2097782.0000000005
269 -2096780.0000000005
280 -2096776.0000000005
311 -2095775.0000000005
349 -2094767.0000000005
353 -2092757.0000000005
357 -2091757.0000000005
378 -2090750.0000000005
382 -2088744.0000000005
384 -2087737.0000000005
394 -2086737.0000000005
414 -2086731.0000000005
451 -2085724.0000000005
550 -2085723.0000000005
567 -2084716.0000000005
576 -2084715.0000000005
688 -2082707.0000000005
733 -2081702.0000000005
786 -2081697.0000000005
989 -2080693.0000000005
1049 -2079693.0000000005
1235 -2079690.0000000005
1413 -2079685.0000000005
1452 -2078684.0000000005
1459 -2078679.0000000005
1505 -2077682.0000000005
1594 -2075669.0000000005
1688 -2074664.0000000005
1808 -2074661.0000000005
1908 -2073661.0000000005
1988 309030.4707833356
2032 310327.4062856188
2053 310495.6964088593
2227 310597.5011033909
2267 310804.8498428445
2606 310939.2311288210
2703 310989.2590969195
2785 311056.6424494446
2822 311290.3620605799
2891 311650.3778783299
3043 312295.2405410606
3387 312430.4092563832
3610 313152.1616412951
3648 314083.4572787249
3792 314532.1812359342
3911 314849.0238299455
3913 315690.8687863908
4061 316119.7177574474
4188 316466.3170392826
4213 316571.9633219423
4241 317439.1268015516
4554 318036.1790579763
4816 318542.7004173060
4841 318614.3020494802
5043 318872.0094029912
5105 318917.8332187686
5205 319504.3616517916
5206 319514.9364685778
5498 319887.2650725542
5713 320740.9356328017
5983 321237.4570412789
6460 321629.6864027475
6494 322200.6899747299
6648 322573.4635175414
6668 322857.7795136382
6870 323561.7816445157
7196 323844.4278278493
7366 324080.8015668764
7420 324085.4653748900
7552 324704.1773364420
7697 324754.3584862811
7865 325286.8066964082
7902 325475.5308019958
8082 325500.4843070505
8181 325518.6405110717
8229 325994.2985460284
8320 326865.4916996277
8340 327605.7483099716
8782 327616.0830523592
8841 328502.1216623028
9583 329178.7045550109
10000 315136.5574007937
evaluations raw_y
1 -2165887.0000000005
8 -2163877.0000000005
22 -2162875.0000000005
26 -2162871.0000000005
32 -2161865.0000000005
35 -2160856.0000000005
49 -2159855.0000000005
54 -2158855.0000000005
60 -2156843.0000000005
80 -2155836.0000000005
115 -2154834.0000000005
132 -2153825.0000000005
145 -2153819.0000000005
162 -2150799.0000000005
226 -2149793.0000000005
292 -2148793.0000000005
309 -2148785.0000000005
340 -2147785.0000000005
367 -2147778.0000000005
428 -2146783.0000000005
445 -2146774.0000000005
508 -2146772.0000000005
510 -2145788.0000000005
515 -2144784.0000000005
722 -2142777.0000000005
724 -2141768.0000000005
737 -2141765.0000000005
744 -2141763.0000000005
762 -2141761.0000000005
763 -2140760.0000000005
766 -2140757.0000000005
864 -2139749.0000000005
886 -2138752.0000000005
943 -2137745.0000000005
949 -2137742.0000000005
987 -2136746.0000000005
1002 -2136736.0000000005
1098 -2136730.0000000005
1201 -2135724.0000000005
1239 -2134730.0000000005
1252 -2133722.0000000005
1287 -2133721.0000000005
1303 -2132716.0000000005
1344 -2132713.0000000005
1468 -2132706.0000000005
1473 -2131699.0000000005
1488 -2131695.0000000005
1862 -2130695.0000000005
2003 -2129686.0000000005
2225 -2127690.0000000005
2265 -2127683.0000000005
2271 -2126677.0000000005
2277 -2125673.0000000005
2356 -2125670.0000000005
2482 -2124667.0000000005
2589 -2123666.0000000005
2615 -2122665.0000000005
2791 -2122660.0000000005
2875 -2122659.0000000005
3019 -2122658.0000000005
3176 -2121656.0000000005
3244 -2121655.0000000005
3658 -2120653.0000000005
3731 -2119648.0000000005
4017 -2118644.0000000005
4024 -2117640.0000000005
4127 -2117630.0000000005
4365 -2116642.0000000005
4459 -2116625.0000000005
4543 -2115616.0000000005
4807 -2114616.0000000005
4869 -2114609.0000000005
5459 -2112600.0000000005
5722 -2111600.0000000005
5740 -2110592.0000000005
6064 -2109589.0000000005
6165 -2109586.0000000005
6566 -2108590.0000000005
6741 -2107581.0000000005
6834 -2107571.0000000005
6959 -2106582.0000000005
6967 -2106576.0000000005
7082 -2106570.0000000005
7140 -2106565.0000000005
7600 -2104551.0000000005
7660 -2103549.0000000005
7766 -2102544.0000000005
7768 -2102542.0000000005
7844 -2102540.0000000005
7895 -2101539.0000000005
7968 -2100534.0000000005
8068 -2099534.0000000005
8227 -2098523.0000000005
8493 -2097514.0000000005
8535 -2096518.0000000005
8591 -2095513.0000000005
8628 -2095509.0000000005
8715 -2094503.0000000005
8939 -2093497.0000000005
8997 -2091483.0000000005
9042 -2090478.0000000005
9084 -2089483.0000000005
9497 -2089475.0000000005
9763 -2089471.0000000005
9828 -2088463.0000000005
10000 -2122656.0000000005
