evaluations raw_y
1 -218.0000000000
4 -217.0000000000
13 -216.0000000000
38 -215.0000000000
222 -214.0000000000
7079 -213.0000000000
10001 -218.0000000000
evaluations raw_y
1 -219.0000000000
3 -218.0000000000
8 -217.0000000000
22 -216.0000000000
65 -215.0000000000
3363 -214.0000000000
10001 -219.0000000000
evaluations raw_y
1 -209.0000000000
13 -208.0000000000
15 -207.0000000000
38 -206.0000000000
1384 -205.0000000000
10001 -210.0000000000
evaluations raw_y
1 -205.0000000000
4 -204.0000000000
23 -203.0000000000
77 -201.0000000000
4514 -200.0000000000
10001 -206.0000000000
evaluations raw_y
1 -205.0000000000
5 -203.0000000000
39 -202.0000000000
709 -201.0000000000
10001 -207.0000000000
evaluations raw_y
1 -220.0000000000
3 -218.0000000000
22 -217.0000000000
2128 -216.0000000000
10001 -220.0000000000
evaluations raw_y
1 -207.0000000000
2 -206.0000000000
5 -205.0000000000
149 -204.0000000000
1257 -203.0000000000
5849 -201.0000000000
10001 -208.0000000000
evaluations raw_y
1 -217.0000000000
5 -216.0000000000
24 -214.0000000000
1794 -212.0000000000
10001 -220.0000000000
evaluations raw_y
1 -203.0000000000
3 -202.0000000000
122 -201.0000000000
139 -200.0000000000
1322 -199.0000000000
10001 -202.0000000000
evaluations raw_y
1 -207.0000000000
4 -204.0000000000
553 -203.0000000000
10001 -206.0000000000
evaluations raw_y
1 -210.0000000000
6 -209.0000000000
21 -208.0000000000
152 -207.0000000000
872 -206.0000000000
1262 -205.0000000000
10001 -210.0000000000
evaluations raw_y
1 -218.0000000000
4 -217.0000000000
7 -216.0000000000
402 -215.0000000000
1298 -214.0000000000
8518 -213.0000000000
10001 -219.0000000000
evaluations raw_y
1 -223.0000000000
2 -222.0000000000
12 -221.0000000000
75 -220.0000000000
594 -219.0000000000
10001 -224.0000000000
evaluations raw_y
1 -226.0000000000
4 -225.0000000000
9 -224.0000000000
230 -222.0000000000
5559 -221.0000000000
10001 -224.0000000000
evaluations raw_y
1 -222.0000000000
7 -221.0000000000
23 -220.0000000000
417 -219.0000000000
1768 -218.0000000000
4568 -217.0000000000
10001 -221.0000000000
evaluations raw_y
1 -215.0000000000
9 -214.0000000000
26 -213.0000000000
42 -212.0000000000
8049 -211.0000000000
8893 -210.0000000000
10001 -214.0000000000
evaluations raw_y
1 -216.0000000000
3 -215.0000000000
6 -214.0000000000
172 -213.0000000000
2143 -212.0000000000
2729 -211.0000000000
10001 -217.0000000000
evaluations raw_y
1 -233.0000000000
9 -231.0000000000
144 -230.0000000000
1762 -229.0000000000
10001 -234.0000000000
evaluations raw_y
1 -205.0000000000
3 -203.0000000000
91 -201.0000000000
5669 -200.0000000000
10001 -206.0000000000
evaluations raw_y
1 -201.0000000000
3 -200.0000000000
45 -199.0000000000
131 -198.0000000000
3323 -197.0000000000
4755 -196.0000000000
10001 -202.0000000000
evaluations raw_y
1 -216.0000000000
3 -215.0000000000
5 -214.0000000000
16 -213.0000000000
946 -212.0000000000
5095 -210.0000000000
10001 -216.0000000000
evaluations raw_y
1 -206.0000000000
7 -205.0000000000
10 -204.0000000000
37 -203.0000000000
712 -202.0000000000
10001 -206.0000000000
evaluations raw_y
1 -216.0000000000
6 -215.0000000000
14 -214.0000000000
63 -213.0000000000
1909 -212.0000000000
10001 -215.0000000000
evaluations raw_y
1 -209.0000000000
2 -208.0000000000
3 -207.0000000000
130 -206.0000000000
2667 -205.0000000000
10001 -209.0000000000
evaluations raw_y
1 -225.0000000000
3 -224.0000000000
31 -223.0000000000
60 -221.0000000000
82 -220.0000000000
10001 -225.0000000000
evaluations raw_y
1 -196.0000000000
6 -195.0000000000
25 -194.0000000000
181 -193.0000000000
3022 -191.0000000000
10001 -195.0000000000
evaluations raw_y
1 -231.0000000000
4 -229.0000000000
55 -228.0000000000
658 -227.0000000000
10001 -230.0000000000
evaluations raw_y
1 -214.0000000000
6 -213.0000000000
23 -212.0000000000
301 -211.0000000000
4350 -210.0000000000
10001 -215.0000000000
evaluations raw_y
1 -207.0000000000
8 -206.0000000000
76 -205.0000000000
318 -204.0000000000
1093 -203.0000000000
1279 -202.0000000000
10001 -205.0000000000
evaluations raw_y
1 -200.0000000000
2 -199.0000000000
12 -197.0000000000
53 -196.0000000000
10001 -201.0000000000
