evaluations raw_y
1 -207.0000000000
4 -206.0000000000
8 -205.0000000000
184 -202.0000000000
10001 -208.0000000000
evaluations raw_y
1 -211.0000000000
2 -210.0000000000
14 -208.0000000000
1055 -205.0000000000
10001 -212.0000000000
evaluations raw_y
1 -207.0000000000
7 -206.0000000000
29 -205.0000000000
70 -204.0000000000
2596 -203.0000000000
10001 -208.0000000000
evaluations raw_y
1 -229.0000000000
4 -228.0000000000
30 -227.0000000000
171 -225.0000000000
4532 -224.0000000000
10001 -229.0000000000
evaluations raw_y
1 -223.0000000000
16 -222.0000000000
20 -221.0000000000
74 -220.0000000000
649 -218.0000000000
10001 -225.0000000000
evaluations raw_y
1 -220.0000000000
2 -218.0000000000
29 -217.0000000000
787 -216.0000000000
9557 -214.0000000000
10001 -220.0000000000
evaluations raw_y
1 -200.0000000000
4 -199.0000000000
19 -198.0000000000
40 -197.0000000000
1308 -196.0000000000
10001 -200.0000000000
evaluations raw_y
1 -226.0000000000
6 -224.0000000000
101 -223.0000000000
178 -222.0000000000
2054 -221.0000000000
10001 -226.0000000000
evaluations raw_y
1 -215.0000000000
3 -213.0000000000
59 -212.0000000000
2219 -211.0000000000
7277 -210.0000000000
10001 -215.0000000000
evaluations raw_y
1 -216.0000000000
2 -215.0000000000
44 -214.0000000000
211 -213.0000000000
1374 -212.0000000000
10001 -216.0000000000
evaluations raw_y
1 -197.0000000000
5 -196.0000000000
27 -195.0000000000
236 -194.0000000000
1344 -193.0000000000
4473 -192.0000000000
10001 -197.0000000000
evaluations raw_y
1 -222.0000000000
2 -221.0000000000
7 -220.0000000000
104 -219.0000000000
219 -218.0000000000
10001 -221.0000000000
evaluations raw_y
1 -215.0000000000
2 -214.0000000000
7 -213.0000000000
116 -212.0000000000
221 -211.0000000000
10001 -215.0000000000
evaluations raw_y
1 -215.0000000000
2 -214.0000000000
79 -212.0000000000
513 -211.0000000000
1378 -210.0000000000
10001 -215.0000000000
evaluations raw_y
1 -216.0000000000
5 -214.0000000000
34 -213.0000000000
1529 -212.0000000000
3213 -211.0000000000
10001 -215.0000000000
evaluations raw_y
1 -212.0000000000
7 -211.0000000000
10 -210.0000000000
60 -209.0000000000
292 -208.0000000000
10001 -211.0000000000
evaluations raw_y
1 -205.0000000000
4 -204.0000000000
9 -203.0000000000
71 -201.0000000000
3397 -200.0000000000
10001 -207.0000000000
evaluations raw_y
1 -222.0000000000
2 -220.0000000000
165 -219.0000000000
2880 -218.0000000000
10001 -221.0000000000
evaluations raw_y
1 -224.0000000000
17 -223.0000000000
35 -222.0000000000
264 -221.0000000000
1941 -220.0000000000
6870 -219.0000000000
10001 -224.0000000000
evaluations raw_y
1 -218.0000000000
5 -217.0000000000
24 -216.0000000000
51 -215.0000000000
1468 -214.0000000000
10001 -217.0000000000
evaluations raw_y
1 -228.0000000000
2 -227.0000000000
20 -226.0000000000
25 -225.0000000000
255 -224.0000000000
2064 -223.0000000000
10001 -227.0000000000
evaluations raw_y
1 -211.0000000000
4 -210.0000000000
14 -208.0000000000
469 -207.0000000000
10001 -211.0000000000
evaluations raw_y
1 -221.0000000000
2 -220.0000000000
28 -219.0000000000
364 -218.0000000000
1143 -217.0000000000
10001 -221.0000000000
evaluations raw_y
1 -220.0000000000
3 -219.0000000000
16 -217.0000000000
1620 -216.0000000000
6776 -215.0000000000
10001 -219.0000000000
evaluations raw_y
1 -231.0000000000
2 -230.0000000000
7 -229.0000000000
104 -228.0000000000
1142 -227.0000000000
10001 -229.0000000000
evaluations raw_y
1 -217.0000000000
5 -216.0000000000
14 -215.0000000000
224 -214.0000000000
546 -213.0000000000
10001 -218.0000000000
evaluations raw_y
1 -222.0000000000
2 -221.0000000000
34 -220.0000000000
80 -219.0000000000
3697 -218.0000000000
10001 -222.0000000000
evaluations raw_y
1 -206.0000000000
3 -204.0000000000
15 -203.0000000000
1370 -202.0000000000
1771 -201.0000000000
10001 -205.0000000000
evaluations raw_y
1 -232.0000000000
4 -229.0000000000
296 -228.0000000000
10001 -232.0000000000
evaluations raw_y
1 -209.0000000000
4 -208.0000000000
13 -207.0000000000
264 -206.0000000000
350 -205.0000000000
10001 -208.0000000000
