evaluations raw_y
1 -382.0000000000
5 -381.0000000000
8 -380.0000000000
19 -379.0000000000
46 -378.0000000000
70 -376.0000000000
89 -375.0000000000
100 -374.0000000000
190 -373.0000000000
215 -372.0000000000
247 -370.0000000000
261 -369.0000000000
271 -367.0000000000
275 -366.0000000000
305 -365.0000000000
306 -364.0000000000
361 -363.0000000000
405 -361.0000000000
432 -360.0000000000
452 -358.0000000000
474 -357.0000000000
540 -356.0000000000
778 -355.0000000000
882 -354.0000000000
986 -353.0000000000
1029 -352.0000000000
1080 -351.0000000000
1108 -350.0000000000
1258 -349.0000000000
1293 -347.0000000000
1409 -345.0000000000
1559 -342.0000000000
1945 -341.0000000000
2096 -340.0000000000
2236 -339.0000000000
2386 -338.0000000000
2417 -337.0000000000
2584 -334.0000000000
2779 -333.0000000000
2788 -332.0000000000
2820 -331.0000000000
2868 -330.0000000000
2981 -328.0000000000
3445 -327.0000000000
3574 -326.0000000000
3646 -325.0000000000
3648 -324.0000000000
4079 -323.0000000000
4557 -321.0000000000
4591 -319.0000000000
4593 -318.0000000000
4726 -317.0000000000
4905 -315.0000000000
4922 -314.0000000000
5006 -312.0000000000
5125 -310.0000000000
5175 -309.0000000000
5280 -308.0000000000
5545 -307.0000000000
5870 -306.0000000000
6195 -305.0000000000
6313 -304.0000000000
6652 -302.0000000000
6705 -300.0000000000
6758 -299.0000000000
7067 -298.0000000000
7342 -297.0000000000
7711 -296.0000000000
8025 -295.0000000000
8044 -294.0000000000
8064 -293.0000000000
8421 -292.0000000000
8950 -291.0000000000
9006 -290.0000000000
9079 -289.0000000000
9090 -288.0000000000
9297 -287.0000000000
10000 -338.0000000000
evaluations raw_y
1 -366.0000000000
5 -365.0000000000
15 -363.0000000000
18 -361.0000000000
33 -360.0000000000
44 -359.0000000000
58 -358.0000000000
81 -357.0000000000
83 -356.0000000000
127 -355.0000000000
165 -354.0000000000
170 -353.0000000000
222 -352.0000000000
263 -351.0000000000
491 -350.0000000000
565 -349.0000000000
576 -348.0000000000
587 -346.0000000000
633 -345.0000000000
782 -344.0000000000
801 -342.0000000000
816 -340.0000000000
867 -339.0000000000
943 -337.0000000000
987 -336.0000000000
1072 -335.0000000000
1239 -334.0000000000
1272 -333.0000000000
1398 -332.0000000000
1434 -331.0000000000
1505 -330.0000000000
1741 -328.0000000000
1805 -327.0000000000
1885 -326.0000000000
1907 -325.0000000000
1924 -324.0000000000
2015 -323.0000000000
2170 -322.0000000000
2282 -321.0000000000
2309 -320.0000000000
2337 -319.0000000000
2440 -318.0000000000
2525 -317.0000000000
2536 -316.0000000000
2898 -314.0000000000
2998 -313.0000000000
3299 -312.0000000000
3953 -311.0000000000
4148 -310.0000000000
4334 -309.0000000000
4355 -308.0000000000
4433 -307.0000000000
4458 -306.0000000000
5167 -305.0000000000
5193 -303.0000000000
5409 -302.0000000000
5497 -301.0000000000
5783 -299.0000000000
5976 -298.0000000000
6202 -297.0000000000
6404 -296.0000000000
6416 -294.0000000000
7082 -293.0000000000
7442 -292.0000000000
7746 -291.0000000000
8008 -290.0000000000
8880 -289.0000000000
9210 -288.0000000000
9257 -287.0000000000
9589 -286.0000000000
9958 -285.0000000000
10000 -313.0000000000
evaluations raw_y
1 -348.0000000000
3 -347.0000000000
4 -346.0000000000
12 -345.0000000000
20 -344.0000000000
22 -343.0000000000
25 -342.0000000000
67 -341.0000000000
117 -340.0000000000
213 -338.0000000000
220 -337.0000000000
326 -336.0000000000
341 -334.0000000000
388 -333.0000000000
412 -332.0000000000
460 -331.0000000000
494 -330.0000000000
503 -329.0000000000
646 -328.0000000000
792 -327.0000000000
841 -325.0000000000
858 -323.0000000000
1051 -322.0000000000
1187 -321.0000000000
1206 -319.0000000000
1217 -318.0000000000
1256 -317.0000000000
1403 -315.0000000000
1435 -313.0000000000
2050 -312.0000000000
2089 -311.0000000000
2159 -310.0000000000
2170 -309.0000000000
2172 -308.0000000000
2373 -307.0000000000
2902 -306.0000000000
2910 -304.0000000000
3143 -303.0000000000
3409 -302.0000000000
3761 -301.0000000000
3854 -300.0000000000
3877 -299.0000000000
4142 -298.0000000000
4771 -297.0000000000
4849 -295.0000000000
5025 -294.0000000000
5760 -293.0000000000
5769 -290.0000000000
6031 -289.0000000000
6046 -288.0000000000
6231 -287.0000000000
6821 -286.0000000000
6913 -284.0000000000
7001 -283.0000000000
7271 -282.0000000000
7320 -281.0000000000
7752 -280.0000000000
7867 -279.0000000000
8027 -278.0000000000
8489 -277.0000000000
8625 -276.0000000000
8849 -275.0000000000
9227 -274.0000000000
9523 -273.0000000000
9786 -272.0000000000
10000 -344.0000000000
evaluations raw_y
1 -384.0000000000
4 -382.0000000000
9 -381.0000000000
17 -378.0000000000
41 -377.0000000000
58 -376.0000000000
91 -375.0000000000
93 -374.0000000000
100 -373.0000000000
138 -372.0000000000
149 -371.0000000000
163 -370.0000000000
198 -369.0000000000
246 -368.0000000000
256 -367.0000000000
258 -366.0000000000
355 -365.0000000000
424 -364.0000000000
470 -363.0000000000
526 -360.0000000000
528 -359.0000000000
844 -358.0000000000
889 -357.0000000000
938 -356.0000000000
997 -355.0000000000
1077 -354.0000000000
1141 -353.0000000000
1161 -352.0000000000
1165 -351.0000000000
1208 -350.0000000000
1242 -349.0000000000
1580 -348.0000000000
2109 -347.0000000000
2316 -346.0000000000
2414 -345.0000000000
2443 -343.0000000000
2603 -342.0000000000
2622 -341.0000000000
2700 -340.0000000000
2830 -339.0000000000
2887 -337.0000000000
3081 -336.0000000000
3124 -335.0000000000
3273 -334.0000000000
3347 -333.0000000000
3354 -332.0000000000
3475 -331.0000000000
3580 -330.0000000000
3792 -329.0000000000
3793 -327.0000000000
3860 -323.0000000000
4181 -322.0000000000
4408 -321.0000000000
4612 -320.0000000000
4651 -319.0000000000
4719 -318.0000000000
4989 -317.0000000000
5207 -316.0000000000
5344 -314.0000000000
5592 -313.0000000000
6261 -312.0000000000
6266 -311.0000000000
6374 -310.0000000000
6754 -309.0000000000
6769 -308.0000000000
6808 -307.0000000000
7145 -306.0000000000
7243 -304.0000000000
7343 -303.0000000000
7605 -302.0000000000
7738 -301.0000000000
7760 -300.0000000000
8161 -299.0000000000
8514 -298.0000000000
8574 -297.0000000000
8640 -296.0000000000
8692 -294.0000000000
9596 -293.0000000000
10000 -302.0000000000
evaluations raw_y
1 -376.0000000000
3 -374.0000000000
7 -373.0000000000
8 -372.0000000000
12 -371.0000000000
18 -370.0000000000
59 -369.0000000000
121 -368.0000000000
131 -367.0000000000
134 -365.0000000000
145 -364.0000000000
153 -362.0000000000
173 -360.0000000000
188 -358.0000000000
219 -357.0000000000
234 -356.0000000000
325 -355.0000000000
333 -354.0000000000
335 -353.0000000000
349 -352.0000000000
372 -351.0000000000
407 -350.0000000000
458 -349.0000000000
592 -347.0000000000
668 -346.0000000000
703 -345.0000000000
787 -343.0000000000
932 -342.0000000000
1054 -341.0000000000
1122 -339.0000000000
1148 -338.0000000000
1208 -337.0000000000
1449 -335.0000000000
1901 -334.0000000000
1916 -333.0000000000
2151 -332.0000000000
2249 -331.0000000000
2264 -330.0000000000
2309 -328.0000000000
2346 -327.0000000000
2453 -326.0000000000
2454 -325.0000000000
2595 -324.0000000000
2600 -323.0000000000
3060 -321.0000000000
3086 -320.0000000000
3345 -319.0000000000
3410 -318.0000000000
3741 -317.0000000000
4056 -316.0000000000
4150 -315.0000000000
4245 -313.0000000000
4292 -312.0000000000
4624 -311.0000000000
4675 -310.0000000000
5028 -309.0000000000
5347 -307.0000000000
5936 -305.0000000000
6385 -304.0000000000
6387 -302.0000000000
6675 -301.0000000000
7253 -300.0000000000
7776 -299.0000000000
8174 -298.0000000000
8950 -297.0000000000
9533 -296.0000000000
9597 -293.0000000000
9994 -292.0000000000
10000 -329.0000000000
evaluations raw_y
1 -361.0000000000
4 -360.0000000000
37 -359.0000000000
52 -357.0000000000
63 -356.0000000000
113 -355.0000000000
125 -354.0000000000
139 -353.0000000000
164 -351.0000000000
214 -350.0000000000
215 -349.0000000000
245 -348.0000000000
251 -347.0000000000
302 -344.0000000000
422 -342.0000000000
448 -340.0000000000
490 -338.0000000000
569 -337.0000000000
587 -336.0000000000
643 -335.0000000000
713 -334.0000000000
921 -333.0000000000
1056 -332.0000000000
1076 -331.0000000000
1204 -330.0000000000
1214 -329.0000000000
1351 -328.0000000000
1359 -327.0000000000
1405 -324.0000000000
1544 -321.0000000000
1698 -318.0000000000
1735 -317.0000000000
1742 -316.0000000000
1893 -314.0000000000
1960 -313.0000000000
2059 -312.0000000000
2393 -311.0000000000
2416 -310.0000000000
2446 -309.0000000000
2884 -308.0000000000
3004 -307.0000000000
3259 -305.0000000000
3516 -304.0000000000
3730 -303.0000000000
3774 -302.0000000000
4627 -301.0000000000
4681 -299.0000000000
4703 -298.0000000000
5028 -297.0000000000
5154 -296.0000000000
5187 -295.0000000000
5558 -294.0000000000
5757 -293.0000000000
5816 -291.0000000000
5853 -290.0000000000
6188 -289.0000000000
6192 -288.0000000000
6970 -286.0000000000
7668 -285.0000000000
7680 -284.0000000000
7859 -283.0000000000
8141 -282.0000000000
8373 -281.0000000000
9195 -280.0000000000
9253 -279.0000000000
9700 -278.0000000000
10000 -334.0000000000
evaluations raw_y
1 -344.0000000000
4 -343.0000000000
25 -342.0000000000
31 -341.0000000000
50 -339.0000000000
51 -338.0000000000
69 -337.0000000000
71 -335.0000000000
74 -334.0000000000
134 -333.0000000000
135 -332.0000000000
256 -331.0000000000
261 -330.0000000000
290 -329.0000000000
296 -328.0000000000
598 -327.0000000000
625 -324.0000000000
838 -323.0000000000
851 -322.0000000000
917 -321.0000000000
1096 -320.0000000000
1183 -319.0000000000
1202 -318.0000000000
1233 -317.0000000000
1273 -316.0000000000
1298 -315.0000000000
1372 -314.0000000000
1463 -313.0000000000
1549 -312.0000000000
1578 -311.0000000000
1938 -310.0000000000
1993 -309.0000000000
2020 -308.0000000000
2034 -307.0000000000
2237 -306.0000000000
2381 -304.0000000000
2449 -303.0000000000
2505 -302.0000000000
2818 -301.0000000000
2875 -300.0000000000
3136 -298.0000000000
3239 -297.0000000000
3347 -296.0000000000
3361 -294.0000000000
3378 -293.0000000000
3383 -291.0000000000
3384 -290.0000000000
3450 -288.0000000000
3696 -287.0000000000
3720 -286.0000000000
3732 -285.0000000000
3791 -284.0000000000
4015 -283.0000000000
4116 -281.0000000000
4779 -280.0000000000
5133 -279.0000000000
5144 -278.0000000000
5257 -276.0000000000
5974 -275.0000000000
6269 -274.0000000000
6628 -273.0000000000
7491 -272.0000000000
7644 -271.0000000000
7958 -270.0000000000
8988 -269.0000000000
9120 -267.0000000000
9218 -266.0000000000
9597 -265.0000000000
9622 -264.0000000000
10000 -333.0000000000
evaluations raw_y
1 -360.0000000000
3 -357.0000000000
5 -356.0000000000
13 -355.0000000000
18 -354.0000000000
34 -353.0000000000
69 -350.0000000000
88 -349.0000000000
109 -348.0000000000
124 -347.0000000000
138 -346.0000000000
172 -345.0000000000
177 -342.0000000000
219 -340.0000000000
238 -339.0000000000
244 -337.0000000000
314 -336.0000000000
321 -335.0000000000
357 -332.0000000000
412 -331.0000000000
465 -330.0000000000
487 -328.0000000000
575 -327.0000000000
626 -326.0000000000
695 -325.0000000000
703 -324.0000000000
790 -323.0000000000
850 -322.0000000000
1042 -321.0000000000
1083 -319.0000000000
1248 -317.0000000000
1255 -316.0000000000
1412 -315.0000000000
1421 -314.0000000000
1430 -312.0000000000
1593 -310.0000000000
2366 -309.0000000000
2769 -308.0000000000
3295 -305.0000000000
3565 -304.0000000000
3979 -302.0000000000
4209 -301.0000000000
4301 -300.0000000000
4384 -299.0000000000
4393 -297.0000000000
5061 -295.0000000000
5339 -293.0000000000
5418 -291.0000000000
5509 -290.0000000000
7423 -288.0000000000
7674 -287.0000000000
7726 -286.0000000000
8279 -285.0000000000
8619 -284.0000000000
8885 -283.0000000000
9175 -282.0000000000
9536 -281.0000000000
9764 -280.0000000000
9917 -279.0000000000
10000 -317.0000000000
evaluations raw_y
1 -358.0000000000
2 -356.0000000000
5 -355.0000000000
36 -354.0000000000
51 -353.0000000000
57 -351.0000000000
118 -350.0000000000
126 -348.0000000000
154 -347.0000000000
192 -346.0000000000
208 -345.0000000000
212 -343.0000000000
266 -342.0000000000
275 -341.0000000000
352 -340.0000000000
394 -339.0000000000
403 -338.0000000000
417 -337.0000000000
431 -336.0000000000
437 -335.0000000000
446 -334.0000000000
471 -333.0000000000
529 -332.0000000000
590 -331.0000000000
600 -330.0000000000
869 -328.0000000000
891 -327.0000000000
903 -326.0000000000
964 -325.0000000000
1063 -324.0000000000
1162 -323.0000000000
1398 -321.0000000000
1470 -320.0000000000
1515 -318.0000000000
1538 -317.0000000000
1950 -316.0000000000
2184 -315.0000000000
2517 -314.0000000000
2687 -313.0000000000
2701 -312.0000000000
2827 -311.0000000000
2919 -310.0000000000
2945 -309.0000000000
3047 -308.0000000000
3071 -306.0000000000
3106 -305.0000000000
3303 -304.0000000000
3322 -303.0000000000
3375 -302.0000000000
3865 -299.0000000000
3957 -297.0000000000
4311 -296.0000000000
4584 -295.0000000000
4637 -294.0000000000
4644 -292.0000000000
4942 -291.0000000000
4984 -290.0000000000
5008 -289.0000000000
5018 -288.0000000000
5169 -287.0000000000
5723 -286.0000000000
5947 -284.0000000000
6171 -283.0000000000
6315 -282.0000000000
6736 -281.0000000000
6878 -280.0000000000
7619 -279.0000000000
7954 -278.0000000000
8737 -277.0000000000
8870 -276.0000000000
9005 -275.0000000000
9070 -272.0000000000
9233 -271.0000000000
9355 -268.0000000000
9434 -267.0000000000
10000 -315.0000000000
evaluations raw_y
1 -366.0000000000
11 -365.0000000000
13 -364.0000000000
24 -363.0000000000
51 -362.0000000000
59 -361.0000000000
96 -360.0000000000
134 -359.0000000000
140 -358.0000000000
150 -357.0000000000
160 -356.0000000000
175 -353.0000000000
262 -352.0000000000
273 -351.0000000000
274 -350.0000000000
369 -349.0000000000
395 -348.0000000000
397 -347.0000000000
398 -346.0000000000
672 -345.0000000000
747 -344.0000000000
821 -343.0000000000
904 -342.0000000000
920 -341.0000000000
930 -340.0000000000
1105 -338.0000000000
1174 -336.0000000000
1259 -335.0000000000
1366 -334.0000000000
1370 -333.0000000000
1395 -332.0000000000
1432 -330.0000000000
1594 -329.0000000000
1678 -328.0000000000
1865 -326.0000000000
1887 -325.0000000000
1953 -324.0000000000
2127 -323.0000000000
2224 -321.0000000000
2232 -320.0000000000
2253 -318.0000000000
2799 -317.0000000000
3043 -315.0000000000
3045 -314.0000000000
3940 -313.0000000000
4165 -311.0000000000
4179 -310.0000000000
4376 -309.0000000000
4564 -308.0000000000
4673 -307.0000000000
4708 -306.0000000000
5131 -305.0000000000
5494 -304.0000000000
6083 -303.0000000000
6343 -302.0000000000
6370 -301.0000000000
6415 -300.0000000000
6571 -299.0000000000
6686 -297.0000000000
7934 -296.0000000000
8194 -293.0000000000
8388 -291.0000000000
8464 -290.0000000000
9640 -289.0000000000
9768 -287.0000000000
10000 -336.0000000000
evaluations raw_y
1 -392.0000000000
2 -390.0000000000
5 -388.0000000000
49 -387.0000000000
59 -385.0000000000
71 -382.0000000000
90 -381.0000000000
98 -380.0000000000
104 -379.0000000000
135 -378.0000000000
137 -377.0000000000
157 -376.0000000000
174 -375.0000000000
333 -374.0000000000
438 -373.0000000000
498 -372.0000000000
507 -371.0000000000
640 -370.0000000000
797 -369.0000000000
810 -368.0000000000
898 -367.0000000000
923 -366.0000000000
1095 -365.0000000000
1224 -364.0000000000
1247 -363.0000000000
1270 -362.0000000000
1314 -360.0000000000
1391 -359.0000000000
1439 -358.0000000000
1511 -357.0000000000
1768 -356.0000000000
1840 -355.0000000000
1845 -354.0000000000
1870 -353.0000000000
2214 -352.0000000000
2435 -351.0000000000
2811 -349.0000000000
3074 -348.0000000000
3110 -347.0000000000
3211 -346.0000000000
3523 -343.0000000000
3667 -342.0000000000
3788 -340.0000000000
3895 -337.0000000000
3993 -336.0000000000
4277 -335.0000000000
4296 -334.0000000000
4341 -333.0000000000
4845 -332.0000000000
5178 -331.0000000000
5194 -330.0000000000
5205 -329.0000000000
5509 -327.0000000000
5688 -325.0000000000
5876 -324.0000000000
5944 -323.0000000000
6047 -321.0000000000
6245 -320.0000000000
6354 -319.0000000000
6361 -318.0000000000
6363 -317.0000000000
6479 -315.0000000000
7126 -314.0000000000
7673 -313.0000000000
8451 -312.0000000000
8515 -311.0000000000
8971 -310.0000000000
9612 -308.0000000000
9699 -305.0000000000
9702 -304.0000000000
9885 -303.0000000000
10000 -355.0000000000
evaluations raw_y
1 -368.0000000000
2 -367.0000000000
35 -366.0000000000
38 -365.0000000000
56 -364.0000000000
59 -363.0000000000
61 -362.0000000000
65 -361.0000000000
77 -360.0000000000
143 -358.0000000000
145 -357.0000000000
150 -356.0000000000
186 -354.0000000000
201 -353.0000000000
249 -352.0000000000
334 -351.0000000000
362 -349.0000000000
379 -348.0000000000
384 -347.0000000000
399 -346.0000000000
420 -345.0000000000
464 -344.0000000000
467 -343.0000000000
494 -342.0000000000
502 -341.0000000000
603 -340.0000000000
618 -339.0000000000
737 -338.0000000000
819 -337.0000000000
947 -336.0000000000
975 -334.0000000000
984 -333.0000000000
1075 -332.0000000000
1288 -331.0000000000
1326 -330.0000000000
1377 -329.0000000000
1394 -328.0000000000
1424 -326.0000000000
2035 -325.0000000000
2053 -323.0000000000
2112 -322.0000000000
2191 -321.0000000000
2321 -320.0000000000
2364 -318.0000000000
2458 -317.0000000000
2549 -316.0000000000
2661 -315.0000000000
2834 -314.0000000000
2913 -312.0000000000
3079 -311.0000000000
3392 -310.0000000000
3662 -309.0000000000
3956 -307.0000000000
4090 -306.0000000000
4740 -305.0000000000
4949 -304.0000000000
4959 -303.0000000000
5069 -302.0000000000
5097 -301.0000000000
5173 -300.0000000000
5234 -299.0000000000
5284 -298.0000000000
5335 -297.0000000000
5837 -296.0000000000
6041 -295.0000000000
6430 -294.0000000000
6697 -293.0000000000
6800 -292.0000000000
7202 -290.0000000000
7295 -289.0000000000
7426 -288.0000000000
7518 -286.0000000000
7706 -285.0000000000
8396 -284.0000000000
8406 -283.0000000000
8506 -281.0000000000
8784 -280.0000000000
8802 -279.0000000000
8906 -278.0000000000
9908 -277.0000000000
10000 -300.0000000000
evaluations raw_y
1 -353.0000000000
13 -352.0000000000
14 -350.0000000000
26 -349.0000000000
27 -347.0000000000
33 -346.0000000000
89 -345.0000000000
102 -344.0000000000
153 -342.0000000000
155 -341.0000000000
201 -340.0000000000
218 -339.0000000000
221 -338.0000000000
252 -337.0000000000
253 -336.0000000000
271 -335.0000000000
283 -334.0000000000
317 -332.0000000000
493 -331.0000000000
512 -330.0000000000
579 -328.0000000000
581 -327.0000000000
654 -326.0000000000
716 -325.0000000000
719 -324.0000000000
855 -323.0000000000
1043 -322.0000000000
1122 -321.0000000000
1216 -320.0000000000
1233 -319.0000000000
1266 -318.0000000000
1600 -317.0000000000
1639 -316.0000000000
1672 -315.0000000000
1721 -314.0000000000
1738 -313.0000000000
1931 -312.0000000000
1964 -311.0000000000
2212 -310.0000000000
2214 -309.0000000000
2512 -308.0000000000
2522 -307.0000000000
2575 -306.0000000000
2639 -305.0000000000
2947 -304.0000000000
2956 -303.0000000000
3476 -302.0000000000
3499 -301.0000000000
3520 -300.0000000000
3719 -299.0000000000
4242 -298.0000000000
4317 -297.0000000000
4367 -296.0000000000
4877 -295.0000000000
4963 -294.0000000000
4993 -293.0000000000
5139 -292.0000000000
5412 -290.0000000000
5798 -289.0000000000
6024 -288.0000000000
6170 -287.0000000000
6294 -286.0000000000
7054 -285.0000000000
7450 -283.0000000000
7994 -282.0000000000
8006 -281.0000000000
8009 -279.0000000000
9342 -278.0000000000
9350 -277.0000000000
9811 -275.0000000000
10000 -301.0000000000
evaluations raw_y
1 -365.0000000000
6 -364.0000000000
13 -363.0000000000
14 -362.0000000000
31 -361.0000000000
35 -360.0000000000
67 -359.0000000000
135 -358.0000000000
149 -357.0000000000
171 -356.0000000000
193 -355.0000000000
263 -354.0000000000
421 -353.0000000000
426 -351.0000000000
482 -349.0000000000
513 -345.0000000000
540 -344.0000000000
541 -342.0000000000
589 -341.0000000000
613 -340.0000000000
620 -339.0000000000
653 -338.0000000000
660 -337.0000000000
881 -336.0000000000
1028 -335.0000000000
1029 -334.0000000000
1155 -333.0000000000
1460 -332.0000000000
1497 -331.0000000000
1510 -329.0000000000
1616 -326.0000000000
1653 -325.0000000000
1713 -324.0000000000
1762 -323.0000000000
1776 -321.0000000000
1789 -320.0000000000
1950 -319.0000000000
2269 -318.0000000000
2275 -317.0000000000
2320 -316.0000000000
2402 -315.0000000000
2412 -313.0000000000
2847 -312.0000000000
3140 -310.0000000000
3375 -309.0000000000
3393 -308.0000000000
3505 -307.0000000000
3555 -306.0000000000
3628 -305.0000000000
3761 -303.0000000000
3816 -302.0000000000
3904 -301.0000000000
3943 -300.0000000000
3998 -298.0000000000
4225 -297.0000000000
4229 -295.0000000000
4855 -294.0000000000
4988 -293.0000000000
5480 -292.0000000000
6287 -291.0000000000
6480 -290.0000000000
6516 -286.0000000000
6906 -285.0000000000
7163 -284.0000000000
7770 -281.0000000000
7851 -280.0000000000
8035 -279.0000000000
8211 -277.0000000000
8566 -276.0000000000
8645 -275.0000000000
8906 -274.0000000000
8974 -273.0000000000
9105 -272.0000000000
9845 -271.0000000000
10000 -307.0000000000
evaluations raw_y
1 -376.0000000000
5 -374.0000000000
7 -373.0000000000
15 -372.0000000000
19 -371.0000000000
38 -370.0000000000
46 -368.0000000000
66 -367.0000000000
101 -366.0000000000
120 -365.0000000000
140 -364.0000000000
143 -362.0000000000
161 -361.0000000000
162 -360.0000000000
172 -359.0000000000
196 -358.0000000000
202 -357.0000000000
242 -356.0000000000
424 -355.0000000000
490 -354.0000000000
667 -353.0000000000
670 -352.0000000000
766 -351.0000000000
913 -350.0000000000
981 -349.0000000000
1124 -348.0000000000
1189 -346.0000000000
1211 -344.0000000000
1536 -342.0000000000
1653 -341.0000000000
1658 -340.0000000000
1675 -339.0000000000
1692 -338.0000000000
1772 -337.0000000000
2112 -336.0000000000
2153 -335.0000000000
2484 -334.0000000000
2607 -333.0000000000
2697 -332.0000000000
2833 -329.0000000000
3087 -328.0000000000
3107 -327.0000000000
3108 -326.0000000000
3185 -325.0000000000
3415 -324.0000000000
3515 -323.0000000000
3564 -322.0000000000
3611 -320.0000000000
3635 -319.0000000000
3660 -318.0000000000
4116 -317.0000000000
4366 -316.0000000000
4567 -315.0000000000
4668 -314.0000000000
4925 -313.0000000000
5374 -312.0000000000
5511 -311.0000000000
5523 -310.0000000000
5759 -309.0000000000
5767 -308.0000000000
6385 -306.0000000000
6390 -305.0000000000
6397 -304.0000000000
6750 -303.0000000000
6855 -302.0000000000
6956 -300.0000000000
7297 -299.0000000000
7710 -298.0000000000
7794 -297.0000000000
8186 -296.0000000000
8344 -295.0000000000
8416 -294.0000000000
8522 -293.0000000000
8695 -292.0000000000
8782 -291.0000000000
8973 -289.0000000000
9160 -288.0000000000
9227 -287.0000000000
9643 -286.0000000000
9807 -285.0000000000
10000 -349.0000000000
evaluations raw_y
1 -357.0000000000
20 -356.0000000000
24 -354.0000000000
33 -351.0000000000
35 -349.0000000000
37 -348.0000000000
67 -347.0000000000
68 -346.0000000000
72 -345.0000000000
82 -343.0000000000
110 -342.0000000000
172 -341.0000000000
258 -340.0000000000
325 -338.0000000000
387 -336.0000000000
510 -335.0000000000
516 -333.0000000000
574 -332.0000000000
575 -331.0000000000
681 -330.0000000000
702 -329.0000000000
703 -328.0000000000
734 -327.0000000000
786 -326.0000000000
905 -325.0000000000
915 -324.0000000000
995 -323.0000000000
1009 -320.0000000000
1073 -319.0000000000
1217 -317.0000000000
1276 -316.0000000000
1406 -315.0000000000
1413 -314.0000000000
1451 -313.0000000000
1566 -310.0000000000
1753 -309.0000000000
1798 -307.0000000000
2269 -306.0000000000
2355 -305.0000000000
2471 -303.0000000000
2824 -302.0000000000
2836 -301.0000000000
2992 -300.0000000000
3291 -299.0000000000
3300 -298.0000000000
3551 -297.0000000000
3743 -296.0000000000
4525 -294.0000000000
4649 -293.0000000000
4661 -291.0000000000
4999 -290.0000000000
5000 -289.0000000000
5125 -288.0000000000
5286 -287.0000000000
5486 -285.0000000000
5783 -283.0000000000
6498 -282.0000000000
6649 -280.0000000000
6753 -279.0000000000
6891 -277.0000000000
6958 -276.0000000000
7038 -275.0000000000
7082 -274.0000000000
7107 -273.0000000000
7165 -272.0000000000
8245 -271.0000000000
9310 -270.0000000000
10000 -304.0000000000
evaluations raw_y
1 -384.0000000000
13 -383.0000000000
15 -381.0000000000
26 -378.0000000000
63 -376.0000000000
71 -375.0000000000
75 -374.0000000000
95 -373.0000000000
103 -372.0000000000
133 -371.0000000000
137 -369.0000000000
234 -368.0000000000
289 -367.0000000000
323 -366.0000000000
325 -365.0000000000
327 -363.0000000000
426 -362.0000000000
484 -360.0000000000
494 -358.0000000000
567 -357.0000000000
651 -356.0000000000
664 -355.0000000000
692 -354.0000000000
700 -353.0000000000
768 -352.0000000000
859 -351.0000000000
1093 -350.0000000000
1171 -348.0000000000
1181 -347.0000000000
1268 -346.0000000000
1367 -345.0000000000
1400 -343.0000000000
1640 -342.0000000000
1734 -341.0000000000
1770 -340.0000000000
1773 -338.0000000000
1834 -337.0000000000
1868 -336.0000000000
1998 -335.0000000000
2140 -334.0000000000
2186 -333.0000000000
2213 -332.0000000000
2299 -331.0000000000
2479 -330.0000000000
2757 -329.0000000000
2778 -328.0000000000
2929 -326.0000000000
2989 -325.0000000000
3138 -323.0000000000
3749 -322.0000000000
4009 -321.0000000000
4127 -320.0000000000
4383 -319.0000000000
4502 -318.0000000000
4512 -316.0000000000
4933 -314.0000000000
5157 -313.0000000000
5183 -312.0000000000
5426 -310.0000000000
5497 -309.0000000000
5500 -308.0000000000
5737 -307.0000000000
5894 -306.0000000000
5955 -304.0000000000
6572 -303.0000000000
7169 -302.0000000000
7419 -300.0000000000
8166 -298.0000000000
8276 -297.0000000000
8993 -296.0000000000
9314 -295.0000000000
9436 -294.0000000000
9621 -293.0000000000
9754 -292.0000000000
10000 -336.0000000000
evaluations raw_y
1 -361.0000000000
5 -360.0000000000
32 -358.0000000000
36 -357.0000000000
41 -356.0000000000
64 -355.0000000000
90 -352.0000000000
116 -350.0000000000
175 -348.0000000000
193 -347.0000000000
226 -346.0000000000
228 -345.0000000000
254 -344.0000000000
275 -343.0000000000
414 -342.0000000000
432 -341.0000000000
461 -340.0000000000
489 -337.0000000000
656 -336.0000000000
668 -335.0000000000
675 -334.0000000000
677 -333.0000000000
693 -332.0000000000
742 -331.0000000000
792 -330.0000000000
851 -329.0000000000
886 -328.0000000000
983 -327.0000000000
994 -326.0000000000
1000 -325.0000000000
1260 -324.0000000000
1411 -323.0000000000
1604 -322.0000000000
1751 -321.0000000000
1972 -319.0000000000
2302 -318.0000000000
2674 -317.0000000000
2949 -316.0000000000
2959 -315.0000000000
3053 -314.0000000000
3056 -313.0000000000
3084 -312.0000000000
3453 -307.0000000000
3497 -304.0000000000
3665 -302.0000000000
3777 -300.0000000000
3812 -299.0000000000
5247 -298.0000000000
5701 -297.0000000000
6141 -296.0000000000
6169 -294.0000000000
6558 -293.0000000000
6926 -292.0000000000
6968 -291.0000000000
7021 -290.0000000000
7037 -289.0000000000
7452 -288.0000000000
7545 -287.0000000000
7681 -286.0000000000
7738 -285.0000000000
7756 -283.0000000000
8018 -281.0000000000
8358 -280.0000000000
8853 -279.0000000000
9343 -278.0000000000
9456 -277.0000000000
9566 -275.0000000000
9881 -274.0000000000
10000 -360.0000000000
evaluations raw_y
1 -370.0000000000
9 -368.0000000000
17 -367.0000000000
29 -366.0000000000
37 -365.0000000000
60 -364.0000000000
67 -363.0000000000
94 -361.0000000000
95 -360.0000000000
105 -359.0000000000
116 -358.0000000000
202 -356.0000000000
218 -355.0000000000
249 -354.0000000000
271 -353.0000000000
443 -352.0000000000
529 -351.0000000000
634 -350.0000000000
642 -349.0000000000
682 -348.0000000000
694 -347.0000000000
698 -346.0000000000
743 -345.0000000000
747 -344.0000000000
838 -343.0000000000
854 -342.0000000000
1030 -341.0000000000
1122 -340.0000000000
1400 -339.0000000000
1450 -338.0000000000
1722 -337.0000000000
2060 -336.0000000000
2418 -334.0000000000
2477 -333.0000000000
2727 -331.0000000000
2768 -329.0000000000
2771 -328.0000000000
2856 -327.0000000000
3306 -326.0000000000
3327 -325.0000000000
3551 -324.0000000000
3665 -323.0000000000
3666 -322.0000000000
3720 -321.0000000000
3735 -320.0000000000
3916 -319.0000000000
4328 -318.0000000000
4399 -317.0000000000
4416 -316.0000000000
4577 -314.0000000000
4708 -312.0000000000
4801 -310.0000000000
5039 -309.0000000000
5101 -308.0000000000
5110 -307.0000000000
5426 -305.0000000000
5447 -304.0000000000
5894 -303.0000000000
6395 -302.0000000000
6476 -301.0000000000
6515 -300.0000000000
6682 -299.0000000000
6963 -298.0000000000
7120 -297.0000000000
7295 -296.0000000000
7410 -295.0000000000
7710 -294.0000000000
7951 -293.0000000000
8098 -292.0000000000
8500 -290.0000000000
8882 -289.0000000000
9474 -288.0000000000
9564 -287.0000000000
10000 -342.0000000000
evaluations raw_y
1 -383.0000000000
2 -380.0000000000
6 -379.0000000000
7 -378.0000000000
8 -377.0000000000
53 -376.0000000000
85 -375.0000000000
116 -373.0000000000
146 -372.0000000000
164 -371.0000000000
183 -370.0000000000
188 -369.0000000000
199 -368.0000000000
257 -367.0000000000
280 -365.0000000000
284 -364.0000000000
378 -363.0000000000
413 -362.0000000000
442 -361.0000000000
533 -360.0000000000
560 -359.0000000000
584 -358.0000000000
595 -356.0000000000
688 -354.0000000000
703 -353.0000000000
712 -352.0000000000
794 -350.0000000000
874 -349.0000000000
951 -347.0000000000
1124 -346.0000000000
1130 -344.0000000000
1445 -343.0000000000
1451 -342.0000000000
1484 -341.0000000000
1548 -340.0000000000
1596 -339.0000000000
1851 -338.0000000000
1922 -337.0000000000
2163 -336.0000000000
2196 -335.0000000000
2204 -334.0000000000
2565 -333.0000000000
3258 -331.0000000000
3286 -330.0000000000
3326 -325.0000000000
3360 -324.0000000000
3681 -323.0000000000
4258 -322.0000000000
4391 -321.0000000000
4784 -320.0000000000
5386 -319.0000000000
5413 -318.0000000000
5651 -317.0000000000
5846 -316.0000000000
5863 -315.0000000000
5909 -314.0000000000
6176 -312.0000000000
6261 -311.0000000000
6453 -308.0000000000
6460 -307.0000000000
7228 -306.0000000000
7994 -305.0000000000
8092 -303.0000000000
8375 -302.0000000000
9124 -300.0000000000
9167 -299.0000000000
9367 -298.0000000000
9797 -297.0000000000
9806 -296.0000000000
9919 -295.0000000000
10000 -304.0000000000
evaluations raw_y
1 -364.0000000000
2 -363.0000000000
18 -362.0000000000
37 -361.0000000000
38 -360.0000000000
40 -359.0000000000
42 -357.0000000000
108 -355.0000000000
148 -354.0000000000
177 -353.0000000000
265 -352.0000000000
332 -351.0000000000
341 -350.0000000000
348 -349.0000000000
378 -348.0000000000
440 -347.0000000000
444 -345.0000000000
502 -344.0000000000
506 -343.0000000000
606 -341.0000000000
653 -340.0000000000
717 -338.0000000000
879 -337.0000000000
917 -336.0000000000
1017 -334.0000000000
1030 -333.0000000000
1039 -331.0000000000
1069 -330.0000000000
1098 -329.0000000000
1537 -328.0000000000
1560 -325.0000000000
1612 -324.0000000000
1620 -322.0000000000
1846 -321.0000000000
1975 -320.0000000000
2180 -319.0000000000
2187 -318.0000000000
2310 -316.0000000000
2315 -315.0000000000
2535 -314.0000000000
2778 -313.0000000000
2811 -312.0000000000
3128 -311.0000000000
3139 -310.0000000000
3166 -309.0000000000
3498 -308.0000000000
3827 -306.0000000000
3877 -304.0000000000
4299 -303.0000000000
4874 -302.0000000000
5153 -300.0000000000
5275 -299.0000000000
5400 -298.0000000000
5544 -297.0000000000
5573 -296.0000000000
5644 -295.0000000000
6093 -294.0000000000
6370 -293.0000000000
6670 -292.0000000000
6801 -291.0000000000
6815 -290.0000000000
6975 -289.0000000000
7670 -287.0000000000
7841 -286.0000000000
7867 -285.0000000000
7990 -284.0000000000
9002 -283.0000000000
9085 -281.0000000000
9124 -280.0000000000
9249 -279.0000000000
9431 -278.0000000000
9927 -277.0000000000
10000 -295.0000000000
evaluations raw_y
1 -380.0000000000
6 -378.0000000000
13 -377.0000000000
35 -376.0000000000
36 -375.0000000000
39 -374.0000000000
76 -373.0000000000
79 -372.0000000000
81 -371.0000000000
106 -370.0000000000
141 -369.0000000000
149 -368.0000000000
226 -367.0000000000
286 -366.0000000000
345 -365.0000000000
382 -364.0000000000
576 -363.0000000000
618 -361.0000000000
853 -360.0000000000
912 -359.0000000000
1071 -358.0000000000
1080 -357.0000000000
1110 -356.0000000000
1142 -355.0000000000
1189 -354.0000000000
1349 -353.0000000000
1361 -351.0000000000
1403 -349.0000000000
1423 -348.0000000000
1537 -347.0000000000
1552 -346.0000000000
1585 -345.0000000000
1679 -344.0000000000
1900 -342.0000000000
1950 -341.0000000000
1980 -340.0000000000
2010 -339.0000000000
2025 -338.0000000000
2041 -337.0000000000
2200 -336.0000000000
2383 -335.0000000000
2611 -334.0000000000
2699 -332.0000000000
2943 -331.0000000000
3061 -330.0000000000
3167 -329.0000000000
3406 -328.0000000000
3778 -327.0000000000
3858 -326.0000000000
3917 -324.0000000000
4016 -323.0000000000
4017 -322.0000000000
4425 -321.0000000000
4441 -320.0000000000
4456 -319.0000000000
4535 -318.0000000000
4794 -317.0000000000
4856 -315.0000000000
4977 -314.0000000000
4978 -312.0000000000
5070 -311.0000000000
5341 -310.0000000000
5361 -309.0000000000
5392 -307.0000000000
6115 -306.0000000000
6323 -305.0000000000
6340 -303.0000000000
6566 -302.0000000000
6666 -301.0000000000
6837 -299.0000000000
6865 -298.0000000000
7387 -297.0000000000
7413 -296.0000000000
7440 -294.0000000000
7731 -293.0000000000
7945 -292.0000000000
8023 -290.0000000000
8045 -289.0000000000
8388 -288.0000000000
8910 -287.0000000000
9286 -286.0000000000
9950 -285.0000000000
10000 -290.0000000000
evaluations raw_y
1 -351.0000000000
10 -349.0000000000
16 -348.0000000000
23 -347.0000000000
64 -345.0000000000
74 -344.0000000000
90 -343.0000000000
101 -342.0000000000
123 -341.0000000000
129 -340.0000000000
171 -338.0000000000
173 -337.0000000000
222 -336.0000000000
300 -335.0000000000
303 -333.0000000000
318 -332.0000000000
339 -331.0000000000
341 -330.0000000000
515 -328.0000000000
545 -327.0000000000
566 -326.0000000000
568 -325.0000000000
588 -324.0000000000
661 -323.0000000000
675 -322.0000000000
808 -321.0000000000
915 -320.0000000000
966 -319.0000000000
1019 -318.0000000000
1044 -317.0000000000
1083 -316.0000000000
1219 -314.0000000000
1281 -312.0000000000
1336 -311.0000000000
1678 -310.0000000000
1779 -308.0000000000
2545 -307.0000000000
2596 -306.0000000000
2659 -305.0000000000
2747 -304.0000000000
2780 -303.0000000000
3034 -302.0000000000
3178 -301.0000000000
3370 -300.0000000000
3660 -299.0000000000
4069 -298.0000000000
4088 -297.0000000000
4615 -296.0000000000
4823 -294.0000000000
4827 -293.0000000000
6001 -292.0000000000
6244 -291.0000000000
6732 -290.0000000000
6988 -289.0000000000
7148 -288.0000000000
7335 -287.0000000000
7363 -286.0000000000
7598 -284.0000000000
8232 -283.0000000000
8713 -282.0000000000
8879 -281.0000000000
8978 -280.0000000000
9679 -279.0000000000
9869 -278.0000000000
9890 -277.0000000000
10000 -284.0000000000
evaluations raw_y
1 -348.0000000000
3 -347.0000000000
10 -346.0000000000
27 -345.0000000000
49 -344.0000000000
77 -343.0000000000
87 -342.0000000000
118 -341.0000000000
125 -340.0000000000
126 -339.0000000000
153 -338.0000000000
187 -337.0000000000
234 -336.0000000000
236 -335.0000000000
247 -333.0000000000
285 -332.0000000000
405 -331.0000000000
473 -330.0000000000
610 -329.0000000000
631 -326.0000000000
769 -325.0000000000
831 -324.0000000000
835 -323.0000000000
954 -322.0000000000
1111 -321.0000000000
1226 -320.0000000000
1436 -319.0000000000
1451 -318.0000000000
1616 -317.0000000000
1618 -316.0000000000
1642 -315.0000000000
1750 -314.0000000000
2005 -313.0000000000
2173 -310.0000000000
2320 -309.0000000000
2623 -308.0000000000
3299 -307.0000000000
3485 -306.0000000000
3607 -305.0000000000
3844 -304.0000000000
3887 -303.0000000000
3905 -302.0000000000
3928 -301.0000000000
3929 -300.0000000000
4149 -299.0000000000
4292 -298.0000000000
4605 -296.0000000000
4903 -295.0000000000
4965 -294.0000000000
4972 -293.0000000000
5033 -292.0000000000
5084 -291.0000000000
5199 -290.0000000000
5235 -288.0000000000
5548 -287.0000000000
5874 -286.0000000000
5956 -285.0000000000
6321 -284.0000000000
6509 -283.0000000000
6641 -282.0000000000
6969 -281.0000000000
7097 -279.0000000000
7526 -278.0000000000
8291 -277.0000000000
8656 -276.0000000000
8973 -275.0000000000
9394 -274.0000000000
9423 -272.0000000000
9425 -271.0000000000
9744 -270.0000000000
9777 -269.0000000000
9935 -268.0000000000
10000 -335.0000000000
evaluations raw_y
1 -362.0000000000
3 -360.0000000000
6 -359.0000000000
9 -357.0000000000
61 -356.0000000000
62 -355.0000000000
71 -354.0000000000
86 -353.0000000000
135 -352.0000000000
231 -351.0000000000
313 -350.0000000000
329 -349.0000000000
416 -348.0000000000
456 -347.0000000000
489 -346.0000000000
641 -345.0000000000
648 -344.0000000000
709 -343.0000000000
748 -342.0000000000
766 -341.0000000000
808 -340.0000000000
1119 -339.0000000000
1267 -337.0000000000
1273 -336.0000000000
1324 -334.0000000000
1327 -332.0000000000
1385 -331.0000000000
1447 -329.0000000000
1816 -328.0000000000
1853 -327.0000000000
1888 -326.0000000000
2071 -325.0000000000
2133 -324.0000000000
2247 -323.0000000000
2385 -322.0000000000
2514 -321.0000000000
2553 -320.0000000000
3065 -319.0000000000
3239 -318.0000000000
3258 -317.0000000000
3422 -316.0000000000
3423 -314.0000000000
3693 -313.0000000000
3936 -312.0000000000
4131 -311.0000000000
4253 -309.0000000000
4379 -308.0000000000
4683 -306.0000000000
4851 -305.0000000000
5079 -303.0000000000
5094 -302.0000000000
5213 -301.0000000000
5503 -300.0000000000
5768 -299.0000000000
5769 -298.0000000000
6424 -296.0000000000
6519 -295.0000000000
6865 -294.0000000000
6999 -292.0000000000
7049 -291.0000000000
7641 -290.0000000000
7851 -289.0000000000
7977 -288.0000000000
8409 -287.0000000000
8926 -286.0000000000
9184 -285.0000000000
9302 -284.0000000000
9831 -283.0000000000
10000 -298.0000000000
evaluations raw_y
1 -377.0000000000
3 -375.0000000000
5 -374.0000000000
7 -373.0000000000
8 -372.0000000000
17 -371.0000000000
35 -370.0000000000
143 -369.0000000000
211 -367.0000000000
217 -366.0000000000
219 -365.0000000000
221 -364.0000000000
261 -362.0000000000
279 -361.0000000000
338 -359.0000000000
397 -358.0000000000
451 -357.0000000000
484 -355.0000000000
583 -354.0000000000
600 -352.0000000000
753 -351.0000000000
796 -349.0000000000
804 -348.0000000000
809 -347.0000000000
884 -346.0000000000
1035 -345.0000000000
1041 -344.0000000000
1043 -342.0000000000
1129 -341.0000000000
1136 -340.0000000000
1296 -339.0000000000
1456 -338.0000000000
1539 -337.0000000000
1552 -336.0000000000
1642 -335.0000000000
1652 -334.0000000000
1743 -333.0000000000
1755 -331.0000000000
1918 -330.0000000000
1929 -329.0000000000
1940 -327.0000000000
2182 -326.0000000000
2290 -324.0000000000
2532 -323.0000000000
2616 -322.0000000000
2717 -321.0000000000
2831 -320.0000000000
2844 -319.0000000000
2946 -318.0000000000
3062 -317.0000000000
3082 -316.0000000000
3165 -315.0000000000
3510 -313.0000000000
3882 -312.0000000000
4489 -311.0000000000
4775 -310.0000000000
4836 -309.0000000000
5446 -308.0000000000
5710 -307.0000000000
5712 -306.0000000000
5839 -305.0000000000
5888 -304.0000000000
6695 -302.0000000000
6933 -301.0000000000
7030 -300.0000000000
7182 -299.0000000000
7912 -297.0000000000
8233 -296.0000000000
8297 -295.0000000000
8423 -294.0000000000
8586 -293.0000000000
9399 -292.0000000000
9409 -291.0000000000
9439 -290.0000000000
9831 -289.0000000000
9941 -288.0000000000
10000 -340.0000000000
evaluations raw_y
1 -364.0000000000
2 -363.0000000000
24 -362.0000000000
33 -361.0000000000
58 -360.0000000000
63 -359.0000000000
69 -358.0000000000
77 -357.0000000000
79 -356.0000000000
101 -355.0000000000
120 -354.0000000000
239 -353.0000000000
260 -352.0000000000
291 -351.0000000000
394 -350.0000000000
422 -349.0000000000
453 -348.0000000000
558 -346.0000000000
771 -344.0000000000
773 -343.0000000000
852 -342.0000000000
915 -340.0000000000
973 -339.0000000000
1109 -338.0000000000
1133 -337.0000000000
1171 -336.0000000000
1202 -334.0000000000
1348 -332.0000000000
1530 -330.0000000000
1539 -329.0000000000
1563 -328.0000000000
1749 -327.0000000000
1762 -326.0000000000
1840 -325.0000000000
1966 -324.0000000000
1977 -323.0000000000
2050 -322.0000000000
2074 -320.0000000000
2152 -319.0000000000
2183 -318.0000000000
2219 -317.0000000000
2265 -316.0000000000
2414 -315.0000000000
2932 -313.0000000000
3221 -312.0000000000
3246 -311.0000000000
3485 -310.0000000000
3666 -309.0000000000
3749 -308.0000000000
3797 -306.0000000000
3924 -305.0000000000
3932 -304.0000000000
4063 -303.0000000000
4130 -302.0000000000
4188 -301.0000000000
4230 -300.0000000000
4358 -299.0000000000
4537 -298.0000000000
4848 -297.0000000000
5031 -296.0000000000
5285 -295.0000000000
6061 -294.0000000000
6210 -293.0000000000
6648 -292.0000000000
6871 -291.0000000000
6899 -290.0000000000
7198 -288.0000000000
7456 -287.0000000000
7683 -284.0000000000
7711 -283.0000000000
7820 -282.0000000000
8138 -281.0000000000
8571 -279.0000000000
8648 -278.0000000000
9009 -277.0000000000
9022 -276.0000000000
9048 -275.0000000000
9281 -274.0000000000
9566 -273.0000000000
9587 -272.0000000000
9645 -271.0000000000
9747 -270.0000000000
10000 -361.0000000000
evaluations raw_y
1 -377.0000000000
7 -376.0000000000
15 -374.0000000000
38 -372.0000000000
63 -371.0000000000
133 -370.0000000000
180 -369.0000000000
218 -368.0000000000
231 -366.0000000000
266 -365.0000000000
292 -364.0000000000
307 -363.0000000000
343 -362.0000000000
379 -360.0000000000
515 -359.0000000000
524 -358.0000000000
547 -357.0000000000
684 -355.0000000000
827 -353.0000000000
858 -350.0000000000
896 -349.0000000000
1020 -348.0000000000
1032 -345.0000000000
1087 -344.0000000000
1154 -343.0000000000
1253 -341.0000000000
1257 -340.0000000000
1423 -339.0000000000
1548 -338.0000000000
1806 -337.0000000000
1846 -336.0000000000
1862 -335.0000000000
1870 -333.0000000000
2042 -332.0000000000
2284 -331.0000000000
2386 -329.0000000000
2542 -327.0000000000
2582 -326.0000000000
2666 -325.0000000000
2947 -324.0000000000
3049 -322.0000000000
3246 -321.0000000000
3289 -320.0000000000
3386 -319.0000000000
3508 -318.0000000000
3619 -317.0000000000
3693 -316.0000000000
4019 -315.0000000000
4487 -313.0000000000
4615 -310.0000000000
5157 -308.0000000000
5891 -307.0000000000
6066 -305.0000000000
6307 -304.0000000000
6388 -303.0000000000
6662 -302.0000000000
6885 -301.0000000000
7081 -300.0000000000
7132 -299.0000000000
7190 -298.0000000000
7225 -297.0000000000
7228 -296.0000000000
7303 -295.0000000000
7602 -294.0000000000
8295 -293.0000000000
8504 -292.0000000000
8880 -291.0000000000
9220 -290.0000000000
9287 -289.0000000000
9295 -288.0000000000
9433 -287.0000000000
9511 -286.0000000000
10000 -321.0000000000
evaluations raw_y
1 -372.0000000000
6 -371.0000000000
12 -370.0000000000
16 -369.0000000000
19 -368.0000000000
22 -367.0000000000
25 -365.0000000000
27 -363.0000000000
32 -362.0000000000
79 -360.0000000000
85 -359.0000000000
194 -358.0000000000
318 -357.0000000000
320 -356.0000000000
321 -355.0000000000
383 -354.0000000000
428 -352.0000000000
454 -351.0000000000
455 -350.0000000000
469 -349.0000000000
502 -348.0000000000
539 -347.0000000000
589 -346.0000000000
950 -345.0000000000
1053 -344.0000000000
1173 -343.0000000000
1224 -342.0000000000
1411 -341.0000000000
1479 -340.0000000000
1601 -339.0000000000
1658 -338.0000000000
1762 -337.0000000000
2034 -336.0000000000
2048 -335.0000000000
2050 -334.0000000000
2103 -332.0000000000
2109 -331.0000000000
2199 -330.0000000000
2484 -329.0000000000
2621 -328.0000000000
2651 -327.0000000000
2697 -326.0000000000
2736 -325.0000000000
2897 -324.0000000000
2959 -323.0000000000
3054 -322.0000000000
3086 -321.0000000000
3241 -320.0000000000
3267 -319.0000000000
3351 -318.0000000000
3458 -317.0000000000
3546 -315.0000000000
3843 -314.0000000000
4292 -313.0000000000
4648 -312.0000000000
4650 -310.0000000000
4708 -309.0000000000
5278 -308.0000000000
5414 -307.0000000000
5968 -306.0000000000
6082 -305.0000000000
6218 -304.0000000000
6225 -303.0000000000
6297 -302.0000000000
6374 -301.0000000000
6381 -300.0000000000
6601 -299.0000000000
6623 -298.0000000000
7035 -297.0000000000
7468 -296.0000000000
7768 -294.0000000000
8214 -293.0000000000
8401 -292.0000000000
8403 -291.0000000000
8765 -290.0000000000
8932 -289.0000000000
9791 -288.0000000000
9865 -287.0000000000
10000 -306.0000000000
evaluations raw_y
1 -364.0000000000
10 -363.0000000000
19 -361.0000000000
26 -360.0000000000
27 -358.0000000000
29 -357.0000000000
74 -356.0000000000
75 -355.0000000000
88 -354.0000000000
114 -352.0000000000
137 -351.0000000000
138 -350.0000000000
150 -349.0000000000
230 -348.0000000000
371 -347.0000000000
377 -346.0000000000
407 -345.0000000000
425 -343.0000000000
436 -342.0000000000
461 -341.0000000000
586 -340.0000000000
600 -339.0000000000
671 -338.0000000000
692 -336.0000000000
835 -335.0000000000
944 -334.0000000000
1118 -332.0000000000
1210 -330.0000000000
1293 -327.0000000000
1325 -326.0000000000
1560 -325.0000000000
1707 -324.0000000000
1734 -323.0000000000
2305 -322.0000000000
2363 -321.0000000000
2424 -320.0000000000
2454 -319.0000000000
2949 -318.0000000000
3107 -317.0000000000
3269 -315.0000000000
3586 -314.0000000000
3823 -312.0000000000
3982 -311.0000000000
4135 -310.0000000000
4188 -308.0000000000
4285 -307.0000000000
4312 -306.0000000000
4418 -305.0000000000
4797 -304.0000000000
4869 -302.0000000000
4941 -301.0000000000
5032 -300.0000000000
5376 -299.0000000000
5534 -297.0000000000
5603 -296.0000000000
5896 -295.0000000000
5975 -294.0000000000
6389 -293.0000000000
6634 -292.0000000000
6674 -291.0000000000
7146 -289.0000000000
8030 -288.0000000000
8034 -287.0000000000
8296 -286.0000000000
8451 -285.0000000000
8739 -284.0000000000
8758 -283.0000000000
8936 -282.0000000000
9461 -281.0000000000
9889 -280.0000000000
10000 -305.0000000000
