evaluations raw_y
1 -284106.1000000000
2 -283262.1000000000
5 -281237.1000000000
7 -280646.1000000000
8 -279996.1000000000
9 -276803.1000000000
11 -276014.1000000000
12 -275110.1000000000
16 -274744.1000000000
20 -273276.1000000000
21 -271796.1000000000
25 -268904.1000000000
26 -268452.1000000000
32 -268099.1000000000
34 -267156.1000000000
36 -264095.1000000000
37 -263515.1000000000
45 -263210.1000000000
50 -262673.1000000000
51 -261961.1000000000
55 -260441.1000000000
57 -260201.1000000000
70 -260180.1000000000
73 -258306.1000000000
75 -257981.1000000000
76 -257667.1000000000
80 -257275.1000000000
84 -254692.1000000000
86 -253759.1000000000
88 -253571.1000000000
89 -252748.1000000000
96 -251376.1000000000
98 -250789.1000000000
104 -249965.1000000000
110 -249625.1000000000
115 -249584.1000000000
117 -245982.1000000000
120 -245049.1000000000
127 -240569.1000000000
129 -239362.1000000000
133 -239150.1000000000
147 -236289.1000000000
149 -235117.1000000000
151 -232318.1000000000
209 -230665.1000000000
241 -228199.1000000000
250 -227728.1000000000
254 -225652.1000000000
258 -225011.1000000000
268 -224641.1000000000
272 -223271.1000000000
275 -223029.1000000000
280 -222627.1000000000
288 -219403.1000000000
289 -219239.1000000000
294 -218517.1000000000
299 -218378.1000000000
309 -217850.1000000000
315 -216307.1000000000
323 -215747.1000000000
325 -214666.1000000000
330 -214444.1000000000
333 -214050.1000000000
344 -213309.1000000000
347 -212664.1000000000
353 -211984.1000000000
356 -211030.1000000000
371 -210410.1000000000
372 -210308.1000000000
378 -209532.1000000000
408 -209526.1000000000
414 -208710.1000000000
416 -207292.1000000000
418 -206959.1000000000
419 -206836.1000000000
427 -204057.1000000000
435 -203139.1000000000
436 -202752.1000000000
455 -201562.1000000000
459 -198674.1000000000
468 -196436.1000000000
479 -195461.1000000000
480 -194973.1000000000
482 -194205.1000000000
484 -192703.1000000000
496 -191969.1000000000
498 -191702.1000000000
513 -189802.1000000000
521 -189289.1000000000
522 -188123.1000000000
530 -185217.1000000000
532 -185138.1000000000
539 -184679.1000000000
545 -184578.1000000000
549 -184484.1000000000
566 -183599.1000000000
572 -182337.1000000000
590 -181441.1000000000
591 -180696.1000000000
599 -180428.1000000000
606 -179841.1000000000
609 -178661.1000000000
610 -177753.1000000000
611 -176419.1000000000
615 -175830.1000000000
623 -175422.1000000000
643 -174553.1000000000
644 -174197.1000000000
659 -173443.1000000000
667 -172061.1000000000
672 -171617.1000000000
688 -171281.1000000000
690 -170330.1000000000
748 -169387.1000000000
749 -168915.1000000000
772 -168785.1000000000
775 -168569.1000000000
777 -167824.1000000000
781 -167577.1000000000
782 -166858.1000000000
799 -164406.1000000000
816 -162044.1000000000
848 -161336.1000000000
849 -160110.1000000000
852 -159995.1000000000
864 26049.5439231761
929 26191.8546024158
1046 26207.8188389193
1067 26344.2064462513
1083 26427.5911460235
1186 26438.3650611326
1362 26462.4216325020
1376 26900.3181664366
1558 27019.4731724450
1705 27295.0581188252
1981 27422.6215561912
2610 27646.3918309079
2862 27778.0381623510
3223 27951.2064336202
3596 27978.9334464151
4538 28141.7236464423
5912 28368.6002539590
6122 28619.2298694140
6659 28726.5109297410
7028 28825.8798675464
8918 28839.3321951949
9344 28989.3061162882
10000 24193.3637064808
evaluations raw_y
1 -278556.1000000000
5 -276917.1000000000
6 -275943.1000000000
7 -274475.1000000000
8 -270727.1000000000
10 -269175.1000000000
12 -268075.1000000000
17 -267128.1000000000
23 -265503.1000000000
26 -263983.1000000000
29 -261662.1000000000
30 -261272.1000000000
32 -258404.1000000000
51 -257588.1000000000
52 -256854.1000000000
53 -255952.1000000000
56 -255921.1000000000
64 -255411.1000000000
66 -254439.1000000000
70 -253035.1000000000
73 -251881.1000000000
84 -251140.1000000000
89 -250815.1000000000
92 -248487.1000000000
93 -247667.1000000000
94 -246865.1000000000
101 -246385.1000000000
104 -245007.1000000000
105 -242226.1000000000
106 -241397.1000000000
113 -240048.1000000000
118 -239325.1000000000
119 -238502.1000000000
121 -238260.1000000000
123 -236131.1000000000
127 -235594.1000000000
128 -232178.1000000000
130 -230698.1000000000
131 -228578.1000000000
139 -227463.1000000000
142 -225652.1000000000
144 -224086.1000000000
149 -223498.1000000000
165 -220814.1000000000
178 -219825.1000000000
195 -218064.1000000000
196 -217375.1000000000
199 -217019.1000000000
216 -215720.1000000000
217 -214720.1000000000
218 -213743.1000000000
221 -212275.1000000000
223 -211824.1000000000
224 -211569.1000000000
227 -210107.1000000000
249 -209842.1000000000
269 -206206.1000000000
276 -202762.1000000000
280 -200992.1000000000
282 -200991.1000000000
285 -200630.1000000000
288 -200408.1000000000
290 -199944.1000000000
297 -199382.1000000000
312 -198485.1000000000
318 -196625.1000000000
343 -195884.1000000000
345 -194048.1000000000
369 -193330.1000000000
373 -193120.1000000000
380 -191932.1000000000
395 -191748.1000000000
438 -191601.1000000000
450 -191399.1000000000
457 -190957.1000000000
458 -190627.1000000000
472 -189604.1000000000
473 -189116.1000000000
489 -188174.1000000000
505 -186476.1000000000
520 -186357.1000000000
522 -184941.1000000000
534 -183811.1000000000
552 -183346.1000000000
586 -181890.1000000000
633 -181500.1000000000
638 -179400.1000000000
643 -177950.1000000000
666 -177173.1000000000
669 -176841.1000000000
675 -176018.1000000000
677 -175708.1000000000
693 -175535.1000000000
697 -174262.1000000000
706 -174161.1000000000
726 -174038.1000000000
727 -173263.1000000000
730 -172798.1000000000
788 -172298.1000000000
815 -171502.1000000000
856 -169658.1000000000
987 -168882.1000000000
1002 -168765.1000000000
1018 -165966.1000000000
1034 -165346.1000000000
1035 -164502.1000000000
1137 -164047.1000000000
1150 -163128.1000000000
1156 -162651.1000000000
1158 -161059.1000000000
1165 -160783.1000000000
1217 -160102.1000000000
1236 25333.7876879995
1245 25450.4150291214
1257 25528.4364313151
1268 25977.6262721047
1305 26090.8982299444
1366 26227.5955601403
1648 26256.3091873672
1692 26416.6693023713
1919 26514.7585703444
2179 26728.5695406268
3347 26792.9996857386
4073 27230.1464722915
4414 27355.5896606460
4556 27438.1327562203
5222 27446.0027104402
6321 27512.5382788018
6350 27529.5996053459
8469 27537.8343980469
8593 27640.6514738907
9298 27738.5129753631
9990 27855.0124634129
10000 -160283.1000000000
evaluations raw_y
1 -261740.1000000000
2 -260188.1000000000
9 -258041.1000000000
14 -254749.1000000000
16 -253674.1000000000
21 -253648.1000000000
25 -252784.1000000000
26 -252362.1000000000
27 -252136.1000000000
33 -251114.1000000000
36 -250099.1000000000
48 -249315.1000000000
55 -247763.1000000000
68 -245583.1000000000
81 -245333.1000000000
88 -242522.1000000000
89 -240970.1000000000
95 -240885.1000000000
96 -239745.1000000000
97 -238185.1000000000
111 -238084.1000000000
114 -238067.1000000000
119 -236399.1000000000
122 -235175.1000000000
123 -233765.1000000000
125 -233042.1000000000
130 -232788.1000000000
131 -232644.1000000000
138 -232277.1000000000
143 -231689.1000000000
145 -231237.1000000000
150 -230315.1000000000
158 -229853.1000000000
164 -229388.1000000000
168 -227744.1000000000
170 -224670.1000000000
182 -224544.1000000000
186 -223161.1000000000
187 -223082.1000000000
188 -222982.1000000000
204 -222782.1000000000
215 -222780.1000000000
221 -221898.1000000000
222 -218150.1000000000
230 -216630.1000000000
233 -216568.1000000000
235 -216287.1000000000
239 -216200.1000000000
253 -215253.1000000000
268 -215125.1000000000
272 -213355.1000000000
280 -212255.1000000000
293 -212008.1000000000
302 -211395.1000000000
312 -210856.1000000000
315 -210626.1000000000
316 -206615.1000000000
320 -205855.1000000000
324 -205522.1000000000
327 -205443.1000000000
344 -205072.1000000000
348 -204791.1000000000
361 -204764.1000000000
369 -204653.1000000000
376 -204153.1000000000
388 -203843.1000000000
420 -203244.1000000000
423 -202781.1000000000
446 -200423.1000000000
463 -199154.1000000000
468 -199152.1000000000
482 -198542.1000000000
485 -197195.1000000000
516 -197139.1000000000
555 -197056.1000000000
562 -194125.1000000000
566 -194003.1000000000
578 -190559.1000000000
624 -189426.1000000000
630 -187626.1000000000
648 -187610.1000000000
649 -186842.1000000000
653 -186561.1000000000
675 -185697.1000000000
695 -185167.1000000000
739 -184809.1000000000
774 -184727.1000000000
775 -184015.1000000000
779 -182223.1000000000
783 -181752.1000000000
787 -181680.1000000000
788 -181343.1000000000
791 -181247.1000000000
799 -180077.1000000000
802 -178213.1000000000
819 -177822.1000000000
827 -177497.1000000000
828 -175559.1000000000
829 -174831.1000000000
832 -174438.1000000000
840 -173820.1000000000
874 -172870.1000000000
885 -171983.1000000000
892 -171613.1000000000
894 -171154.1000000000
899 -170732.1000000000
941 -170546.1000000000
955 -170238.1000000000
965 -169832.1000000000
982 -169527.1000000000
1026 -168707.1000000000
1032 -168402.1000000000
1064 -166934.1000000000
1075 -165680.1000000000
1081 -164737.1000000000
1087 -164333.1000000000
1107 -164286.1000000000
1127 -164042.1000000000
1139 -163366.1000000000
1163 -162474.1000000000
1170 -162136.1000000000
1232 26393.6003705166
1245 26541.1461940079
1281 26641.8500121679
1293 26775.2368789549
1489 27188.5884077530
1747 27204.6079664086
1760 27306.9965570496
1803 27397.0518539337
2514 27797.6863152908
2624 27903.9699934206
2627 27910.9806498920
2640 28038.0586809113
3727 28145.0785373159
3824 28274.1043216745
4133 28353.6339379926
6274 28477.6415143779
6686 28549.9893276344
8618 28651.9861589479
10000 -160777.1000000000
evaluations raw_y
1 -291514.1000000000
4 -291181.1000000000
5 -290651.1000000000
6 -290244.1000000000
8 -288604.1000000000
10 -286254.1000000000
15 -285929.1000000000
20 -285514.1000000000
22 -284947.1000000000
23 -284124.1000000000
33 -283382.1000000000
34 -282820.1000000000
58 -282069.1000000000
59 -281589.1000000000
71 -280657.1000000000
75 -279154.1000000000
77 -279092.1000000000
78 -277674.1000000000
85 -276984.1000000000
86 -274143.1000000000
92 -272253.1000000000
93 -271393.1000000000
94 -270681.1000000000
102 -269691.1000000000
113 -268258.1000000000
114 -264633.1000000000
118 -263356.1000000000
119 -261997.1000000000
131 -261636.1000000000
132 -261344.1000000000
134 -260934.1000000000
136 -260769.1000000000
138 -260544.1000000000
140 -260117.1000000000
145 -259636.1000000000
149 -256578.1000000000
153 -256096.1000000000
163 -254619.1000000000
164 -253361.1000000000
170 -252279.1000000000
171 -251145.1000000000
172 -250774.1000000000
176 -247531.1000000000
178 -244778.1000000000
183 -242506.1000000000
185 -240483.1000000000
194 -239987.1000000000
200 -238687.1000000000
208 -238279.1000000000
217 -236609.1000000000
226 -236264.1000000000
242 -235324.1000000000
251 -235229.1000000000
252 -234764.1000000000
286 -232404.1000000000
289 -231867.1000000000
293 -227511.1000000000
294 -227048.1000000000
311 -226757.1000000000
315 -225997.1000000000
316 -224085.1000000000
319 -223665.1000000000
333 -221747.1000000000
334 -220789.1000000000
342 -219729.1000000000
344 -218439.1000000000
351 -217619.1000000000
355 -215926.1000000000
358 -214621.1000000000
359 -211210.1000000000
373 -211154.1000000000
374 -210564.1000000000
376 -208323.1000000000
379 -206353.1000000000
383 -205379.1000000000
386 -205013.1000000000
393 -204917.1000000000
394 -204327.1000000000
397 -203573.1000000000
417 -202010.1000000000
419 -201524.1000000000
421 -201402.1000000000
423 -201290.1000000000
442 -200709.1000000000
457 -200229.1000000000
458 -199221.1000000000
460 -199219.1000000000
470 -199064.1000000000
499 -198944.1000000000
506 -197997.1000000000
508 -197664.1000000000
523 -197252.1000000000
547 -196667.1000000000
555 -194215.1000000000
565 -193035.1000000000
590 -191515.1000000000
607 -191214.1000000000
638 -189921.1000000000
646 -189527.1000000000
653 -188536.1000000000
664 -187862.1000000000
665 -187375.1000000000
731 -186997.1000000000
760 -184066.1000000000
763 -183761.1000000000
770 -183394.1000000000
775 -183390.1000000000
782 -182904.1000000000
789 -182803.1000000000
791 -182433.1000000000
796 -181710.1000000000
839 -181224.1000000000
851 -180998.1000000000
852 -178998.1000000000
878 -178661.1000000000
885 -178251.1000000000
890 -177107.1000000000
899 -176226.1000000000
900 -175476.1000000000
908 -174659.1000000000
926 -174609.1000000000
1035 -171605.1000000000
1040 -170132.1000000000
1072 -169441.1000000000
1107 -169359.1000000000
1144 -167508.1000000000
1146 -166833.1000000000
1156 -162671.1000000000
1187 -161731.1000000000
1205 -160228.1000000000
1206 -160222.1000000000
1213 25751.5223456534
1216 26066.3814405542
1282 26068.0425510368
1285 26166.2884795921
1315 26634.8600940203
1538 26649.7089472923
1716 26665.4864355637
1819 26784.0407851641
1877 26886.4207999090
1878 27185.0359884566
2077 27245.3071704344
2296 27763.6655528485
2597 27967.1503100857
3735 28121.0432720876
3971 28167.9124662764
4811 28238.1708890349
5055 28251.2581250104
5972 28252.6975176652
6041 28353.0351690882
9847 28455.3338334831
10000 27386.2975589425
evaluations raw_y
1 -257098.1000000000
4 -254167.1000000000
5 -251807.1000000000
7 -249717.1000000000
8 -249254.1000000000
17 -248846.1000000000
29 -245423.1000000000
31 -244787.1000000000
50 -244420.1000000000
53 -242658.1000000000
57 -241899.1000000000
69 -241827.1000000000
71 -241655.1000000000
81 -241322.1000000000
86 -240732.1000000000
90 -240058.1000000000
101 -239004.1000000000
107 -238862.1000000000
114 -236065.1000000000
123 -235408.1000000000
124 -234213.1000000000
134 -233437.1000000000
141 -233332.1000000000
146 -232490.1000000000
150 -232208.1000000000
151 -232086.1000000000
153 -231730.1000000000
165 -231654.1000000000
185 -231652.1000000000
186 -231448.1000000000
187 -230815.1000000000
190 -227470.1000000000
191 -226748.1000000000
197 -226421.1000000000
198 -226420.1000000000
208 -225806.1000000000
214 -224180.1000000000
216 -224057.1000000000
224 -223430.1000000000
241 -223063.1000000000
246 -221407.1000000000
247 -218532.1000000000
252 -218127.1000000000
254 -217775.1000000000
260 -215931.1000000000
265 -215337.1000000000
268 -214732.1000000000
269 -212584.1000000000
304 -211276.1000000000
311 -210930.1000000000
312 -210450.1000000000
313 -208688.1000000000
315 -208296.1000000000
330 -205913.1000000000
334 -205397.1000000000
335 -204839.1000000000
337 -204457.1000000000
343 -203712.1000000000
349 -203124.1000000000
350 -202699.1000000000
352 -201817.1000000000
385 -199223.1000000000
390 -197757.1000000000
403 -196876.1000000000
406 -196775.1000000000
410 -196558.1000000000
435 -195925.1000000000
436 -195473.1000000000
439 -194885.1000000000
446 -194681.1000000000
458 -194400.1000000000
462 -193666.1000000000
472 -193464.1000000000
473 -192984.1000000000
474 -192978.1000000000
479 -192031.1000000000
497 -191919.1000000000
499 -190859.1000000000
528 -190091.1000000000
540 -189726.1000000000
559 -189283.1000000000
575 -189204.1000000000
602 -188502.1000000000
603 -188491.1000000000
640 -187758.1000000000
641 -187125.1000000000
643 -186350.1000000000
655 -185788.1000000000
685 -184275.1000000000
688 -183865.1000000000
697 -183042.1000000000
701 -180150.1000000000
703 -180119.1000000000
705 -179303.1000000000
706 -179092.1000000000
760 -178767.1000000000
799 -178179.1000000000
824 -177984.1000000000
826 -177525.1000000000
840 -176550.1000000000
841 -174684.1000000000
862 -173861.1000000000
872 -173252.1000000000
898 -172172.1000000000
909 -172078.1000000000
910 -171708.1000000000
914 -170292.1000000000
941 -170153.1000000000
950 -168045.1000000000
964 -167931.1000000000
968 -167635.1000000000
969 -165989.1000000000
996 -165933.1000000000
1024 -165110.1000000000
1066 -164743.1000000000
1084 -163882.1000000000
1130 -162307.1000000000
1154 -161119.1000000000
1198 -160292.1000000000
1201 25714.3964461070
1275 25824.6863389042
1330 26079.1244656382
1460 26203.7515357450
1630 26515.3978560510
3192 26716.0924007186
3860 26851.8618016318
5550 26955.3433437140
5621 26955.3499030847
6327 27187.2853425976
7869 27301.9959849912
8560 27502.8542970829
9277 27523.0040043633
10000 26824.0193419961
evaluations raw_y
1 -276376.1000000000
2 -273577.1000000000
4 -272761.1000000000
8 -272231.1000000000
10 -271598.1000000000
12 -269179.1000000000
18 -264920.1000000000
23 -261172.1000000000
24 -258786.1000000000
25 -258532.1000000000
31 -258306.1000000000
46 -255418.1000000000
47 -255178.1000000000
51 -253775.1000000000
54 -253499.1000000000
57 -252511.1000000000
77 -250946.1000000000
80 -248058.1000000000
82 -246724.1000000000
90 -246405.1000000000
92 -245207.1000000000
93 -245085.1000000000
94 -244675.1000000000
95 -243595.1000000000
99 -242328.1000000000
101 -238489.1000000000
104 -237399.1000000000
105 -235953.1000000000
110 -235492.1000000000
116 -233846.1000000000
117 -232957.1000000000
124 -227878.1000000000
126 -227006.1000000000
138 -222363.1000000000
139 -222221.1000000000
140 -222026.1000000000
144 -221992.1000000000
146 -221429.1000000000
149 -219986.1000000000
151 -219967.1000000000
154 -219166.1000000000
157 -219040.1000000000
159 -218233.1000000000
162 -217774.1000000000
186 -217662.1000000000
197 -217210.1000000000
198 -215832.1000000000
199 -215109.1000000000
210 -213776.1000000000
213 -210653.1000000000
217 -209871.1000000000
224 -208609.1000000000
225 -206489.1000000000
237 -205935.1000000000
240 -205315.1000000000
241 -202559.1000000000
245 -202098.1000000000
249 -202056.1000000000
251 -200656.1000000000
253 -200194.1000000000
276 -199006.1000000000
278 -196891.1000000000
279 -196303.1000000000
280 -196207.1000000000
299 -195562.1000000000
300 -195372.1000000000
306 -195108.1000000000
321 -194192.1000000000
342 -194041.1000000000
371 -193690.1000000000
372 -192816.1000000000
373 -191632.1000000000
397 -189801.1000000000
400 -188354.1000000000
408 -188055.1000000000
409 -187231.1000000000
421 -186893.1000000000
468 -186093.1000000000
508 -185633.1000000000
521 -185152.1000000000
522 -182028.1000000000
529 -181054.1000000000
530 -180225.1000000000
531 -179254.1000000000
535 -178641.1000000000
538 -177461.1000000000
545 -177239.1000000000
549 -176553.1000000000
552 -175667.1000000000
558 -175029.1000000000
578 -174564.1000000000
588 -173914.1000000000
591 -173791.1000000000
597 -173062.1000000000
647 -172587.1000000000
653 -169776.1000000000
658 -169289.1000000000
676 -169120.1000000000
688 -168988.1000000000
737 -168210.1000000000
743 -167923.1000000000
761 -166633.1000000000
765 -165242.1000000000
776 -164798.1000000000
780 -164676.1000000000
806 -163208.1000000000
834 -163011.1000000000
863 -162952.1000000000
898 -162945.1000000000
911 -162697.1000000000
916 -161957.1000000000
939 -161901.1000000000
947 -161371.1000000000
960 -160801.1000000000
968 25226.9710279235
1051 25481.9039874850
1093 25690.6127821071
1358 25813.7449602131
1374 25921.9513409106
1448 25960.0402282094
1501 26042.4460313931
1529 26319.5907696726
1712 26357.7002520776
1796 26746.3647664299
2008 26794.9318049930
2161 26897.9023235364
2780 26969.2014445958
2939 27038.4692505968
2988 27080.2047109347
3136 27101.0088003366
4089 27119.5477244137
4115 27126.8498549624
4142 27436.8674195509
4281 27511.8588218275
4283 27843.9415343238
5804 27933.1307002022
6380 28075.3712486078
7114 28082.7101229382
8031 28142.2926379277
8210 28255.1621478950
8217 28333.2093553734
8727 28446.1985686411
9992 28558.9297993377
10000 -161524.1000000000
evaluations raw_y
1 -269297.1000000000
4 -268338.1000000000
6 -267477.1000000000
8 -266675.1000000000
24 -266536.1000000000
27 -265356.1000000000
30 -264464.1000000000
34 -263313.1000000000
37 -262493.1000000000
46 -261735.1000000000
59 -261654.1000000000
61 -261543.1000000000
62 -260571.1000000000
65 -254957.1000000000
71 -254485.1000000000
73 -253109.1000000000
75 -250320.1000000000
79 -249579.1000000000
83 -246129.1000000000
84 -245804.1000000000
96 -243352.1000000000
98 -242591.1000000000
99 -241614.1000000000
101 -238032.1000000000
106 -237292.1000000000
115 -236638.1000000000
116 -236632.1000000000
117 -236553.1000000000
118 -236224.1000000000
121 -234502.1000000000
122 -232991.1000000000
128 -231771.1000000000
135 -231746.1000000000
152 -231744.1000000000
153 -230324.1000000000
161 -230244.1000000000
163 -230098.1000000000
168 -229194.1000000000
189 -228273.1000000000
197 -227906.1000000000
203 -226070.1000000000
218 -225536.1000000000
228 -221788.1000000000
231 -220729.1000000000
232 -219906.1000000000
233 -219018.1000000000
240 -217372.1000000000
248 -217007.1000000000
249 -216478.1000000000
250 -213547.1000000000
256 -212784.1000000000
263 -211540.1000000000
264 -210866.1000000000
276 -208169.1000000000
279 -207194.1000000000
280 -206210.1000000000
291 -205820.1000000000
298 -204896.1000000000
308 -203412.1000000000
315 -201966.1000000000
317 -201610.1000000000
330 -199167.1000000000
358 -199165.1000000000
366 -197927.1000000000
377 -197053.1000000000
385 -196827.1000000000
409 -195905.1000000000
413 -194717.1000000000
414 -192817.1000000000
416 -192331.1000000000
419 -191151.1000000000
420 -189307.1000000000
422 -189306.1000000000
461 -188132.1000000000
472 -184955.1000000000
485 -184798.1000000000
491 -184201.1000000000
493 -183425.1000000000
499 -182703.1000000000
508 -182672.1000000000
509 -180901.1000000000
510 -180405.1000000000
518 -179427.1000000000
520 -179239.1000000000
523 -178464.1000000000
565 -177741.1000000000
590 -177153.1000000000
592 -176843.1000000000
601 -175906.1000000000
607 -174680.1000000000
610 -174274.1000000000
642 -174070.1000000000
647 -173082.1000000000
650 -172719.1000000000
663 -172713.1000000000
693 -172601.1000000000
730 -171381.1000000000
741 -169741.1000000000
742 -169496.1000000000
747 -169252.1000000000
757 -168722.1000000000
758 -168356.1000000000
760 -168277.1000000000
774 -167972.1000000000
787 -167611.1000000000
791 -166165.1000000000
804 -165395.1000000000
805 -164686.1000000000
806 -164630.1000000000
820 -164208.1000000000
869 -163660.1000000000
879 -162108.1000000000
913 -161969.1000000000
960 -161613.1000000000
961 -161529.1000000000
962 -161162.1000000000
993 -160573.1000000000
994 -160321.1000000000
1004 24111.5687799258
1031 24545.3544595691
1036 25129.7913756837
1132 25254.4892880175
1152 25378.1599134204
1373 25473.5734451722
1756 25485.3814977195
1822 25626.6824773711
2014 25760.1892988783
2065 25784.2389621315
2323 25899.3898998363
2358 25920.8022102643
2488 25986.7297481066
2622 26099.5030581812
2893 26224.2942023137
3232 26269.4705439696
3293 26310.4712575712
3360 26332.7493593414
3554 26369.8220219005
3786 26570.5183004186
3945 26971.9100995904
5227 27107.7095933663
5338 27120.2753786666
5464 27122.5593560776
5490 27233.5461476320
6286 27332.9987350136
6335 27449.1630641015
6367 27560.5632118478
6616 27702.3003575349
7674 27898.5078476846
7697 28099.1743306182
7966 28201.9433043968
9617 28313.3821373933
10000 -161628.1000000000
evaluations raw_y
1 -271941.1000000000
4 -271939.1000000000
5 -271531.1000000000
8 -270437.1000000000
25 -270193.1000000000
26 -268154.1000000000
27 -265471.1000000000
29 -263822.1000000000
30 -263533.1000000000
38 -262936.1000000000
42 -261999.1000000000
50 -260584.1000000000
51 -259894.1000000000
52 -257083.1000000000
53 -255426.1000000000
58 -255269.1000000000
62 -254721.1000000000
66 -252847.1000000000
84 -250471.1000000000
86 -247838.1000000000
90 -247087.1000000000
91 -246312.1000000000
94 -244438.1000000000
100 -244344.1000000000
101 -241712.1000000000
102 -239832.1000000000
111 -239222.1000000000
122 -239204.1000000000
123 -237692.1000000000
133 -237147.1000000000
147 -235303.1000000000
159 -235006.1000000000
162 -234784.1000000000
170 -234195.1000000000
173 -233420.1000000000
184 -232948.1000000000
188 -231504.1000000000
190 -230542.1000000000
192 -230090.1000000000
198 -229581.1000000000
200 -228586.1000000000
202 -227668.1000000000
205 -226520.1000000000
211 -224174.1000000000
213 -223449.1000000000
228 -222910.1000000000
229 -222666.1000000000
234 -221938.1000000000
237 -221589.1000000000
239 -221282.1000000000
241 -220615.1000000000
245 -220405.1000000000
246 -220021.1000000000
250 -219245.1000000000
252 -219214.1000000000
256 -216850.1000000000
262 -215494.1000000000
268 -214025.1000000000
271 -213784.1000000000
287 -211423.1000000000
289 -209469.1000000000
300 -209061.1000000000
319 -207841.1000000000
328 -207536.1000000000
329 -207294.1000000000
336 -205742.1000000000
351 -205450.1000000000
356 -205257.1000000000
358 -204896.1000000000
363 -203524.1000000000
365 -201838.1000000000
367 -200332.1000000000
368 -200193.1000000000
374 -199621.1000000000
387 -199271.1000000000
390 -198576.1000000000
392 -197242.1000000000
430 -196750.1000000000
444 -194009.1000000000
466 -193851.1000000000
467 -193363.1000000000
468 -192736.1000000000
473 -192732.1000000000
485 -192497.1000000000
499 -191560.1000000000
501 -190947.1000000000
508 -189647.1000000000
509 -189281.1000000000
513 -188925.1000000000
519 -187975.1000000000
520 -187289.1000000000
524 -187039.1000000000
531 -185729.1000000000
544 -185529.1000000000
555 -184823.1000000000
571 -184518.1000000000
592 -182046.1000000000
595 -182040.1000000000
598 -181101.1000000000
605 -180411.1000000000
606 -180105.1000000000
631 -177843.1000000000
639 -177838.1000000000
690 -176185.1000000000
696 -175451.1000000000
740 -175078.1000000000
741 -174796.1000000000
778 -174784.1000000000
790 -174536.1000000000
822 -174203.1000000000
842 -173464.1000000000
879 -173020.1000000000
912 -172635.1000000000
914 -172341.1000000000
931 -171866.1000000000
936 -171336.1000000000
946 -169632.1000000000
968 -169215.1000000000
990 -166246.1000000000
1025 -165723.1000000000
1040 -163269.1000000000
1051 -161650.1000000000
1062 -161339.1000000000
1068 -160809.1000000000
1103 24162.2801513409
1106 24265.1185861071
1110 24420.9121982984
1115 24469.3571549215
1182 24515.1636342653
1183 24662.4353867898
1188 24767.7550659340
1239 24808.4861343609
1248 24963.5445350736
1320 25304.3821700347
1368 25488.3702941584
1397 25606.4185149966
1436 25779.7573358103
1528 25969.6172528181
1540 26127.5654587075
1541 26268.7132121527
1582 26440.7541208824
1586 26458.2271350232
1600 26522.1725607765
1629 26969.8409536893
1651 27451.8041269925
1698 27588.8098243660
1817 27675.8305174977
2241 28077.1302318609
3667 28226.8064229924
3800 28330.4237795496
3991 28439.7963352187
5296 28597.7646526842
6381 28653.3411493851
7116 28895.2053124867
10000 -160168.1000000000
evaluations raw_y
1 -261083.1000000000
7 -259936.1000000000
8 -258538.1000000000
10 -254878.1000000000
15 -254124.1000000000
32 -253949.1000000000
38 -253031.1000000000
39 -252684.1000000000
44 -252590.1000000000
58 -252224.1000000000
60 -250939.1000000000
75 -250584.1000000000
76 -250093.1000000000
82 -250052.1000000000
86 -248606.1000000000
87 -247138.1000000000
90 -246322.1000000000
91 -246099.1000000000
92 -243504.1000000000
101 -238803.1000000000
113 -238801.1000000000
114 -238043.1000000000
117 -236339.1000000000
121 -233488.1000000000
122 -232875.1000000000
129 -232632.1000000000
138 -231586.1000000000
176 -231424.1000000000
182 -230132.1000000000
185 -228800.1000000000
196 -228390.1000000000
198 -227701.1000000000
202 -224770.1000000000
214 -224276.1000000000
217 -223355.1000000000
271 -222258.1000000000
273 -221384.1000000000
276 -220876.1000000000
307 -217872.1000000000
310 -217063.1000000000
324 -216203.1000000000
326 -214849.1000000000
327 -213052.1000000000
333 -212762.1000000000
342 -212291.1000000000
344 -210957.1000000000
349 -210312.1000000000
363 -208542.1000000000
392 -208227.1000000000
402 -208221.1000000000
410 -208066.1000000000
415 -207925.1000000000
421 -207558.1000000000
422 -206434.1000000000
424 -204672.1000000000
426 -202296.1000000000
441 -202242.1000000000
450 -201467.1000000000
457 -201384.1000000000
460 -200925.1000000000
474 -200649.1000000000
478 -200570.1000000000
484 -199729.1000000000
512 -199478.1000000000
513 -199252.1000000000
523 -199119.1000000000
527 -195371.1000000000
530 -194427.1000000000
531 -193353.1000000000
547 -192179.1000000000
570 -191529.1000000000
580 -190711.1000000000
585 -190350.1000000000
610 -189801.1000000000
615 -189336.1000000000
617 -189024.1000000000
624 -187971.1000000000
638 -186977.1000000000
643 -186511.1000000000
668 -186020.1000000000
669 -185279.1000000000
697 -185031.1000000000
731 -184469.1000000000
738 -183879.1000000000
759 -182399.1000000000
799 -180385.1000000000
863 -179910.1000000000
867 -179867.1000000000
869 -179523.1000000000
871 -179399.1000000000
895 -179009.1000000000
897 -178978.1000000000
905 -178350.1000000000
917 -176520.1000000000
933 -175513.1000000000
938 -174494.1000000000
958 -171066.1000000000
996 -170332.1000000000
1000 -169942.1000000000
1006 -168932.1000000000
1050 -168282.1000000000
1072 -167704.1000000000
1083 -164905.1000000000
1086 -164695.1000000000
1088 -164586.1000000000
1093 -163799.1000000000
1121 -163447.1000000000
1153 -161895.1000000000
1165 -161612.1000000000
1176 -161473.1000000000
1177 -161168.1000000000
1187 -161092.1000000000
1190 -160845.1000000000
1203 24861.4982440934
1269 24931.9684907075
1292 25052.6460111679
1367 25319.1680151715
1469 25502.7143205697
1667 25620.3485504444
1692 25752.4033015343
1891 25862.0865937181
1928 25887.0293301887
2073 25903.2447623066
2083 25947.7796997948
2224 26050.9816284314
2393 26199.7035331545
2619 26272.0238541208
2675 26423.7349809764
2755 26561.5042784449
2891 26594.1035150400
3392 26734.4106721501
4025 26745.5000885793
4301 26772.9340749670
5064 26919.6375406124
8399 26972.7482195416
10000 26103.9242990623
evaluations raw_y
1 -279705.1000000000
2 -279605.1000000000
3 -276728.1000000000
6 -276167.1000000000
7 -274532.1000000000
12 -273826.1000000000
13 -273010.1000000000
18 -272465.1000000000
19 -271591.1000000000
21 -270003.1000000000
28 -267047.1000000000
33 -266676.1000000000
37 -265294.1000000000
38 -264093.1000000000
44 -262905.1000000000
45 -261725.1000000000
54 -261689.1000000000
62 -259520.1000000000
72 -258911.1000000000
73 -258441.1000000000
78 -257458.1000000000
85 -253805.1000000000
87 -251867.1000000000
91 -250934.1000000000
96 -250266.1000000000
97 -247713.1000000000
101 -247595.1000000000
103 -246035.1000000000
120 -245294.1000000000
122 -244354.1000000000
151 -243981.1000000000
156 -243205.1000000000
162 -243145.1000000000
163 -242411.1000000000
175 -241945.1000000000
178 -240494.1000000000
185 -240058.1000000000
191 -239564.1000000000
192 -236676.1000000000
196 -235930.1000000000
197 -235107.1000000000
205 -231643.1000000000
211 -231575.1000000000
217 -231338.1000000000
219 -229677.1000000000
220 -229675.1000000000
223 -228930.1000000000
227 -227798.1000000000
228 -227346.1000000000
229 -226135.1000000000
230 -224413.1000000000
231 -224217.1000000000
245 -223330.1000000000
270 -223265.1000000000
272 -221785.1000000000
287 -220565.1000000000
291 -218305.1000000000
293 -218301.1000000000
298 -217565.1000000000
304 -214673.1000000000
319 -214475.1000000000
321 -212817.1000000000
323 -212492.1000000000
325 -211672.1000000000
331 -210735.1000000000
332 -208835.1000000000
333 -207861.1000000000
368 -207655.1000000000
375 -207129.1000000000
376 -206535.1000000000
380 -205091.1000000000
382 -204103.1000000000
389 -202457.1000000000
391 -202268.1000000000
406 -201043.1000000000
409 -200171.1000000000
415 -199038.1000000000
428 -198798.1000000000
446 -198162.1000000000
449 -197386.1000000000
455 -196719.1000000000
463 -194565.1000000000
486 -192042.1000000000
494 -192027.1000000000
499 -191927.1000000000
506 -190481.1000000000
516 -190089.1000000000
517 -188479.1000000000
518 -188273.1000000000
524 -186870.1000000000
536 -186568.1000000000
559 -186375.1000000000
560 -184491.1000000000
606 -183271.1000000000
609 -182823.1000000000
628 -182822.1000000000
630 -182620.1000000000
652 -182154.1000000000
653 -181784.1000000000
673 -181415.1000000000
686 -181273.1000000000
690 -181201.1000000000
708 -181001.1000000000
717 -180995.1000000000
739 -180940.1000000000
748 -180328.1000000000
760 -178566.1000000000
787 -177482.1000000000
795 -176597.1000000000
809 -174543.1000000000
878 -172585.1000000000
899 -172023.1000000000
906 -171801.1000000000
939 -171066.1000000000
947 -170250.1000000000
950 -169561.1000000000
951 -168640.1000000000
961 -168634.1000000000
1004 -168557.1000000000
1020 -168013.1000000000
1035 -167274.1000000000
1051 -167221.1000000000
1093 -166777.1000000000
1099 -166421.1000000000
1123 -166390.1000000000
1161 -166169.1000000000
1172 -165894.1000000000
1174 -165646.1000000000
1207 -165158.1000000000
1209 -164821.1000000000
1230 -162676.1000000000
1238 -162082.1000000000
1250 -160562.1000000000
1298 -160360.1000000000
1304 26019.9735485797
1316 26458.5626293704
1379 26526.6756629388
1498 26582.0213925746
1571 26610.0091029573
1651 26836.6110092080
1767 26851.3019936621
1871 27040.5942240418
2205 27157.0280212792
3100 27314.8642856925
3477 27324.8200150798
3500 27324.8270382393
3679 27428.4676151398
3849 27550.6585521170
3959 27654.2421656951
4047 28056.0302782666
5743 28153.3539840442
6514 28187.7346675445
7473 28336.0584028109
8599 28361.2639168967
9892 28442.6191820318
10000 -161570.1000000000
evaluations raw_y
1 -291008.1000000000
2 -290520.1000000000
4 -288644.1000000000
6 -284837.1000000000
9 -282502.1000000000
10 -281889.1000000000
11 -281607.1000000000
13 -278041.1000000000
16 -277929.1000000000
18 -277387.1000000000
20 -275501.1000000000
23 -275111.1000000000
25 -274037.1000000000
26 -270118.1000000000
35 -267566.1000000000
36 -266694.1000000000
47 -265962.1000000000
50 -265239.1000000000
53 -264903.1000000000
65 -264193.1000000000
73 -261394.1000000000
76 -260653.1000000000
77 -260077.1000000000
81 -259764.1000000000
84 -258586.1000000000
87 -258369.1000000000
102 -256524.1000000000
104 -254413.1000000000
107 -254165.1000000000
109 -251366.1000000000
111 -250429.1000000000
112 -250218.1000000000
113 -248790.1000000000
117 -244768.1000000000
128 -243790.1000000000
134 -240954.1000000000
154 -240411.1000000000
159 -238479.1000000000
174 -238119.1000000000
177 -236605.1000000000
190 -234571.1000000000
191 -232692.1000000000
201 -232219.1000000000
209 -232038.1000000000
215 -231105.1000000000
218 -230619.1000000000
223 -230346.1000000000
225 -229542.1000000000
229 -228668.1000000000
243 -228487.1000000000
249 -228205.1000000000
256 -225876.1000000000
270 -225699.1000000000
273 -225205.1000000000
284 -225203.1000000000
287 -224023.1000000000
288 -222326.1000000000
334 -222100.1000000000
341 -220934.1000000000
353 -220245.1000000000
364 -219256.1000000000
369 -216534.1000000000
373 -215414.1000000000
377 -215401.1000000000
384 -214123.1000000000
390 -213789.1000000000
391 -213330.1000000000
394 -212621.1000000000
403 -212615.1000000000
406 -212063.1000000000
414 -210301.1000000000
416 -209144.1000000000
417 -208904.1000000000
418 -205821.1000000000
447 -204849.1000000000
448 -203872.1000000000
456 -203733.1000000000
457 -202443.1000000000
464 -202106.1000000000
467 -201750.1000000000
484 -200991.1000000000
485 -200117.1000000000
492 -198117.1000000000
495 -197994.1000000000
496 -197621.1000000000
497 -196240.1000000000
500 -196116.1000000000
503 -195958.1000000000
504 -195864.1000000000
505 -195175.1000000000
507 -195020.1000000000
520 -192074.1000000000
528 -191917.1000000000
529 -190415.1000000000
583 -190411.1000000000
598 -189452.1000000000
600 -188822.1000000000
604 -187950.1000000000
608 -185920.1000000000
609 -185045.1000000000
612 -184805.1000000000
632 -184435.1000000000
659 -183243.1000000000
668 -183168.1000000000
672 -180276.1000000000
689 -178079.1000000000
696 -178017.1000000000
707 -176900.1000000000
744 -174981.1000000000
747 -174125.1000000000
750 -173441.1000000000
752 -173319.1000000000
775 -171433.1000000000
777 -171123.1000000000
782 -169739.1000000000
787 -167408.1000000000
791 -167125.1000000000
794 -166057.1000000000
837 -164265.1000000000
850 -163629.1000000000
874 -160809.1000000000
875 -160401.1000000000
905 -160258.1000000000
915 25789.2350116836
918 25970.1816915592
926 26071.3123573091
928 26419.1158740839
941 26619.4804242825
965 26738.8566707828
1006 26768.2219009270
1062 26944.2983129076
1154 27050.5854893940
1905 27124.8832175121
1976 27142.3109479993
1996 27244.6433480450
2122 27250.2860636141
2273 27364.2137197212
3093 27443.7615077668
3330 27492.5095225461
3608 27698.8594311838
4015 27809.9922822296
4348 27870.1264538155
4353 27920.8494027671
4761 27942.9701962637
5059 28149.6604922847
5406 28255.3117075028
5444 28455.9910166272
5691 28623.4463485759
5714 28755.3410007146
5778 28853.7746126687
5928 28982.5286639722
6068 28998.2070886304
6329 29034.7807430961
6589 29340.8071004003
6741 29397.8370479841
7020 29699.5566874124
7880 29796.9989337152
9642 29941.8578249780
10000 -160279.1000000000
evaluations raw_y
1 -282362.1000000000
2 -279470.1000000000
3 -278784.1000000000
8 -276918.1000000000
11 -276817.1000000000
12 -274616.1000000000
13 -273170.1000000000
22 -272448.1000000000
23 -271297.1000000000
24 -270707.1000000000
28 -270644.1000000000
30 -270487.1000000000
31 -268607.1000000000
32 -265315.1000000000
33 -265203.1000000000
35 -264375.1000000000
38 -264160.1000000000
45 -263336.1000000000
46 -262904.1000000000
47 -261107.1000000000
50 -260867.1000000000
54 -259387.1000000000
60 -257125.1000000000
70 -255955.1000000000
72 -255807.1000000000
75 -254912.1000000000
83 -252264.1000000000
85 -249671.1000000000
90 -248011.1000000000
91 -245516.1000000000
94 -242670.1000000000
121 -241682.1000000000
135 -241094.1000000000
140 -239840.1000000000
143 -239458.1000000000
144 -235710.1000000000
146 -234497.1000000000
148 -232661.1000000000
162 -231801.1000000000
164 -229758.1000000000
166 -229713.1000000000
167 -227587.1000000000
173 -227091.1000000000
177 -226116.1000000000
180 -225475.1000000000
188 -221703.1000000000
189 -218599.1000000000
190 -218151.1000000000
191 -217019.1000000000
193 -216457.1000000000
202 -215781.1000000000
207 -215627.1000000000
214 -215131.1000000000
217 -214115.1000000000
228 -213705.1000000000
230 -213637.1000000000
259 -212609.1000000000
270 -212327.1000000000
275 -210509.1000000000
279 -209786.1000000000
287 -208700.1000000000
295 -207804.1000000000
300 -207757.1000000000
302 -207432.1000000000
305 -206245.1000000000
321 -204704.1000000000
329 -203456.1000000000
335 -203342.1000000000
346 -203079.1000000000
347 -202751.1000000000
357 -202077.1000000000
358 -200749.1000000000
359 -199494.1000000000
364 -198896.1000000000
367 -197670.1000000000
368 -197160.1000000000
387 -195714.1000000000
398 -195395.1000000000
405 -195316.1000000000
409 -194128.1000000000
413 -192367.1000000000
418 -191385.1000000000
419 -190749.1000000000
428 -190412.1000000000
435 -188432.1000000000
445 -187609.1000000000
447 -186875.1000000000
448 -186753.1000000000
452 -186331.1000000000
465 -185174.1000000000
468 -184313.1000000000
486 -183827.1000000000
521 -183585.1000000000
546 -182862.1000000000
573 -181919.1000000000
576 -181439.1000000000
583 -180069.1000000000
586 -179139.1000000000
592 -178450.1000000000
626 -178315.1000000000
633 -177959.1000000000
642 -177269.1000000000
643 -176656.1000000000
653 -175038.1000000000
660 -173860.1000000000
701 -172621.1000000000
707 -169844.1000000000
727 -169656.1000000000
744 -169163.1000000000
762 -168021.1000000000
763 -167675.1000000000
791 -166555.1000000000
793 -163113.1000000000
802 -162284.1000000000
824 -162129.1000000000
852 -162050.1000000000
862 -161338.1000000000
867 22873.3182535687
868 23465.4735035371
893 23989.1909299498
898 24194.4031220814
905 24391.6321276484
930 24590.8630812552
946 24767.0730259271
984 24868.8636192125
1088 25080.7756137919
1133 25200.6927720458
1157 25226.5822266929
1324 25497.8757300088
1369 25842.7223569181
1449 25863.4914139120
1521 25963.3030004461
1746 26170.7651030130
1908 26270.8802580654
1934 26414.4139327041
1997 26572.7684811679
3657 26626.0814323277
3775 26781.3851817130
5003 26845.0388860569
5567 26971.1740529691
6125 27006.1657566066
7261 27107.8450247575
7745 27239.2948897026
8072 27298.9406194985
9886 27336.1720082388
10000 25660.0910536608
evaluations raw_y
1 -285490.1000000000
4 -284170.1000000000
6 -282111.1000000000
8 -280101.1000000000
27 -278110.1000000000
32 -277319.1000000000
34 -275785.1000000000
35 -274485.1000000000
37 -273538.1000000000
39 -273233.1000000000
43 -270653.1000000000
44 -270091.1000000000
47 -267662.1000000000
48 -267072.1000000000
49 -266211.1000000000
50 -263628.1000000000
52 -259133.1000000000
55 -257385.1000000000
63 -257311.1000000000
82 -256664.1000000000
85 -256398.1000000000
86 -255712.1000000000
101 -255236.1000000000
103 -254773.1000000000
105 -253271.1000000000
106 -251833.1000000000
109 -251752.1000000000
113 -249619.1000000000
122 -247856.1000000000
128 -247393.1000000000
129 -247191.1000000000
130 -246720.1000000000
132 -245392.1000000000
133 -242515.1000000000
134 -241543.1000000000
149 -240662.1000000000
151 -238210.1000000000
157 -237900.1000000000
170 -236341.1000000000
172 -236117.1000000000
177 -234849.1000000000
188 -233688.1000000000
189 -233367.1000000000
193 -232329.1000000000
195 -230827.1000000000
199 -229516.1000000000
200 -228790.1000000000
211 -227602.1000000000
212 -227324.1000000000
215 -226604.1000000000
223 -226492.1000000000
229 -225825.1000000000
231 -225212.1000000000
247 -224930.1000000000
248 -224188.1000000000
265 -223211.1000000000
266 -221795.1000000000
269 -221138.1000000000
277 -220950.1000000000
278 -220550.1000000000
288 -219132.1000000000
294 -218486.1000000000
297 -215194.1000000000
298 -214250.1000000000
302 -212725.1000000000
308 -212246.1000000000
311 -211513.1000000000
314 -210241.1000000000
318 -208243.1000000000
341 -202760.1000000000
344 -202704.1000000000
354 -202094.1000000000
363 -201404.1000000000
369 -200949.1000000000
381 -200699.1000000000
386 -200620.1000000000
391 -200541.1000000000
398 -199763.1000000000
399 -199426.1000000000
402 -198954.1000000000
407 -198321.1000000000
411 -197188.1000000000
423 -196694.1000000000
424 -196208.1000000000
434 -195666.1000000000
451 -195309.1000000000
452 -193789.1000000000
455 -192980.1000000000
463 -191817.1000000000
466 -191228.1000000000
470 -190984.1000000000
471 -189806.1000000000
473 -188208.1000000000
477 -185667.1000000000
478 -185196.1000000000
479 -181448.1000000000
487 -180758.1000000000
504 -180402.1000000000
513 -179190.1000000000
514 -175616.1000000000
520 -175372.1000000000
521 -174627.1000000000
547 -174509.1000000000
569 -174447.1000000000
584 -174134.1000000000
608 -173489.1000000000
609 -173253.1000000000
611 -172567.1000000000
633 -171093.1000000000
649 -171069.1000000000
651 -170899.1000000000
654 -170142.1000000000
661 -168842.1000000000
696 -167922.1000000000
698 -166934.1000000000
699 -165054.1000000000
722 -164434.1000000000
729 -164390.1000000000
774 -162964.1000000000
795 -162852.1000000000
803 -162098.1000000000
805 -162043.1000000000
808 -161843.1000000000
847 25741.5839646068
852 25818.7313590714
853 25935.4954054293
886 26237.1134532959
1010 26279.3137350740
1017 26488.1572844470
1034 26633.4958631821
1036 26911.7347355836
1049 27030.5525438604
1663 27032.9185823812
1773 27070.4363071604
1907 27245.5370145689
2049 27339.2867579394
2204 27349.2710982618
2319 27423.4307420806
2607 27531.0802255765
3547 27692.7194443408
3980 27731.8212377240
4299 27771.7629692851
5487 27972.5225066560
6150 28075.7670949494
6469 28110.4651392425
6525 28256.2099871125
6675 28394.3045170228
6719 28418.4005479777
7370 28574.1400843708
7456 28677.4225325838
10000 -160825.1000000000
evaluations raw_y
1 -280620.1000000000
2 -280315.1000000000
6 -279439.1000000000
8 -275899.1000000000
9 -274599.1000000000
10 -274416.1000000000
12 -273963.1000000000
17 -273836.1000000000
20 -270112.1000000000
21 -267850.1000000000
22 -261816.1000000000
23 -260872.1000000000
34 -260645.1000000000
41 -260191.1000000000
52 -259720.1000000000
53 -259075.1000000000
54 -257821.1000000000
56 -254202.1000000000
57 -253772.1000000000
60 -252298.1000000000
67 -251533.1000000000
71 -250593.1000000000
75 -250127.1000000000
77 -249973.1000000000
79 -249883.1000000000
87 -249141.1000000000
90 -249040.1000000000
92 -249031.1000000000
99 -247261.1000000000
100 -247230.1000000000
104 -245940.1000000000
117 -243125.1000000000
121 -241348.1000000000
125 -240868.1000000000
127 -238375.1000000000
141 -238187.1000000000
143 -236744.1000000000
149 -236531.1000000000
159 -235241.1000000000
171 -233397.1000000000
177 -230798.1000000000
178 -230473.1000000000
182 -229643.1000000000
195 -229394.1000000000
207 -227099.1000000000
226 -226689.1000000000
227 -225673.1000000000
240 -223673.1000000000
242 -223193.1000000000
250 -222640.1000000000
261 -222548.1000000000
267 -222267.1000000000
282 -221699.1000000000
294 -221013.1000000000
298 -220561.1000000000
303 -219931.1000000000
316 -219819.1000000000
320 -219010.1000000000
323 -218288.1000000000
324 -217416.1000000000
337 -214900.1000000000
348 -213631.1000000000
353 -212341.1000000000
370 -211456.1000000000
387 -208645.1000000000
391 -206681.1000000000
417 -206058.1000000000
427 -204117.1000000000
429 -203428.1000000000
430 -201179.1000000000
437 -200697.1000000000
439 -199117.1000000000
535 -198609.1000000000
540 -198480.1000000000
541 -197886.1000000000
551 -197046.1000000000
602 -196855.1000000000
603 -195922.1000000000
654 -195199.1000000000
656 -195113.1000000000
661 -194638.1000000000
664 -192509.1000000000
667 -190957.1000000000
677 -190909.1000000000
679 -190878.1000000000
687 -190443.1000000000
697 -190199.1000000000
742 -189534.1000000000
753 -187956.1000000000
755 -187474.1000000000
804 -186578.1000000000
827 -185609.1000000000
828 -185398.1000000000
829 -184805.1000000000
834 -184155.1000000000
838 -184137.1000000000
844 -183165.1000000000
853 -181103.1000000000
865 -180651.1000000000
890 -180192.1000000000
908 -180113.1000000000
920 -179911.1000000000
953 -179670.1000000000
974 -178788.1000000000
993 -177612.1000000000
994 -175746.1000000000
1001 -174926.1000000000
1030 -174190.1000000000
1032 -172856.1000000000
1062 -171372.1000000000
1063 -170954.1000000000
1064 -169995.1000000000
1065 -168958.1000000000
1080 -168358.1000000000
1081 -167056.1000000000
1085 -166259.1000000000
1087 -164199.1000000000
1103 -163953.1000000000
1116 -163709.1000000000
1152 -162772.1000000000
1155 -162535.1000000000
1157 -161812.1000000000
1200 -160950.1000000000
1236 -160141.1000000000
1250 23490.5139519593
1275 23559.1023994164
1290 24267.6851557906
1314 24271.4349636602
1325 24314.2594584151
1326 24513.8562807346
1328 24556.8419186667
1334 24683.4832132447
1336 25128.3229364405
1340 25234.1966053915
1375 25367.2438944933
1753 25384.6952176829
1784 25645.9664371472
1808 26348.8240860094
1985 26456.0272705862
2008 26498.9209698989
2032 26746.3371219366
2140 26807.3309812592
2501 27001.7016378976
2660 27157.5483828602
3417 27260.5883302504
3618 27408.8251744276
4290 27425.2805666550
4326 27726.5247771507
4437 27993.0900068660
4496 28282.7952542095
6107 28550.0883703257
6302 28768.3610242809
10000 -161783.1000000000
evaluations raw_y
1 -272604.1000000000
5 -271743.1000000000
7 -270968.1000000000
10 -269062.1000000000
11 -268968.1000000000
12 -268335.1000000000
13 -265741.1000000000
18 -263875.1000000000
23 -263602.1000000000
25 -261953.1000000000
38 -260979.1000000000
39 -260058.1000000000
43 -259430.1000000000
49 -256741.1000000000
51 -255567.1000000000
61 -252100.1000000000
62 -251648.1000000000
63 -249614.1000000000
71 -248978.1000000000
76 -247470.1000000000
77 -244418.1000000000
80 -243974.1000000000
81 -243307.1000000000
89 -243181.1000000000
90 -242701.1000000000
94 -241978.1000000000
99 -240556.1000000000
101 -239305.1000000000
111 -237657.1000000000
123 -237095.1000000000
130 -235795.1000000000
132 -234852.1000000000
136 -233642.1000000000
142 -232705.1000000000
151 -230639.1000000000
155 -229754.1000000000
157 -227171.1000000000
159 -226761.1000000000
164 -225293.1000000000
166 -223145.1000000000
167 -223083.1000000000
178 -222942.1000000000
186 -221762.1000000000
187 -220182.1000000000
192 -216866.1000000000
203 -215903.1000000000
207 -214059.1000000000
213 -213236.1000000000
223 -211571.1000000000
224 -211323.1000000000
226 -209405.1000000000
238 -207451.1000000000
243 -207113.1000000000
255 -207085.1000000000
261 -207083.1000000000
270 -206366.1000000000
274 -205242.1000000000
281 -204893.1000000000
310 -202680.1000000000
312 -202480.1000000000
315 -201530.1000000000
318 -200442.1000000000
328 -200117.1000000000
338 -199395.1000000000
343 -198256.1000000000
366 -197666.1000000000
371 -196207.1000000000
385 -194629.1000000000
387 -194597.1000000000
389 -192590.1000000000
391 -192406.1000000000
395 -191778.1000000000
410 -189887.1000000000
461 -186608.1000000000
463 -185940.1000000000
474 -185062.1000000000
480 -184350.1000000000
484 -183119.1000000000
490 -181783.1000000000
522 -181331.1000000000
564 -180642.1000000000
575 -179454.1000000000
585 -179452.1000000000
589 -178964.1000000000
620 -178560.1000000000
630 -178122.1000000000
637 -175191.1000000000
647 -175174.1000000000
649 -173308.1000000000
650 -172599.1000000000
651 -171181.1000000000
666 -170779.1000000000
675 -169412.1000000000
681 -169102.1000000000
694 -168702.1000000000
699 -167879.1000000000
709 -167509.1000000000
712 -167229.1000000000
723 -165009.1000000000
766 -164537.1000000000
775 -164071.1000000000
792 -163444.1000000000
832 -163390.1000000000
833 -162676.1000000000
858 -162268.1000000000
875 -161658.1000000000
927 -161632.1000000000
956 -160736.1000000000
968 -160001.1000000000
980 25152.0091012691
1132 25152.2090297072
1206 25248.5567057044
1212 25292.9394877072
1218 25621.6051281942
1367 25908.6336086087
1554 25913.5545789622
1623 25942.8125427152
1663 26121.1752536394
1682 26363.8894138615
1766 26812.9590653030
1929 26876.6855591052
2059 26947.2522614835
2078 27414.1421559768
2830 27428.1109298230
2840 27567.4246468499
2842 27632.1583058657
2938 27694.7630436401
2940 27697.8824818467
4018 27801.3006672660
4075 27915.6863719321
4456 27991.1544776985
4641 28176.0660098882
4777 28377.1387220823
5010 28494.9960529402
5160 28670.0652337206
6086 28719.2255878382
6352 28727.7860048354
6399 28776.5750104431
6465 29008.8307720622
7736 29029.0331777401
9251 29082.1170583011
10000 28974.5911375418
evaluations raw_y
1 -281106.1000000000
2 -280576.1000000000
6 -279689.1000000000
10 -279467.1000000000
18 -278930.1000000000
23 -278069.1000000000
26 -277917.1000000000
31 -277433.1000000000
35 -273965.1000000000
37 -271781.1000000000
43 -271295.1000000000
47 -269252.1000000000
52 -268868.1000000000
53 -268103.1000000000
61 -267695.1000000000
65 -266799.1000000000
66 -266658.1000000000
80 -265684.1000000000
81 -265562.1000000000
85 -264227.1000000000
87 -264108.1000000000
89 -259326.1000000000
93 -259086.1000000000
94 -258259.1000000000
97 -257889.1000000000
103 -256917.1000000000
104 -254769.1000000000
107 -254543.1000000000
109 -253768.1000000000
110 -253587.1000000000
111 -249815.1000000000
116 -248128.1000000000
125 -245233.1000000000
129 -244289.1000000000
134 -241828.1000000000
137 -241074.1000000000
143 -240848.1000000000
147 -240385.1000000000
155 -240311.1000000000
158 -238944.1000000000
159 -237183.1000000000
165 -236898.1000000000
175 -235747.1000000000
182 -234372.1000000000
206 -234260.1000000000
207 -233437.1000000000
210 -233435.1000000000
212 -232203.1000000000
218 -231521.1000000000
226 -231421.1000000000
236 -229844.1000000000
244 -229065.1000000000
245 -228091.1000000000
246 -227720.1000000000
254 -226486.1000000000
257 -225735.1000000000
258 -223678.1000000000
259 -223080.1000000000
267 -222890.1000000000
271 -222195.1000000000
291 -221828.1000000000
294 -221105.1000000000
301 -220935.1000000000
304 -220201.1000000000
306 -219556.1000000000
322 -218763.1000000000
323 -218515.1000000000
326 -217895.1000000000
333 -216921.1000000000
337 -215221.1000000000
340 -214608.1000000000
344 -214237.1000000000
347 -213477.1000000000
352 -213446.1000000000
359 -213338.1000000000
361 -213122.1000000000
362 -212448.1000000000
363 -211567.1000000000
370 -211206.1000000000
374 -209834.1000000000
375 -207880.1000000000
387 -207281.1000000000
391 -207216.1000000000
396 -206318.1000000000
402 -205893.1000000000
419 -205531.1000000000
422 -204580.1000000000
433 -204483.1000000000
446 -202107.1000000000
476 -202037.1000000000
479 -201915.1000000000
501 -200243.1000000000
503 -200135.1000000000
508 -196819.1000000000
515 -196409.1000000000
519 -196209.1000000000
521 -193614.1000000000
538 -193142.1000000000
576 -192165.1000000000
591 -191694.1000000000
594 -190966.1000000000
606 -190684.1000000000
608 -190456.1000000000
616 -190252.1000000000
633 -189624.1000000000
658 -189501.1000000000
692 -186990.1000000000
700 -186685.1000000000
720 -186339.1000000000
734 -185645.1000000000
747 -185535.1000000000
752 -184881.1000000000
786 -184063.1000000000
816 -183007.1000000000
840 -181797.1000000000
841 -181345.1000000000
860 -180873.1000000000
868 -180718.1000000000
876 -179166.1000000000
877 -178452.1000000000
879 -177678.1000000000
882 -174883.1000000000
887 -174089.1000000000
891 -173399.1000000000
907 -172624.1000000000
918 -169988.1000000000
936 -169831.1000000000
939 -169464.1000000000
953 -167450.1000000000
954 -166812.1000000000
965 -166078.1000000000
971 -165790.1000000000
1012 -165679.1000000000
1016 -165568.1000000000
1019 -163732.1000000000
1026 -162544.1000000000
1034 -160237.1000000000
1049 21997.1427226614
1052 22114.0658215894
1053 22456.7145155252
1081 22633.2550449294
1097 23396.2630563485
1123 24099.9327969633
1126 24320.9847524727
1146 24338.5083225350
1157 24417.3335870238
1168 24544.5845681374
1190 24601.3157247543
1251 24621.1294938605
1320 24638.6324495635
1323 24739.6110118349
1351 24856.8286998047
1354 24884.5430856337
1381 24966.9726453648
1384 24977.5972239281
1451 26153.7267382689
1658 26363.5729696478
1707 26537.0417461129
1709 26934.6809663307
2381 26953.9343197499
2386 26995.1933060069
2418 27001.9321912125
2838 27321.7835010604
2874 27522.4226790287
2948 27667.8812780106
3073 28223.8825477642
3127 28338.6050115826
3137 28369.8242425797
3300 28526.1471368140
3872 28541.9084454013
4304 28682.7201119593
5388 28731.8182832620
5888 28932.6139150989
7533 28948.5534585200
7779 29114.1364829184
8376 29166.6927149430
9114 29328.7332916471
10000 -161120.1000000000
evaluations raw_y
1 -285113.1000000000
8 -283614.1000000000
12 -283148.1000000000
13 -282948.1000000000
15 -282523.1000000000
19 -282153.1000000000
20 -276999.1000000000
22 -275447.1000000000
24 -274761.1000000000
25 -273507.1000000000
27 -272099.1000000000
28 -271527.1000000000
31 -270580.1000000000
34 -268828.1000000000
36 -266638.1000000000
37 -265716.1000000000
42 -262818.1000000000
44 -260698.1000000000
46 -259965.1000000000
48 -258891.1000000000
50 -258245.1000000000
55 -256002.1000000000
56 -255762.1000000000
57 -255574.1000000000
62 -254436.1000000000
68 -254434.1000000000
69 -250384.1000000000
72 -248498.1000000000
81 -247851.1000000000
85 -245475.1000000000
90 -245321.1000000000
105 -244981.1000000000
106 -242104.1000000000
113 -240204.1000000000
114 -239196.1000000000
118 -236403.1000000000
140 -236033.1000000000
142 -235910.1000000000
143 -233820.1000000000
149 -233741.1000000000
160 -231806.1000000000
163 -231217.1000000000
169 -229425.1000000000
170 -225374.1000000000
172 -224268.1000000000
179 -223681.1000000000
191 -221911.1000000000
197 -221521.1000000000
204 -220876.1000000000
206 -220665.1000000000
223 -217227.1000000000
232 -216860.1000000000
235 -216806.1000000000
240 -216312.1000000000
244 -216179.1000000000
270 -216020.1000000000
274 -215083.1000000000
278 -210252.1000000000
283 -209948.1000000000
287 -209447.1000000000
288 -206995.1000000000
296 -206884.1000000000
302 -206140.1000000000
303 -205546.1000000000
316 -204082.1000000000
318 -202704.1000000000
340 -202333.1000000000
350 -201910.1000000000
351 -201596.1000000000
352 -200015.1000000000
375 -199240.1000000000
390 -198964.1000000000
403 -197602.1000000000
428 -196643.1000000000
430 -195814.1000000000
459 -195581.1000000000
482 -194528.1000000000
485 -192852.1000000000
506 -192112.1000000000
521 -191997.1000000000
527 -190989.1000000000
535 -190115.1000000000
547 -189448.1000000000
572 -188697.1000000000
586 -188510.1000000000
600 -187064.1000000000
603 -186419.1000000000
604 -186418.1000000000
609 -184800.1000000000
612 -183955.1000000000
613 -183563.1000000000
641 -181719.1000000000
690 -181603.1000000000
714 -180645.1000000000
745 -180083.1000000000
747 -178563.1000000000
757 -177589.1000000000
758 -175819.1000000000
781 -175538.1000000000
796 -174886.1000000000
802 -174063.1000000000
832 -173821.1000000000
833 -173188.1000000000
844 -173030.1000000000
845 -172419.1000000000
850 -171643.1000000000
875 -167895.1000000000
907 -167276.1000000000
910 -167145.1000000000
928 -166993.1000000000
969 -164476.1000000000
1008 -163004.1000000000
1091 -162942.1000000000
1092 -162641.1000000000
1107 -161694.1000000000
1120 -161209.1000000000
1161 -160168.1000000000
1171 23405.4665708760
1175 23864.2261410732
1181 24362.7398222224
1184 24414.6871749352
1190 25069.5808507883
1198 25503.6903953655
1219 25645.7818527616
1260 26055.0193546526
1276 26319.5695079177
1375 26420.2473826913
1482 26532.3998177576
1492 26635.4016255409
2793 26729.7318281818
2997 26930.4303152342
3458 26993.0035586581
4508 27096.1277049576
4943 27232.6382970272
5158 27240.1357694804
8555 27252.0292592986
10000 -161071.1000000000
evaluations raw_y
1 -252463.1000000000
3 -251085.1000000000
8 -249605.1000000000
17 -248277.1000000000
23 -246988.1000000000
26 -246172.1000000000
31 -245890.1000000000
32 -245300.1000000000
42 -243938.1000000000
43 -240299.1000000000
45 -239377.1000000000
49 -237022.1000000000
53 -236460.1000000000
54 -235510.1000000000
59 -233326.1000000000
60 -232956.1000000000
61 -231984.1000000000
66 -231422.1000000000
67 -231269.1000000000
69 -230525.1000000000
72 -229338.1000000000
76 -229057.1000000000
78 -227171.1000000000
79 -226804.1000000000
83 -226194.1000000000
93 -223438.1000000000
94 -222775.1000000000
105 -221669.1000000000
106 -220751.1000000000
111 -219417.1000000000
116 -216969.1000000000
123 -216659.1000000000
134 -216462.1000000000
140 -216151.1000000000
144 -215741.1000000000
163 -215349.1000000000
169 -215293.1000000000
178 -215291.1000000000
184 -212717.1000000000
189 -211982.1000000000
204 -208609.1000000000
211 -205717.1000000000
212 -205327.1000000000
223 -205079.1000000000
233 -203091.1000000000
247 -202858.1000000000
255 -202101.1000000000
262 -201272.1000000000
272 -200593.1000000000
276 -199495.1000000000
277 -198720.1000000000
279 -197306.1000000000
286 -196118.1000000000
302 -195601.1000000000
303 -193557.1000000000
310 -193234.1000000000
317 -191682.1000000000
319 -188817.1000000000
325 -188811.1000000000
328 -188009.1000000000
329 -184425.1000000000
340 -183616.1000000000
348 -182170.1000000000
350 -181060.1000000000
387 -179614.1000000000
412 -179114.1000000000
420 -178847.1000000000
424 -178524.1000000000
425 -177234.1000000000
456 -175968.1000000000
460 -174466.1000000000
495 -173489.1000000000
507 -173048.1000000000
508 -171580.1000000000
510 -170506.1000000000
516 -169580.1000000000
522 -168402.1000000000
524 -168145.1000000000
531 -167959.1000000000
545 -167803.1000000000
557 -167799.1000000000
560 -167090.1000000000
603 -167087.1000000000
604 -165641.1000000000
638 -164421.1000000000
639 -162511.1000000000
663 -162300.1000000000
669 -161900.1000000000
690 -161759.1000000000
691 -161061.1000000000
709 -160586.1000000000
776 -160222.1000000000
837 -160143.1000000000
838 25306.3347996948
839 25744.2780276550
844 26138.0064865560
858 26614.4806847950
940 26821.6021455814
1322 26939.1543492071
1450 27081.0095132058
1490 27192.8455094613
1506 27312.0351398773
1642 27439.9420923340
1998 27721.2506970431
2173 27765.5405880641
2656 27790.6125641130
2793 27890.9708196629
2824 27893.7957396938
3234 27893.8065845371
3736 27911.8449959219
3918 28210.1089871932
4704 28241.6731698052
4806 28306.7973341146
5155 28420.0289327404
6512 28452.3051200823
7632 28505.4008273469
8690 28714.0911870661
10000 -160956.1000000000
evaluations raw_y
1 -277759.1000000000
10 -275286.1000000000
17 -273511.1000000000
18 -272825.1000000000
19 -269894.1000000000
20 -267820.1000000000
29 -265126.1000000000
41 -264807.1000000000
42 -262889.1000000000
43 -262607.1000000000
49 -260815.1000000000
53 -260470.1000000000
55 -258979.1000000000
60 -258923.1000000000
61 -258632.1000000000
63 -258595.1000000000
78 -255828.1000000000
79 -255772.1000000000
81 -255154.1000000000
91 -253749.1000000000
92 -252888.1000000000
94 -250000.1000000000
102 -249700.1000000000
113 -248375.1000000000
117 -248187.1000000000
124 -246657.1000000000
125 -245680.1000000000
134 -245649.1000000000
139 -244791.1000000000
149 -242788.1000000000
150 -242647.1000000000
151 -242017.1000000000
153 -239264.1000000000
160 -235516.1000000000
178 -235422.1000000000
181 -233954.1000000000
183 -233649.1000000000
185 -233174.1000000000
190 -230594.1000000000
195 -228537.1000000000
210 -226085.1000000000
215 -225626.1000000000
225 -223335.1000000000
233 -221455.1000000000
245 -221215.1000000000
246 -220984.1000000000
248 -218457.1000000000
250 -217483.1000000000
262 -216761.1000000000
265 -216193.1000000000
278 -214311.1000000000
280 -213622.1000000000
281 -212685.1000000000
317 -211962.1000000000
323 -211497.1000000000
328 -210668.1000000000
330 -208757.1000000000
335 -208234.1000000000
363 -205710.1000000000
372 -205506.1000000000
373 -204784.1000000000
375 -204647.1000000000
379 -204568.1000000000
389 -204521.1000000000
395 -203208.1000000000
404 -202498.1000000000
407 -202176.1000000000
410 -200498.1000000000
411 -200098.1000000000
426 -199269.1000000000
430 -198425.1000000000
447 -195641.1000000000
448 -195135.1000000000
449 -194768.1000000000
452 -194474.1000000000
472 -193872.1000000000
473 -192237.1000000000
482 -189182.1000000000
505 -189021.1000000000
513 -187766.1000000000
520 -187666.1000000000
522 -186316.1000000000
523 -185493.1000000000
554 -184571.1000000000
560 -184261.1000000000
561 -183261.1000000000
568 -181889.1000000000
584 -181601.1000000000
599 -181489.1000000000
606 -180263.1000000000
623 -179625.1000000000
628 -178743.1000000000
629 -178612.1000000000
636 -178132.1000000000
642 -177542.1000000000
648 -177246.1000000000
649 -176870.1000000000
657 -176559.1000000000
685 -176404.1000000000
687 -175660.1000000000
697 -174797.1000000000
698 -173853.1000000000
716 -173731.1000000000
717 -168669.1000000000
735 -167927.1000000000
736 -167804.1000000000
793 -167778.1000000000
815 -167445.1000000000
848 -167401.1000000000
851 -167327.1000000000
868 -166270.1000000000
938 -165798.1000000000
962 -165335.1000000000
963 -164741.1000000000
982 -164515.1000000000
1006 -164397.1000000000
1033 -164234.1000000000
1064 -163970.1000000000
1075 -163044.1000000000
1081 -163042.1000000000
1098 -162795.1000000000
1167 -160940.1000000000
1209 -159997.1000000000
1273 25360.8728116906
1310 25492.4271098280
1497 25699.2624536666
1506 25742.4216567217
1698 25785.2830361873
1737 25792.5678584174
1764 26223.3138524022
1937 26359.8256253809
1959 26496.6136985183
2064 26599.5086180380
2330 26766.9736091995
2496 26882.4104771691
2640 27016.1569704389
3038 27038.2775655472
4455 27094.2350916236
4497 27315.4454943386
4849 27458.1600828903
5947 27500.9748316776
5997 27577.6708788876
7246 27682.3337608019
8111 27684.6307868740
8795 27885.5477615656
9734 28007.8003113874
10000 27138.6369815890
evaluations raw_y
1 -268108.1000000000
2 -266854.1000000000
10 -266112.1000000000
16 -265626.1000000000
19 -265564.1000000000
20 -265092.1000000000
28 -264479.1000000000
31 -263036.1000000000
33 -261664.1000000000
36 -260844.1000000000
41 -260444.1000000000
48 -259986.1000000000
55 -259165.1000000000
63 -258925.1000000000
70 -257988.1000000000
71 -257532.1000000000
79 -256756.1000000000
81 -254626.1000000000
86 -254187.1000000000
90 -252733.1000000000
101 -251889.1000000000
102 -250956.1000000000
103 -250886.1000000000
108 -249531.1000000000
110 -249194.1000000000
124 -248208.1000000000
126 -247220.1000000000
128 -247098.1000000000
138 -246669.1000000000
143 -244806.1000000000
144 -239338.1000000000
156 -239307.1000000000
158 -237973.1000000000
161 -235859.1000000000
169 -232721.1000000000
172 -231877.1000000000
177 -229923.1000000000
180 -229513.1000000000
181 -227973.1000000000
187 -227900.1000000000
192 -227853.1000000000
197 -226437.1000000000
204 -225787.1000000000
205 -225262.1000000000
212 -224287.1000000000
215 -222893.1000000000
217 -221757.1000000000
235 -221067.1000000000
238 -220725.1000000000
240 -219205.1000000000
241 -219131.1000000000
247 -218157.1000000000
249 -216037.1000000000
251 -215768.1000000000
252 -215191.1000000000
268 -214989.1000000000
288 -214985.1000000000
296 -214872.1000000000
302 -213372.1000000000
303 -211801.1000000000
305 -210472.1000000000
318 -210284.1000000000
322 -209923.1000000000
323 -209335.1000000000
336 -209212.1000000000
338 -206320.1000000000
349 -203761.1000000000
373 -203545.1000000000
382 -203049.1000000000
386 -201748.1000000000
388 -200826.1000000000
389 -200418.1000000000
395 -197981.1000000000
403 -197801.1000000000
407 -197120.1000000000
436 -196885.1000000000
441 -196563.1000000000
453 -195922.1000000000
467 -195606.1000000000
525 -195150.1000000000
534 -195094.1000000000
540 -195082.1000000000
543 -195015.1000000000
557 -194959.1000000000
568 -191329.1000000000
569 -190578.1000000000
570 -189892.1000000000
576 -187276.1000000000
584 -186404.1000000000
587 -185192.1000000000
606 -181692.1000000000
616 -180788.1000000000
625 -179700.1000000000
639 -179426.1000000000
640 -179212.1000000000
658 -179111.1000000000
676 -175819.1000000000
678 -175397.1000000000
690 -174907.1000000000
715 -174825.1000000000
731 -174426.1000000000
748 -174059.1000000000
757 -173669.1000000000
762 -173513.1000000000
785 -172471.1000000000
847 -172057.1000000000
873 -171605.1000000000
886 -171142.1000000000
889 -169765.1000000000
902 -169734.1000000000
934 -168899.1000000000
970 -168125.1000000000
987 -166427.1000000000
989 -165201.1000000000
1033 -164264.1000000000
1041 -163676.1000000000
1049 -163454.1000000000
1050 -163250.1000000000
1061 -163248.1000000000
1088 -162943.1000000000
1105 -162741.1000000000
1152 -162223.1000000000
1169 -161949.1000000000
1171 -161455.1000000000
1247 24226.6200238979
1248 25113.1729262473
1260 25199.0618290085
1268 25381.9821256615
1287 25537.3434517234
1371 25737.1823332809
1404 26134.2369945440
1539 26289.0622738863
1543 26480.2825395480
1555 26751.2086547886
1953 26855.4458952559
1993 26952.2594100874
2113 26965.0316956497
2135 27314.5188108226
2453 27359.9826415623
2490 27371.0211602037
2497 27398.4999478383
2549 27402.8662650368
2915 27426.5970525042
3034 27580.8411475957
3971 27700.8852886978
4635 27706.2553403300
4747 27805.6461964617
5148 28006.1939931185
6473 28093.4269287467
6516 28311.7804418823
6527 28537.1496246105
6625 28842.0025667637
6632 29071.5975712234
7609 29272.1644693044
7742 29374.7272775539
10000 29374.7272775539
evaluations raw_y
1 -264179.1000000000
2 -262845.1000000000
5 -262218.1000000000
17 -261652.1000000000
18 -260829.1000000000
20 -260062.1000000000
23 -258299.1000000000
26 -257576.1000000000
28 -257570.1000000000
30 -256050.1000000000
42 -255902.1000000000
43 -254861.1000000000
44 -254242.1000000000
47 -252774.1000000000
52 -252366.1000000000
55 -249720.1000000000
59 -248379.1000000000
61 -247579.1000000000
63 -245758.1000000000
70 -243018.1000000000
83 -242390.1000000000
84 -241800.1000000000
95 -239754.1000000000
97 -239274.1000000000
99 -239148.1000000000
101 -238596.1000000000
103 -237944.1000000000
105 -237070.1000000000
106 -234428.1000000000
108 -234103.1000000000
109 -233904.1000000000
112 -231166.1000000000
114 -230776.1000000000
115 -230156.1000000000
123 -230117.1000000000
131 -229523.1000000000
132 -226829.1000000000
140 -226421.1000000000
141 -225547.1000000000
142 -223857.1000000000
143 -222882.1000000000
144 -221804.1000000000
161 -221722.1000000000
168 -221570.1000000000
170 -221135.1000000000
172 -219959.1000000000
174 -219215.1000000000
183 -219175.1000000000
184 -217152.1000000000
192 -216598.1000000000
199 -214198.1000000000
201 -210198.1000000000
202 -210098.1000000000
214 -208458.1000000000
219 -207863.1000000000
233 -207454.1000000000
240 -206983.1000000000
256 -205923.1000000000
268 -205557.1000000000
274 -205179.1000000000
287 -202816.1000000000
290 -202520.1000000000
292 -201005.1000000000
305 -200533.1000000000
307 -199944.1000000000
319 -199336.1000000000
326 -199305.1000000000
329 -199101.1000000000
342 -198717.1000000000
343 -198650.1000000000
345 -198037.1000000000
377 -196053.1000000000
380 -195566.1000000000
383 -195520.1000000000
396 -195113.1000000000
407 -194703.1000000000
410 -193928.1000000000
429 -192995.1000000000
430 -192796.1000000000
434 -192548.1000000000
468 -192393.1000000000
483 -191103.1000000000
493 -190451.1000000000
498 -189864.1000000000
506 -189442.1000000000
530 -187747.1000000000
561 -185911.1000000000
562 -185700.1000000000
563 -184726.1000000000
564 -181722.1000000000
580 -180726.1000000000
602 -179258.1000000000
612 -178944.1000000000
624 -178058.1000000000
627 -177733.1000000000
639 -177281.1000000000
666 -177268.1000000000
741 -177093.1000000000
747 -176727.1000000000
758 -176222.1000000000
810 -176173.1000000000
820 -175759.1000000000
836 -175671.1000000000
846 -174327.1000000000
893 -173368.1000000000
899 -172656.1000000000
929 -171715.1000000000
942 -170520.1000000000
981 -168986.1000000000
994 -168366.1000000000
1005 -168122.1000000000
1007 -167916.1000000000
1031 -167430.1000000000
1082 -167093.1000000000
1083 -164282.1000000000
1121 -164035.1000000000
1146 -163346.1000000000
1222 -162320.1000000000
1237 -161923.1000000000
1238 -161892.1000000000
1254 -161426.1000000000
1284 -161034.1000000000
1309 25862.1977511170
1317 26012.4544711653
1352 26381.1100441888
1401 26526.3430162771
1412 26546.1778087851
1466 26578.0952318627
1471 26717.5246550969
1482 27102.8148697690
1886 27127.8651515723
2173 27328.6029288561
3215 27369.5882202797
3874 27422.7978040857
3926 27586.0581504998
3955 27633.1309006332
3979 27788.3153602638
4011 28010.1361275367
4043 28015.5728501894
4620 28152.3539913360
4917 28165.4950579335
5147 28284.0026210781
5224 28303.0848133812
5228 28453.4416968179
6372 28564.7077110245
8617 28626.0879026187
9078 28628.9499455851
9192 28740.5224481654
9373 28941.1687709509
10000 -160325.1000000000
evaluations raw_y
1 -292869.1000000000
4 -292062.1000000000
5 -290594.1000000000
9 -288975.1000000000
12 -286564.1000000000
20 -282980.1000000000
21 -280652.1000000000
23 -280284.1000000000
26 -279325.1000000000
29 -278767.1000000000
30 -278237.1000000000
31 -274489.1000000000
32 -273665.1000000000
34 -273661.1000000000
36 -273660.1000000000
45 -272765.1000000000
64 -272455.1000000000
72 -271842.1000000000
79 -271367.1000000000
81 -268446.1000000000
83 -266277.1000000000
84 -265023.1000000000
87 -264190.1000000000
90 -260688.1000000000
97 -260196.1000000000
98 -259891.1000000000
99 -255891.1000000000
114 -253227.1000000000
115 -252645.1000000000
117 -252157.1000000000
119 -252002.1000000000
120 -251158.1000000000
123 -250748.1000000000
127 -248553.1000000000
128 -247917.1000000000
129 -247208.1000000000
136 -246745.1000000000
142 -244983.1000000000
144 -244950.1000000000
145 -242370.1000000000
149 -241924.1000000000
155 -240829.1000000000
167 -239452.1000000000
182 -239358.1000000000
183 -237219.1000000000
189 -235863.1000000000
195 -235811.1000000000
198 -234703.1000000000
202 -233917.1000000000
206 -232587.1000000000
209 -232531.1000000000
212 -231559.1000000000
216 -231189.1000000000
223 -229775.1000000000
227 -229408.1000000000
240 -229182.1000000000
241 -228620.1000000000
252 -225176.1000000000
253 -224713.1000000000
256 -223809.1000000000
268 -223774.1000000000
272 -222827.1000000000
273 -222623.1000000000
275 -220503.1000000000
279 -219886.1000000000
281 -219586.1000000000
294 -218537.1000000000
307 -216776.1000000000
315 -215224.1000000000
319 -213344.1000000000
336 -211458.1000000000
340 -211006.1000000000
344 -210373.1000000000
345 -208330.1000000000
346 -205674.1000000000
351 -204951.1000000000
381 -204217.1000000000
394 -204053.1000000000
399 -202716.1000000000
401 -201842.1000000000
403 -201229.1000000000
406 -200333.1000000000
411 -199275.1000000000
412 -198938.1000000000
423 -197995.1000000000
427 -197993.1000000000
433 -197248.1000000000
435 -197056.1000000000
439 -196367.1000000000
440 -195607.1000000000
446 -193459.1000000000
455 -192507.1000000000
472 -191673.1000000000
481 -190808.1000000000
515 -190806.1000000000
635 -190776.1000000000
680 -188928.1000000000
699 -188526.1000000000
709 -186675.1000000000
719 -186432.1000000000
749 -185244.1000000000
750 -185173.1000000000
764 -185019.1000000000
784 -183573.1000000000
793 -180849.1000000000
804 -180568.1000000000
805 -180159.1000000000
819 -179642.1000000000
843 -179131.1000000000
857 -178450.1000000000
871 -177551.1000000000
895 -177161.1000000000
952 -176805.1000000000
973 -176319.1000000000
997 -175259.1000000000
1123 -174715.1000000000
1137 -174630.1000000000
1161 -172510.1000000000
1174 -171920.1000000000
1200 -171550.1000000000
1202 -170808.1000000000
1233 -169890.1000000000
1234 -167668.1000000000
1329 -166709.1000000000
1383 -166574.1000000000
1389 -166530.1000000000
1396 -166126.1000000000
1449 -163234.1000000000
1506 -161040.1000000000
1542 -160527.1000000000
1545 25708.5171405416
1575 26109.3439235072
1661 26161.7427101311
2212 26539.6557607474
3302 26682.8532358554
3768 26779.1915662705
4351 26972.9547300349
4620 27045.8956097410
5282 27157.5547805330
5874 27292.6358479036
5971 27343.1534253976
6088 27415.4224022197
6733 27515.6722010444
7001 27607.1612121833
7169 27765.8527701330
7596 27895.7485430967
7708 28009.0461061665
8226 28118.4819132222
8248 28460.3576767729
8315 28574.6490762601
8483 28603.8940675900
8663 28676.1856526294
10000 -166411.1000000000
evaluations raw_y
1 -278147.1000000000
9 -277175.1000000000
12 -277144.1000000000
14 -276971.1000000000
15 -276027.1000000000
17 -275554.1000000000
21 -273373.1000000000
25 -272436.1000000000
33 -270456.1000000000
35 -266272.1000000000
36 -264792.1000000000
41 -263788.1000000000
42 -260970.1000000000
44 -259524.1000000000
51 -259051.1000000000
57 -258781.1000000000
64 -258389.1000000000
65 -255039.1000000000
66 -254526.1000000000
70 -253108.1000000000
77 -252612.1000000000
80 -251915.1000000000
93 -250046.1000000000
99 -248135.1000000000
109 -246835.1000000000
110 -246349.1000000000
112 -246334.1000000000
130 -246197.1000000000
133 -245890.1000000000
134 -245778.1000000000
143 -245500.1000000000
157 -244887.1000000000
173 -244192.1000000000
186 -242869.1000000000
191 -240961.1000000000
193 -240105.1000000000
197 -238991.1000000000
211 -238488.1000000000
221 -238358.1000000000
224 -234296.1000000000
228 -233607.1000000000
231 -233403.1000000000
235 -232909.1000000000
248 -232347.1000000000
250 -231635.1000000000
258 -231268.1000000000
282 -230923.1000000000
292 -229252.1000000000
299 -226984.1000000000
314 -224962.1000000000
329 -224591.1000000000
332 -222471.1000000000
333 -220553.1000000000
334 -220020.1000000000
341 -219263.1000000000
342 -218949.1000000000
344 -218215.1000000000
362 -214714.1000000000
374 -214187.1000000000
375 -212974.1000000000
422 -211044.1000000000
437 -211040.1000000000
442 -210610.1000000000
443 -209600.1000000000
475 -208764.1000000000
476 -207318.1000000000
477 -205984.1000000000
478 -204568.1000000000
491 -202382.1000000000
493 -201439.1000000000
498 -199310.1000000000
515 -195770.1000000000
517 -194885.1000000000
520 -194475.1000000000
528 -193671.1000000000
534 -193059.1000000000
541 -192373.1000000000
549 -191639.1000000000
567 -190261.1000000000
588 -189699.1000000000
589 -189247.1000000000
612 -188303.1000000000
658 -187818.1000000000
660 -187451.1000000000
686 -187061.1000000000
690 -185107.1000000000
703 -184136.1000000000
706 -183446.1000000000
740 -183038.1000000000
746 -179266.1000000000
760 -179085.1000000000
765 -178440.1000000000
767 -178103.1000000000
768 -177953.1000000000
779 -177037.1000000000
785 -176811.1000000000
798 -176122.1000000000
870 -175635.1000000000
874 -175391.1000000000
875 -174657.1000000000
894 -173923.1000000000
896 -170508.1000000000
916 -170407.1000000000
921 -169584.1000000000
924 -168833.1000000000
1000 -168220.1000000000
1019 -166562.1000000000
1020 -165688.1000000000
1030 -165277.1000000000
1038 -165275.1000000000
1058 -164662.1000000000
1104 -163026.1000000000
1139 -162251.1000000000
1156 -161841.1000000000
1211 -161448.1000000000
1216 -161401.1000000000
1272 -160464.1000000000
1279 22686.1411564468
1282 23079.8194794630
1286 23499.3474920716
1288 23591.0206682062
1293 24062.7458728278
1299 24240.6574630205
1361 24408.7513310155
1387 24415.4124488707
1395 24782.8886553179
1409 24988.7722985273
1614 25069.8545876140
1701 25329.9421583084
1707 25566.6081024224
2073 25638.7190241386
2353 25916.4695409578
2483 25922.7596047346
2733 26117.9784715211
2778 26425.9518451403
3010 26586.4756212189
3047 26693.6552031769
3051 26804.2026238470
3513 26943.0529007050
3738 27093.7251463292
3961 27355.8815116111
4086 27562.6943386176
4889 27661.1294134120
5070 27745.5483801561
5134 27978.2724946461
5263 28192.8671572185
5385 28208.2402902925
5750 28393.9387983332
6072 28504.5101644261
8208 28532.6018058206
9554 28548.7691928883
9969 28710.9287111100
10000 -161081.1000000000
evaluations raw_y
1 -263860.1000000000
19 -261127.1000000000
21 -260795.1000000000
29 -259682.1000000000
32 -257306.1000000000
35 -256410.1000000000
37 -254642.1000000000
44 -253708.1000000000
54 -251049.1000000000
69 -248744.1000000000
71 -248112.1000000000
79 -247550.1000000000
82 -246869.1000000000
88 -244494.1000000000
89 -244104.1000000000
91 -243734.1000000000
93 -241282.1000000000
98 -239364.1000000000
102 -239310.1000000000
106 -237785.1000000000
130 -236023.1000000000
131 -235742.1000000000
132 -235405.1000000000
144 -235034.1000000000
152 -234922.1000000000
153 -233985.1000000000
164 -233111.1000000000
166 -231853.1000000000
169 -230519.1000000000
171 -230115.1000000000
172 -226343.1000000000
173 -225729.1000000000
180 -225628.1000000000
181 -224654.1000000000
182 -222681.1000000000
183 -221820.1000000000
188 -220706.1000000000
194 -219930.1000000000
199 -218538.1000000000
202 -217852.1000000000
215 -217851.1000000000
239 -217443.1000000000
248 -216198.1000000000
255 -216163.1000000000
277 -215718.1000000000
308 -215714.1000000000
314 -215602.1000000000
329 -214957.1000000000
347 -214873.1000000000
366 -213783.1000000000
391 -212595.1000000000
394 -211856.1000000000
411 -210971.1000000000
412 -210860.1000000000
420 -210613.1000000000
429 -210125.1000000000
434 -209188.1000000000
438 -209034.1000000000
442 -208371.1000000000
444 -207562.1000000000
446 -205984.1000000000
453 -204857.1000000000
459 -204464.1000000000
463 -203255.1000000000
484 -203224.1000000000
487 -202898.1000000000
508 -202373.1000000000
523 -201918.1000000000
538 -200434.1000000000
540 -199236.1000000000
555 -199089.1000000000
560 -198498.1000000000
561 -198296.1000000000
574 -195806.1000000000
579 -195522.1000000000
586 -194240.1000000000
621 -193829.1000000000
648 -193140.1000000000
659 -193066.1000000000
662 -189032.1000000000
663 -188665.1000000000
694 -187331.1000000000
700 -184443.1000000000
713 -182935.1000000000
715 -182068.1000000000
731 -181683.1000000000
754 -180451.1000000000
769 -180318.1000000000
779 -179863.1000000000
780 -175786.1000000000
783 -175386.1000000000
787 -174611.1000000000
792 -174318.1000000000
797 -173629.1000000000
801 -173395.1000000000
802 -173272.1000000000
824 -172905.1000000000
839 -172793.1000000000
854 -172551.1000000000
867 -172185.1000000000
870 -171007.1000000000
889 -170580.1000000000
903 -168821.1000000000
905 -168690.1000000000
906 -168611.1000000000
952 -168510.1000000000
982 -168287.1000000000
987 -165229.1000000000
994 -165151.1000000000
1056 -164743.1000000000
1082 -164275.1000000000
1083 -163852.1000000000
1085 -163611.1000000000
1089 -163112.1000000000
1100 -162668.1000000000
1104 -161166.1000000000
1140 25670.6970165891
1164 25722.2673350631
1182 25832.2746580590
1189 25856.2641663673
1194 25861.0426400596
1224 25919.3133285841
1333 26191.6300288597
1461 26219.0294543580
1623 26367.1922857790
1848 26483.8456330577
1868 26567.3771374472
2625 26967.7398180517
2929 27236.8855677013
3220 27351.6553389492
3847 27389.0215833767
3900 27489.8926266952
4357 27515.5927690747
5139 27626.6276152113
5180 27749.0019993391
5794 27832.3449524040
5995 27845.2663723785
6144 28038.8868111229
6581 28051.1475289042
6799 28056.6265373382
7775 28223.6413130797
10000 -166718.1000000000
evaluations raw_y
1 -280348.1000000000
3 -277926.1000000000
6 -276738.1000000000
20 -273821.1000000000
22 -273595.1000000000
33 -272690.1000000000
34 -271407.1000000000
36 -271306.1000000000
37 -266887.1000000000
40 -266582.1000000000
44 -265341.1000000000
51 -263963.1000000000
66 -263806.1000000000
67 -263559.1000000000
71 -262818.1000000000
73 -262666.1000000000
74 -261601.1000000000
75 -258285.1000000000
82 -257767.1000000000
83 -257688.1000000000
86 -253870.1000000000
87 -253647.1000000000
94 -253075.1000000000
98 -252685.1000000000
103 -252367.1000000000
104 -251202.1000000000
108 -250164.1000000000
112 -249583.1000000000
115 -248819.1000000000
118 -247351.1000000000
119 -246429.1000000000
127 -243839.1000000000
128 -242567.1000000000
129 -241931.1000000000
130 -241568.1000000000
139 -241105.1000000000
141 -238493.1000000000
147 -238347.1000000000
149 -237117.1000000000
151 -236471.1000000000
155 -235729.1000000000
163 -235158.1000000000
164 -235115.1000000000
165 -234528.1000000000
167 -234164.1000000000
170 -233925.1000000000
173 -231903.1000000000
175 -230653.1000000000
188 -229256.1000000000
189 -228886.1000000000
195 -226465.1000000000
202 -225568.1000000000
204 -225566.1000000000
207 -225336.1000000000
208 -224507.1000000000
219 -222147.1000000000
221 -222068.1000000000
231 -221790.1000000000
247 -219924.1000000000
260 -217341.1000000000
272 -217178.1000000000
275 -216953.1000000000
277 -216365.1000000000
293 -215372.1000000000
306 -215129.1000000000
307 -214640.1000000000
330 -213464.1000000000
331 -212390.1000000000
338 -212303.1000000000
349 -211221.1000000000
351 -210487.1000000000
366 -210392.1000000000
371 -210045.1000000000
382 -210043.1000000000
385 -208924.1000000000
397 -208573.1000000000
413 -206763.1000000000
414 -205509.1000000000
439 -204566.1000000000
441 -204476.1000000000
445 -201754.1000000000
449 -200836.1000000000
456 -199209.1000000000
458 -198975.1000000000
459 -198103.1000000000
462 -197623.1000000000
464 -197619.1000000000
466 -197502.1000000000
475 -194343.1000000000
483 -194188.1000000000
495 -193694.1000000000
503 -193600.1000000000
504 -193353.1000000000
507 -192949.1000000000
517 -191845.1000000000
528 -191634.1000000000
565 -190082.1000000000
568 -189225.1000000000
574 -188641.1000000000
575 -185146.1000000000
582 -184903.1000000000
583 -184698.1000000000
603 -184024.1000000000
631 -183684.1000000000
643 -183421.1000000000
660 -180717.1000000000
685 -178460.1000000000
720 -178381.1000000000
727 -176302.1000000000
769 -176119.1000000000
772 -175396.1000000000
789 -173626.1000000000
801 -172181.1000000000
805 -169729.1000000000
815 -168308.1000000000
828 -168260.1000000000
865 -167698.1000000000
873 -167598.1000000000
877 -167425.1000000000
881 -166649.1000000000
885 -166540.1000000000
886 -166039.1000000000
888 -164639.1000000000
907 -163768.1000000000
927 -162276.1000000000
936 -161855.1000000000
947 -161685.1000000000
954 -161028.1000000000
965 -160229.1000000000
982 24656.2955189348
1009 24776.1341596429
1115 24949.1610921544
1124 24960.0926802822
1146 25062.7624826822
1149 25323.6119547345
1172 25438.6392677882
1177 25669.5384532824
1201 26144.4399437014
1209 26282.8339583264
1340 26363.1291550575
1492 26420.7143094174
1511 26474.5625709698
2077 26575.5784630426
2349 26619.5542412123
2379 26745.9878699575
2399 26864.1986958253
3011 27025.1690182107
3133 27225.7993991853
3600 27277.4211998980
5036 27287.4873242894
5424 27484.9173359224
5817 27617.8368159540
6006 27662.1344869016
6052 28052.3157021111
6498 28127.7547620367
6824 28170.8225808123
7604 28336.8074011214
7860 28367.2354196890
8446 28478.9980518418
9998 28684.2015836231
10000 -160005.1000000000
evaluations raw_y
1 -257330.1000000000
6 -256515.1000000000
12 -255829.1000000000
16 -254886.1000000000
18 -254619.1000000000
23 -253324.1000000000
32 -252924.1000000000
46 -252736.1000000000
47 -251377.1000000000
56 -251371.1000000000
66 -250793.1000000000
72 -248460.1000000000
77 -248383.1000000000
78 -248136.1000000000
79 -247910.1000000000
86 -247036.1000000000
87 -246792.1000000000
88 -243904.1000000000
92 -240201.1000000000
95 -239742.1000000000
100 -238442.1000000000
101 -237160.1000000000
109 -236664.1000000000
111 -236408.1000000000
120 -234818.1000000000
122 -234144.1000000000
128 -233595.1000000000
129 -232819.1000000000
132 -232110.1000000000
133 -231290.1000000000
134 -230461.1000000000
136 -230086.1000000000
137 -227726.1000000000
155 -223726.1000000000
169 -223355.1000000000
176 -222481.1000000000
184 -221015.1000000000
206 -219513.1000000000
216 -218735.1000000000
226 -217993.1000000000
227 -217541.1000000000
246 -217299.1000000000
255 -216714.1000000000
256 -216101.1000000000
265 -214877.1000000000
292 -214842.1000000000
322 -212850.1000000000
325 -212375.1000000000
336 -210189.1000000000
338 -210185.1000000000
345 -208093.1000000000
365 -206884.1000000000
371 -206870.1000000000
373 -206631.1000000000
381 -205762.1000000000
384 -205163.1000000000
388 -205063.1000000000
392 -203795.1000000000
408 -203261.1000000000
411 -198098.1000000000
413 -196918.1000000000
420 -196697.1000000000
423 -196596.1000000000
437 -196008.1000000000
446 -194366.1000000000
458 -194061.1000000000
459 -193661.1000000000
460 -192919.1000000000
462 -191353.1000000000
466 -190961.1000000000
472 -188402.1000000000
488 -187724.1000000000
536 -186806.1000000000
539 -186396.1000000000
541 -185776.1000000000
553 -185386.1000000000
560 -184757.1000000000
565 -183863.1000000000
582 -182826.1000000000
586 -182671.1000000000
601 -182133.1000000000
614 -180503.1000000000
616 -180458.1000000000
628 -179094.1000000000
633 -178971.1000000000
636 -176376.1000000000
643 -175632.1000000000
644 -175131.1000000000
707 -174442.1000000000
709 -171063.1000000000
790 -170842.1000000000
802 -170553.1000000000
844 -170497.1000000000
856 -168076.1000000000
864 -167903.1000000000
885 -167832.1000000000
891 -166526.1000000000
894 -165368.1000000000
905 -164748.1000000000
927 -164708.1000000000
929 -164285.1000000000
958 -164059.1000000000
960 -163370.1000000000
991 -162626.1000000000
992 -162595.1000000000
994 -162471.1000000000
1000 -162440.1000000000
1009 -162036.1000000000
1011 -160702.1000000000
1025 -160057.1000000000
1059 23729.9850486215
1066 24012.8280090382
1067 24237.8072701256
1070 24267.7768968019
1084 24326.5704311555
1088 24403.4001398798
1138 24446.8389388916
1157 24664.9573238730
1202 24674.1198357329
1210 24969.5274034904
1212 25185.5378207704
1279 25295.2614022580
1346 25630.8486216819
1354 25744.4782243965
1360 26294.8291188007
1442 26423.3161347598
1461 26548.1619711367
1501 27016.3980293656
1652 27148.0163373506
1672 27297.0357074290
1748 27303.2096039280
2054 27481.3142901376
2315 27497.8094804374
3305 27596.1507370491
4298 27701.9328472338
5093 27803.9837498279
5382 28163.6651432583
5729 28322.9275808271
5856 28342.7799229069
6323 28463.4412671514
6364 28934.0825269949
8288 29046.5682351980
8420 29338.3057249241
10000 29338.3057249241
evaluations raw_y
1 -269105.1000000000
13 -264567.1000000000
14 -264054.1000000000
19 -262954.1000000000
20 -262672.1000000000
22 -262316.1000000000
25 -262228.1000000000
39 -261040.1000000000
43 -257377.1000000000
44 -256703.1000000000
55 -256216.1000000000
60 -255526.1000000000
61 -252984.1000000000
62 -251273.1000000000
78 -250033.1000000000
80 -249400.1000000000
88 -249305.1000000000
89 -248142.1000000000
90 -248075.1000000000
98 -248019.1000000000
101 -246959.1000000000
102 -246397.1000000000
106 -244497.1000000000
112 -244115.1000000000
115 -242060.1000000000
119 -241895.1000000000
122 -240060.1000000000
128 -238803.1000000000
131 -238724.1000000000
134 -236806.1000000000
137 -233614.1000000000
140 -233210.1000000000
141 -232470.1000000000
144 -230110.1000000000
175 -229742.1000000000
179 -225788.1000000000
182 -225562.1000000000
191 -225216.1000000000
192 -224530.1000000000
198 -223658.1000000000
207 -222607.1000000000
216 -221472.1000000000
217 -220500.1000000000
219 -220406.1000000000
222 -219272.1000000000
224 -216384.1000000000
225 -216176.1000000000
229 -215400.1000000000
230 -214833.1000000000
231 -214370.1000000000
236 -214185.1000000000
239 -213246.1000000000
242 -213089.1000000000
243 -212607.1000000000
271 -212291.1000000000
276 -211471.1000000000
281 -210651.1000000000
288 -210240.1000000000
309 -210092.1000000000
315 -209559.1000000000
321 -207911.1000000000
328 -207826.1000000000
338 -206346.1000000000
345 -205166.1000000000
351 -202704.1000000000
353 -200830.1000000000
357 -200194.1000000000
359 -200016.1000000000
360 -196268.1000000000
361 -194394.1000000000
366 -192892.1000000000
404 -192648.1000000000
407 -192437.1000000000
420 -192402.1000000000
430 -191261.1000000000
445 -189141.1000000000
446 -188594.1000000000
459 -186928.1000000000
462 -185953.1000000000
476 -185320.1000000000
482 -185015.1000000000
483 -183207.1000000000
497 -181841.1000000000
501 -181253.1000000000
568 -180767.1000000000
574 -180651.1000000000
579 -179875.1000000000
581 -178482.1000000000
603 -177036.1000000000
609 -176314.1000000000
612 -174821.1000000000
620 -173814.1000000000
623 -172586.1000000000
632 -172049.1000000000
633 -169785.1000000000
639 -169280.1000000000
641 -169127.1000000000
676 -168183.1000000000
689 -166703.1000000000
691 -165525.1000000000
693 -164593.1000000000
711 -164171.1000000000
720 -163997.1000000000
745 -163288.1000000000
753 -162884.1000000000
792 -162802.1000000000
820 -162598.1000000000
846 -162147.1000000000
855 -162124.1000000000
863 -160752.1000000000
869 -160136.1000000000
895 25301.1761262141
915 25370.8075749464
952 25549.5937720072
954 25968.8969601813
967 26003.8478325352
998 26076.7396064282
1035 26177.9706891281
1080 26416.9083499032
1120 26669.0979032153
1144 26880.3904724161
1299 27325.8801498878
1311 27551.3747054778
1552 27587.9971743906
1660 27709.0941373867
1837 27778.6491914307
1878 28110.4187942530
1964 28365.4736511178
2027 28609.4484019678
2197 28825.4152929403
2204 28881.6521302231
2684 28939.7010573522
3337 29119.1862596049
6741 29222.5394555955
8198 29295.4894758332
10000 28592.2073626130
evaluations raw_y
1 -263708.1000000000
2 -262964.1000000000
4 -261120.1000000000
11 -260583.1000000000
14 -260335.1000000000
18 -259167.1000000000
26 -257640.1000000000
31 -254295.1000000000
32 -253650.1000000000
42 -252961.1000000000
46 -251311.1000000000
58 -251107.1000000000
59 -249929.1000000000
61 -248545.1000000000
62 -247703.1000000000
63 -246372.1000000000
64 -244226.1000000000
65 -244006.1000000000
81 -240774.1000000000
91 -238635.1000000000
92 -238245.1000000000
93 -237104.1000000000
95 -237070.1000000000
97 -236642.1000000000
98 -235908.1000000000
109 -235516.1000000000
113 -232412.1000000000
115 -231516.1000000000
119 -229724.1000000000
122 -229635.1000000000
123 -226743.1000000000
132 -226194.1000000000
139 -225913.1000000000
140 -224839.1000000000
143 -224117.1000000000
146 -223394.1000000000
151 -222660.1000000000
157 -222030.1000000000
158 -217654.1000000000
162 -217443.1000000000
163 -217423.1000000000
164 -216614.1000000000
167 -215692.1000000000
174 -214197.1000000000
175 -211664.1000000000
204 -208387.1000000000
213 -207432.1000000000
220 -205365.1000000000
224 -204809.1000000000
225 -204741.1000000000
232 -204182.1000000000
237 -201346.1000000000
239 -200870.1000000000
257 -200838.1000000000
258 -200225.1000000000
261 -198781.1000000000
274 -197350.1000000000
276 -196942.1000000000
280 -196230.1000000000
297 -195061.1000000000
304 -194102.1000000000
308 -193741.1000000000
313 -192221.1000000000
314 -191608.1000000000
323 -191145.1000000000
325 -190083.1000000000
329 -188903.1000000000
330 -188621.1000000000
338 -188141.1000000000
355 -187804.1000000000
362 -187341.1000000000
370 -186059.1000000000
372 -185964.1000000000
374 -185621.1000000000
381 -183747.1000000000
387 -182800.1000000000
408 -182653.1000000000
411 -180916.1000000000
425 -179999.1000000000
458 -179583.1000000000
514 -178885.1000000000
515 -178211.1000000000
517 -176032.1000000000
524 -175970.1000000000
535 -175872.1000000000
538 -175392.1000000000
542 -174563.1000000000
544 -174337.1000000000
545 -173335.1000000000
547 -171209.1000000000
570 -170539.1000000000
597 -170053.1000000000
605 -169168.1000000000
622 -168294.1000000000
735 -168062.1000000000
771 -167589.1000000000
792 -167199.1000000000
798 -166487.1000000000
808 -166387.1000000000
811 -165541.1000000000
818 -164020.1000000000
833 -164016.1000000000
836 -162341.1000000000
865 -161870.1000000000
866 -160865.1000000000
888 -160453.1000000000
918 24825.2644962262
919 25506.4029680662
1168 25786.5076464147
1343 26009.7945975919
1486 26055.9541001659
1542 26297.4507487053
2176 26349.1531391212
2582 26528.8990843416
2692 26803.4572248690
2791 26825.8209166835
3086 26928.4858461067
3138 27038.8313075877
3175 27126.7180091337
4068 27327.3124306165
4944 27427.6084928664
5680 27499.4219510348
6883 27700.0159407986
7342 27905.8738329982
7563 28048.9807407100
8335 28159.9201035496
8677 28177.4422070805
9720 28389.8466010659
10000 28500.7590052351
evaluations raw_y
1 -265682.1000000000
2 -265597.1000000000
12 -264597.1000000000
14 -262541.1000000000
19 -260667.1000000000
26 -258488.1000000000
35 -258019.1000000000
40 -257369.1000000000
42 -256906.1000000000
63 -255399.1000000000
64 -254624.1000000000
66 -254475.1000000000
68 -253689.1000000000
70 -253322.1000000000
79 -250739.1000000000
83 -250683.1000000000
88 -249839.1000000000
105 -248826.1000000000
107 -247299.1000000000
108 -246363.1000000000
111 -246284.1000000000
117 -245671.1000000000
120 -243317.1000000000
123 -242851.1000000000
135 -242479.1000000000
147 -242154.1000000000
155 -241668.1000000000
158 -241444.1000000000
159 -241232.1000000000
163 -239227.1000000000
168 -238483.1000000000
169 -237678.1000000000
170 -237393.1000000000
177 -236459.1000000000
178 -235509.1000000000
179 -232748.1000000000
201 -229925.1000000000
210 -227900.1000000000
221 -227613.1000000000
229 -227175.1000000000
232 -222191.1000000000
250 -221317.1000000000
251 -218942.1000000000
265 -218332.1000000000
266 -216824.1000000000
267 -216543.1000000000
270 -216185.1000000000
276 -215475.1000000000
292 -214733.1000000000
293 -213852.1000000000
294 -213365.1000000000
301 -212691.1000000000
302 -212211.1000000000
314 -210323.1000000000
317 -209637.1000000000
318 -208896.1000000000
340 -207937.1000000000
341 -207711.1000000000
351 -206774.1000000000
356 -205600.1000000000
380 -205559.1000000000
392 -205528.1000000000
408 -204558.1000000000
431 -203621.1000000000
434 -200798.1000000000
441 -200208.1000000000
448 -199134.1000000000
457 -197240.1000000000
458 -195943.1000000000
459 -195010.1000000000
467 -194237.1000000000
475 -192684.1000000000
476 -192039.1000000000
490 -189459.1000000000
525 -189271.1000000000
533 -185979.1000000000
541 -185793.1000000000
547 -185017.1000000000
549 -184381.1000000000
581 -183692.1000000000
599 -182714.1000000000
602 -182602.1000000000
655 -182235.1000000000
660 -182123.1000000000
679 -181713.1000000000
698 -177934.1000000000
705 -177620.1000000000
707 -175358.1000000000
722 -174214.1000000000
726 -173755.1000000000
747 -171995.1000000000
748 -171872.1000000000
769 -171650.1000000000
773 -170882.1000000000
780 -168882.1000000000
800 -168756.1000000000
809 -168433.1000000000
815 -168276.1000000000
817 -167024.1000000000
826 -167022.1000000000
829 -166550.1000000000
833 -165774.1000000000
863 -163192.1000000000
933 -161365.1000000000
978 -160605.1000000000
1000 -160238.1000000000
1002 26466.8412758537
1024 26517.5967626848
1052 26669.7396849750
1114 26744.2844507199
1162 26784.6872869112
1365 26867.1247338387
1493 27154.0711184792
1698 27236.3737232313
3010 27354.1994242768
3521 27457.5001561806
3590 27554.9930214431
3680 27755.7834667064
4250 27765.9758427753
5475 27775.1202683165
5502 28176.7823045008
6708 28291.0222542791
7355 28328.7588946834
7485 28366.3716685796
8081 28551.0084554758
8196 28586.9169522539
8409 28748.1468612274
8445 28792.0177859659
8746 28830.1863957968
9095 28930.5517641212
9110 28955.8340658752
9252 28986.6544029583
9288 29156.3081212953
9737 29184.3591128670
10000 -163656.1000000000
evaluations raw_y
1 -271403.1000000000
2 -271049.1000000000
3 -270608.1000000000
4 -268764.1000000000
11 -268562.1000000000
12 -264978.1000000000
15 -264480.1000000000
18 -263064.1000000000
21 -261300.1000000000
22 -260240.1000000000
23 -259336.1000000000
24 -259066.1000000000
25 -259027.1000000000
48 -258218.1000000000
54 -257893.1000000000
56 -255551.1000000000
57 -254735.1000000000
59 -254468.1000000000
61 -252353.1000000000
69 -250509.1000000000
70 -248859.1000000000
71 -247249.1000000000
73 -246717.1000000000
76 -245746.1000000000
83 -245072.1000000000
84 -243089.1000000000
87 -242941.1000000000
88 -241632.1000000000
97 -240807.1000000000
108 -239963.1000000000
118 -236939.1000000000
119 -233495.1000000000
124 -232472.1000000000
126 -232470.1000000000
127 -232133.1000000000
144 -229334.1000000000
145 -228611.1000000000
151 -227435.1000000000
157 -225673.1000000000
163 -225441.1000000000
164 -224215.1000000000
165 -223091.1000000000
167 -222835.1000000000
169 -222006.1000000000
171 -221176.1000000000
176 -218822.1000000000
194 -216841.1000000000
203 -213758.1000000000
205 -213702.1000000000
206 -212934.1000000000
207 -212822.1000000000
218 -212219.1000000000
226 -208933.1000000000
239 -207228.1000000000
245 -206256.1000000000
246 -205919.1000000000
249 -205756.1000000000
269 -205374.1000000000
277 -203890.1000000000
281 -203534.1000000000
284 -202308.1000000000
294 -201875.1000000000
302 -201828.1000000000
305 -201005.1000000000
307 -200173.1000000000
315 -199411.1000000000
347 -198474.1000000000
348 -197015.1000000000
350 -193267.1000000000
351 -192089.1000000000
365 -191101.1000000000
369 -188749.1000000000
384 -188117.1000000000
386 -188055.1000000000
393 -187655.1000000000
397 -186988.1000000000
398 -185879.1000000000
403 -185230.1000000000
408 -184738.1000000000
437 -183859.1000000000
451 -183463.1000000000
477 -181787.1000000000
488 -181693.1000000000
497 -180918.1000000000
507 -180646.1000000000
514 -178884.1000000000
592 -176715.1000000000
596 -176711.1000000000
597 -175774.1000000000
608 -174828.1000000000
617 -171936.1000000000
645 -171905.1000000000
650 -168839.1000000000
654 -168364.1000000000
676 -168160.1000000000
677 -166613.1000000000
680 -166308.1000000000
685 -165434.1000000000
711 -165293.1000000000
713 -164841.1000000000
739 -164226.1000000000
743 -160930.1000000000
749 -160393.1000000000
761 -160287.1000000000
769 25659.0257494664
785 25732.1853643460
799 26172.6090906276
801 26596.1185616798
1026 27098.6834269127
1075 27204.6186136916
1348 27405.1610590234
1506 27494.1188252396
1507 27625.2233130368
1560 27780.7771824786
1758 27995.0225306000
2064 28243.2406896633
2121 28346.0119088765
2479 28508.3552536328
3050 28729.7804435351
4161 28832.5529410877
4678 28853.0515895859
5067 29081.1229558728
5730 29106.6622265697
6331 29210.1820593280
8602 29253.0338819499
10000 -161433.1000000000
