evaluations raw_y
1 -267146.1000000000
3 -299.6040333709
5 1008.3238886242
8 1219.6632889123
13 1786.0421643125
15 2607.9879245526
16 4951.5413460637
21 6686.8593204456
33 8267.9623279606
247 9478.3125200563
842 10567.0567172570
2279 10623.1141666570
2541 11801.9348751472
4314 11881.0191658344
7245 12067.7029576491
10001 5556.8762326609
evaluations raw_y
1 -260525.1000000000
4 3514.0677308461
23 4746.9504204207
111 5458.5830997634
137 6106.7494471937
148 6538.8351466148
182 9194.4598373384
317 9760.1955293911
463 10314.1100573896
1841 10418.8760132344
1999 10598.2218044343
2268 10624.2823084092
3399 11052.2082559744
4063 11329.5511672283
9116 12526.0067607990
10001 2096.6064900653
evaluations raw_y
1 -253634.1000000000
3 -302.5916292172
4 175.8053746053
5 395.4623933049
6 444.0079202350
14 1682.8393813562
21 2247.0988341932
27 2975.7605305515
32 4140.3972953147
65 4998.5198244942
69 5340.7576047562
79 6961.1220451008
250 8976.1323540166
789 10478.7794398737
2186 10594.5500544556
2779 10746.2209740582
3110 11555.1550902477
3687 13969.7752769353
10001 4444.6292504721
evaluations raw_y
1 -275369.1000000000
2 -273622.1000000000
3 -1136.3364071866
4 -1066.2414879063
5 4325.2687696383
12 6411.8402921405
16 7161.8208535679
48 9519.5981264814
154 9795.9889744203
247 9965.7498977597
297 10452.9964255901
505 11034.5523182253
2845 12362.8653177732
7530 12540.1010186420
10001 4109.4923216981
evaluations raw_y
1 -252933.1000000000
3 1795.3567868474
4 4093.8392737734
29 6043.3301824109
49 6570.6251117347
120 7534.1164731175
162 8266.4067486726
199 8300.8521317648
303 8492.8111996854
319 9443.1334245300
454 9887.3162607016
790 10472.0129445437
879 12006.8048018447
1232 12776.1671062638
3377 14780.5933751835
10001 -2851.0000000000
evaluations raw_y
1 -290395.1000000000
4 2101.1993412156
6 2139.7216638774
7 3336.7725970599
8 7782.0831744320
72 8480.8141472105
117 9217.9474655838
434 10127.6166645280
1918 10797.9841884355
3446 11142.8207653908
3587 12839.9715263040
10001 -1848.7716039028
evaluations raw_y
1 -272238.1000000000
3 898.7772031022
6 7446.4413332909
207 8003.7119890940
329 8285.0540222381
379 8357.0027508849
475 8863.9583978761
636 9205.6336611764
844 10319.8645732339
1628 11086.4897980490
2114 12352.0571505058
5998 12427.5425492224
10001 9.6740469266
evaluations raw_y
1 -288681.1000000000
3 -1154.0416847451
5 -978.6466502650
8 218.1230588677
9 4426.1555264214
29 4444.8501116475
68 5235.4047190519
116 5524.2608510717
126 5799.8653912935
132 7143.0237089975
217 9501.7027171924
2125 9849.1638866783
2180 11772.5347047574
10001 -1988.2208313222
evaluations raw_y
1 -283974.1000000000
3 537.1938427377
4 1735.0560486864
6 1882.5208590623
7 4657.4324629242
70 4760.9793160195
80 5300.5856594635
101 6655.7453512969
133 9763.5974290054
226 10071.8282791031
1819 10431.2247505755
2302 11486.9568399571
4137 11905.2842530649
10001 5032.1382119628
evaluations raw_y
1 -263967.1000000000
3 1620.8300609183
4 4226.5057609438
18 4247.9122041844
93 4333.3448142027
111 5352.2001338406
121 7537.7136912020
130 9772.6035042088
793 9801.1422611891
1631 12067.6845639025
10001 5508.7242208472
evaluations raw_y
1 -267436.1000000000
2 -266110.1000000000
3 -1511.4103600398
4 274.4168373117
5 2024.3536829409
6 4666.9744798527
29 5967.8282628238
30 6351.8276529036
177 8319.2911759091
314 11577.3090824682
5066 12334.0535967650
5795 12710.2147484088
6068 13692.6264380713
10001 1909.6886729605
evaluations raw_y
1 -295777.1000000000
4 987.3775670590
8 3461.4374562461
41 5305.2271061386
44 5616.5157868639
68 6228.4161452709
240 7466.2985212261
247 10176.1179789697
1068 10995.0733246198
1466 15272.6966426759
10001 4560.4054462032
evaluations raw_y
1 -283101.1000000000
3 1638.3710740341
8 1688.2064616244
21 1781.5166049159
22 2045.8822089732
26 2217.4530752601
30 4358.7697749787
32 4783.1366290390
49 5771.2593785993
71 8705.4582628825
118 9866.8183210672
181 10932.2605273743
429 11530.0447480296
8197 12978.5463476641
10001 5574.0616981145
evaluations raw_y
1 -280091.1000000000
3 1495.2645116365
4 1752.4729099045
7 5666.3032818558
27 6109.5261273482
73 8179.6247113145
258 10164.0448303190
1837 11955.1066604116
4414 13116.7175294284
7431 13436.6318492767
10001 -2851.0000000000
evaluations raw_y
1 -271364.1000000000
2 -269769.1000000000
3 -1494.6355352892
4 -589.0684699850
5 -195.8651164229
6 506.1874893649
7 1468.1003598299
11 1918.6718951677
19 1941.3882303184
22 2090.5811499556
25 2541.6579832907
33 3594.4013461637
53 3626.1916355680
61 5270.1621324680
68 9581.5013980367
91 9605.0071703061
422 12302.7420256482
1037 12641.4710391182
1868 12787.2963070877
6438 15622.1339777006
10001 3344.5831047265
evaluations raw_y
1 -275960.1000000000
2 -275373.1000000000
3 -530.4998103690
7 2483.8906669436
22 3481.3308937150
34 4039.1544217993
72 4644.8751765870
113 4728.0564091590
116 5092.4785548153
120 6199.2820962297
268 6898.4326483394
444 7453.5123067018
468 8384.1528340944
574 9474.9599425848
952 11316.8271231026
1229 11481.7411766484
1252 12033.3263948637
1656 12334.6581834457
10001 -144.1526579692
evaluations raw_y
1 -271566.1000000000
2 -267296.1000000000
3 -390.8883066903
4 1837.4023330000
16 2058.9817375976
25 2170.4085377829
31 4148.0149924944
36 4534.6359666041
74 4770.5866394432
94 6758.2188676820
105 7831.5103299939
115 10185.0704443397
124 10240.5220926079
421 10508.1669293203
491 12335.3988431708
3934 12501.2059816775
6290 12735.5964447168
10001 985.4703961486
evaluations raw_y
1 -285523.1000000000
2 -284935.1000000000
3 2271.0245155237
9 2713.1197887718
17 4302.0101398560
19 4505.2746234122
69 5386.6327341041
78 6349.9590925876
187 6959.7822909594
210 6968.5865368674
211 9174.1797611025
228 9882.7102751174
678 10875.5746304000
3845 11320.3142365580
6060 11800.8375337257
9235 13455.6570523168
10001 1770.0981815529
evaluations raw_y
1 -279520.1000000000
3 -1902.6493797873
4 -726.1751912450
6 5196.9000706055
68 7070.7112967746
111 8334.9536165627
587 11021.4281676681
2395 11234.6343672084
3895 11594.2891946336
10001 5279.4032460603
evaluations raw_y
1 -272239.1000000000
2 -270373.1000000000
3 -969.6233234386
4 400.4460294078
6 2341.6246099477
7 3027.8712235992
18 4982.4114710497
43 5230.5878868554
47 5293.9893301846
48 5748.7585286859
131 5845.0958314978
163 6078.9454871608
173 6178.0039517417
264 7380.3062138067
913 8498.5366124773
1247 8585.4942276559
1982 9713.3692242387
2124 10481.7351251529
3115 11227.1034585524
4587 11525.7217196222
5655 12194.6885347444
8461 12759.4588850844
10001 790.9639847438
evaluations raw_y
1 -287465.1000000000
3 -290.4923766472
5 338.5175608663
6 1054.6047811987
8 1725.0367888932
19 2252.3711596016
27 2749.5515096338
30 3746.8913090504
45 4993.3012430502
54 5570.7994717753
65 5652.9839749777
68 6380.3104250426
70 6873.8176610214
91 8833.1857111577
172 9432.7542878964
216 9627.0193355799
391 12050.9997144892
3573 13023.4212330221
5168 13276.8883146446
7984 15035.5690248823
10001 2239.7445728036
evaluations raw_y
1 -273249.1000000000
4 -1462.6379421629
6 1616.4169644945
15 4146.0527280660
23 5647.0714451688
27 6733.3628908326
110 6984.6554760754
206 7070.4982308117
213 7469.1209770968
225 7680.1161413259
310 8733.3468711359
404 8868.7265939482
407 9046.5780700987
1030 9943.3271543602
1124 12453.2004552143
1278 13431.0723458282
10001 452.9766531030
evaluations raw_y
1 -274102.1000000000
3 -278.9101518697
4 1012.7713744152
8 1686.7650438479
19 2352.1191164861
41 3645.9968529731
72 5905.3464826779
136 6348.1861481243
166 9446.3439250271
515 13910.3806908335
5937 14991.9881402174
10001 -556.1542670538
evaluations raw_y
1 -268244.1000000000
3 327.1822336011
5 2248.0218899623
11 2459.4987051151
14 2553.5664401661
43 4290.1824116741
44 4770.3831460205
64 5261.0771891407
69 5555.0821090609
125 6438.2507324574
161 6615.6939703515
168 6625.9122987206
213 8575.4720622157
218 8818.0409563003
596 9849.3403045847
1459 12360.6016252158
9099 13743.7413426250
10001 3036.1811086202
evaluations raw_y
1 -254386.1000000000
3 2148.9301857713
4 3577.7978118492
22 6390.4661978952
41 8048.5582492970
46 8126.9916275761
190 10333.6239224019
834 10988.7350569454
3547 11246.7663220248
7035 12021.0581108156
10001 1172.3536280233
evaluations raw_y
1 -287108.1000000000
2 -285854.1000000000
3 5497.7565594639
24 6427.2639268038
116 8467.2816487842
435 9402.8369153717
471 9672.8876374798
553 10268.9488990062
2351 10283.3565746651
2537 11063.2085609569
2663 11756.7843182574
6692 11986.4964747340
8286 12927.6672933572
10001 2012.6201173311
evaluations raw_y
1 -286067.1000000000
3 -284.5827574115
4 159.1941601200
5 3699.0492145115
31 5619.7627846730
35 8168.6443553524
233 9933.0842814863
271 10781.3468312818
340 11395.2957809620
6506 11733.7607878508
9945 13500.3178488215
10001 1124.5900093454
evaluations raw_y
1 -268914.1000000000
4 -71.6715714959
8 742.2257091086
10 2878.8317114109
22 3778.4421376292
28 5664.4605225236
117 6543.6564672171
149 8902.1643541097
379 9253.1269041036
477 9788.7030429467
1353 10595.2376064626
2800 11141.9620377436
3902 12994.8803352060
4591 13499.3993061866
10001 -2462.9416095239
evaluations raw_y
1 -276071.1000000000
3 742.9901534877
4 1927.8567434314
8 4788.6492406315
9 5394.5331206904
28 6053.4965272311
33 6398.2596414425
63 7114.0685835960
222 7182.7134735289
304 7487.4864211802
679 8063.6624781077
814 8710.7333407041
848 11214.0067224176
2543 11457.7768979213
8668 12840.4339884325
9921 13191.1137061501
10001 2067.4470410621
evaluations raw_y
1 -284125.1000000000
3 3453.2957976998
6 3904.3541188166
7 5175.9698423114
91 8918.0189538700
334 8950.9806479496
910 9544.7025744591
2677 9976.4671165400
3648 17094.2415686008
10001 2295.5369867001
evaluations raw_y
1 -263110.1000000000
3 11611.6925096174
4 12376.3445861004
7 14375.0802604271
9 15057.0249878937
10 17937.9571307268
11 18491.1215233706
42 18716.1089052234
44 19068.8655967208
52 19644.4164244521
58 19959.8315610559
67 21924.6393416073
85 22260.9117065322
88 22965.8354975666
302 23477.4546867218
312 23828.0032458489
364 24178.9061884983
385 24307.6813918782
1554 24366.7040022965
1610 24829.7736338892
1705 24856.9475983760
6664 25266.6946667510
8905 25448.9963776624
10001 24434.6529023187
evaluations raw_y
1 -260111.1000000000
4 9708.3627294025
11 10803.3554976553
14 12690.0723957194
17 13077.1702776232
33 13615.5307448015
38 13857.4866569804
39 15623.4533936584
62 15690.0308385035
63 17687.3814627864
77 18672.9926133080
114 19825.9205285068
119 20369.3121971706
167 20536.9452558586
213 20555.1445145549
243 21304.9499211049
247 22571.1243617148
326 22650.6195726870
334 22757.5402915866
392 22814.9953594473
455 23218.1548453436
475 23452.9739174290
685 23811.7786332785
919 24245.4593052702
1573 24610.4516011669
1722 24826.9300895648
3205 24958.4833600441
3233 25109.8755198642
6247 25156.7123551578
10001 20493.9749129235
evaluations raw_y
1 -276312.1000000000
3 9564.4310998414
4 10352.3373588357
7 11914.4656339710
14 14068.4118211768
27 15784.6622892226
32 18489.1121641005
76 18531.6282633248
119 19690.1497600793
132 20742.2318663989
224 21260.7545287536
226 23179.1092220104
313 23776.6556689112
345 24637.9734232241
363 24951.8645689435
527 25066.1289311056
1301 25393.7774225781
10001 6731.6342097985
evaluations raw_y
1 -270267.1000000000
2 -269780.1000000000
3 13876.9224903633
10 19186.6030089344
12 21255.2519313405
79 21579.9115465935
150 21642.9005466232
157 21745.7025640636
268 21771.3534836836
347 21857.8277917897
373 21925.8316948728
377 22663.7345919674
481 23005.6609145568
513 23196.3546160619
965 23378.5235179057
981 23471.1431607381
1057 23943.9326612342
1500 24279.5790895373
2174 24897.2675169237
9607 24998.1175638326
10001 23455.5148104656
evaluations raw_y
1 -294773.1000000000
3 14435.8885355683
4 14737.0026331852
30 18357.3528933434
32 18530.2657256500
33 18965.4956918692
37 20040.7350128534
45 21120.4441655643
48 21459.6629161201
82 22757.8437651340
86 23180.4778610727
154 23236.7296061394
224 23599.2190427778
584 23647.4175635175
807 23825.5401804344
816 24155.8168469225
952 24348.7547678317
1099 24508.9230044102
1234 24580.6887742702
5887 24751.1525155700
7654 24808.1641760265
10001 -162886.1000000000
evaluations raw_y
1 -289168.1000000000
3 -287410.1000000000
4 15535.6525716662
5 17966.8440379841
11 18014.9101934935
15 19936.4173075352
103 20005.2722508291
202 22919.3677755813
725 23264.9467869304
741 23272.0503787201
820 23993.7973298701
867 24305.5386692169
1720 24683.7138423848
2125 24691.7509038978
2598 24717.6542925449
3118 24779.0461751475
4440 24805.4207788004
4913 24833.9241839006
5245 24869.7277921294
5935 24923.6360659865
6167 24962.6218971618
6224 25049.0475762131
6502 25202.2503462708
6632 25333.6707439246
6746 25346.0391370959
7173 25630.4203522059
8511 26062.5950367801
10001 -164740.1000000000
evaluations raw_y
1 -275617.1000000000
3 15457.2625424699
5 18718.7309797417
6 21528.3038912337
61 21702.9020471752
66 22139.0491465363
68 22289.6619837767
90 22892.8253381954
176 23969.9660602033
325 24270.3933349689
557 24550.8405693522
644 24881.5649260892
2662 25289.4683929616
5542 25327.2574262958
6157 25435.6004406293
6359 25660.0908828322
8160 25683.5166306168
8360 25728.5106569548
10001 22445.9590712584
evaluations raw_y
1 -266723.1000000000
3 11018.6624881295
6 12969.2496109473
7 13597.1034635337
8 13881.1363564180
15 14558.6915728309
22 15326.9851087471
23 17176.6795217880
27 18683.4861074291
31 19664.4028361595
32 21156.9106392538
86 21613.5627063732
98 22389.5912568635
204 23329.1515073121
374 23345.8527443066
808 23648.9801578264
1013 23971.5542576480
1387 24095.9322673759
1567 24186.9948003332
2033 24405.9339073949
2935 24651.6049685877
3228 24864.1412377089
3709 25201.8841578722
3791 25229.9410791858
5795 25313.7271724281
10001 21661.8480622988
evaluations raw_y
1 -251706.1000000000
2 -250260.1000000000
3 15671.2130286122
21 17200.2280779951
46 17971.8868345677
52 18086.7078918698
56 18184.7329461400
77 18321.9657887036
86 19806.8393952768
112 19938.3366971926
150 21857.4914655270
169 23529.2984239723
579 24136.4613413054
588 24323.8444197478
882 24356.3382729221
988 24382.7880406246
1619 24568.8175356126
2191 24568.9522399617
2296 24632.9069510492
2325 24713.5204482521
2657 25011.2707979930
3026 25019.3437989631
3293 25043.8917471064
5701 25162.4844016717
7268 25176.8840141048
10001 18280.8402825079
evaluations raw_y
1 -251385.1000000000
3 13095.2962668568
4 13841.0234996043
42 15242.7365966254
46 17729.6146155883
48 19141.0511353118
86 22176.7188785515
262 23441.0121535314
269 23547.8312711841
405 24402.0334336828
475 24485.7807946299
546 24529.9151397001
563 24575.3518693015
598 25015.9808420514
661 25092.1182039073
3333 25212.2376102633
3893 25224.2181965927
4971 25468.1166131381
5359 25561.4295983754
6375 25590.9726758326
8345 25668.9913963283
8698 25851.6692172942
10001 19431.3858645779
evaluations raw_y
1 -299656.1000000000
2 -297394.1000000000
3 13055.6422342360
15 17496.6681559577
22 18215.3163403175
47 19707.5052982847
56 21739.3177995583
64 23800.0067580741
1182 23860.7520692821
1306 23922.2489316845
1608 23934.6374801076
1712 24065.0788881430
1763 24182.6114879557
2147 24298.1556098646
2463 24524.1418674338
2675 24550.1172971914
3934 25137.7380885046
4182 25307.8462591548
10001 23099.1143962372
evaluations raw_y
1 -275552.1000000000
4 9739.0964388765
6 10747.6276313700
7 11488.7612122597
12 11903.2330843580
30 12016.3368989396
34 15501.1490051670
37 17906.6454880084
41 18106.7251436784
103 19802.3383422666
115 20065.3316684212
116 22091.1066364084
121 22306.7607798861
176 22379.3244089856
244 22690.4401906748
382 24190.1861279061
1206 24477.1009822484
1365 24481.8393139589
1430 24575.5531828945
1621 24646.1307967014
3979 24654.8505269455
4665 24861.7298424905
4928 24889.8723089559
6246 24942.7614043028
6843 25096.1379965539
8813 25137.2986963927
9680 25317.5863011060
10001 19637.5731862547
evaluations raw_y
1 -264611.1000000000
3 -264219.1000000000
4 11489.5018156132
6 13015.6714665366
7 13156.7491042426
8 14061.9764317284
12 16204.0143405835
13 16571.9499092145
27 16806.5538487723
31 17490.2451075132
41 20755.5393836344
47 21054.8417785538
82 22149.7855898019
90 22588.8162465221
144 23320.1186662682
165 23373.4302235628
441 23548.0297784431
1521 23574.5143008663
1536 23681.9832502156
1695 23717.4232110134
1779 23768.0791174652
2410 23939.1954403101
2521 24473.9710417825
2643 24721.0202107006
8323 24895.3558773964
10001 21971.2198881213
evaluations raw_y
1 -278329.1000000000
2 -277500.1000000000
3 17442.5990663894
22 19016.6278123284
28 19037.1783780415
40 20031.7690258567
41 21136.5594130185
53 22038.0163685727
276 22769.1558471528
439 23119.5681885707
491 23220.7080570401
587 23271.4575828485
592 24437.3531990606
945 24759.8993269566
1277 24814.3647322649
1310 24996.0522883856
1347 25002.1017419664
2593 25113.3835111507
3989 25173.8647298929
4441 25343.0994482860
7220 25411.9869694032
7749 25555.6933969128
10001 -165398.1000000000
evaluations raw_y
1 -268146.1000000000
2 -267780.1000000000
3 16661.5541857030
19 18267.0010705952
23 18919.0950306616
52 20341.0830923123
53 20347.1855745339
82 20615.5219912693
83 20954.1634876615
166 21035.7154214566
309 21396.5301130462
315 21903.9678431515
326 22857.7439247277
339 22869.3444951116
360 23478.1645314572
411 23934.9140754505
467 24055.9985458456
1026 24308.7117241333
1426 24468.9976963317
1544 24624.2542777227
1566 25096.8502890892
8030 25134.9302808251
9113 25257.4658329649
9656 25283.6928847771
10001 23972.3839245130
evaluations raw_y
1 -270889.1000000000
4 20949.0619268743
5 23180.5406033832
39 23773.0059195726
136 24063.0665239178
1184 24405.5229322975
1960 24444.2286547104
2404 24468.4672944525
2641 24585.9876935329
5542 24793.8955974087
8115 24822.7944593020
8228 25057.5133894218
9174 25378.8942326964
10001 23901.6202157168
evaluations raw_y
1 -269957.1000000000
2 -269134.1000000000
3 11451.6424104629
4 12066.3823641695
7 14388.9280960415
13 16993.4046441359
53 18688.0284643092
62 18740.4254477314
120 18860.9464170518
204 20407.2695854812
268 21572.3664843939
628 22437.6871369132
763 22772.0256404288
960 22927.1796962672
1473 23014.2647737578
1610 23120.5544767311
1691 23982.8334367563
1838 24334.2268290082
2255 24368.3265772938
2288 24410.7508381410
2599 24463.6059014165
2619 24617.3785412037
2620 25018.9786988619
3032 25352.3711400614
7705 25424.0284767681
8311 25600.9674562169
10001 25382.2255866764
evaluations raw_y
1 -282689.1000000000
2 -281245.1000000000
3 8478.9404536711
5 9007.9805484886
19 11668.9510141334
23 12483.4318383117
27 15193.0733393623
39 15619.7639938562
50 16119.1321992164
52 21745.1034734906
337 22043.2491310056
380 22070.6321539498
445 22492.8534327713
741 23131.9124864602
788 23331.4422636755
794 23836.8770267544
831 24510.2121670626
872 24606.1517017959
892 24653.3469906721
1084 24855.1145839287
1137 24898.2874853130
3996 24906.4911363682
7295 25049.6444828857
9814 25059.1445548853
10001 20430.4179689403
evaluations raw_y
1 -285832.1000000000
2 -284498.1000000000
3 21207.2547635482
145 21420.8692729126
204 21973.3031374301
416 23153.4589541623
444 23315.8213657449
660 23997.6029941704
1687 24304.4170557705
1836 24845.2643318851
3292 24859.2060421064
10001 11765.0658050775
evaluations raw_y
1 -316433.1000000000
2 -316152.1000000000
3 8275.6147925193
4 8735.6304096422
9 8800.5899599231
12 8924.4599210571
16 9414.1581886853
19 10058.9536149044
20 10080.3597773843
21 10955.8726317864
23 12937.5820116440
38 13836.4325343396
40 14299.4367215311
44 16964.8842537361
56 17642.4930912394
60 21270.0065913899
108 22658.3319944682
138 22664.9222094060
197 22884.1466238382
496 22891.5191848378
502 22987.4370525253
737 23555.1581785388
1087 23565.1542573714
1186 23599.8723446948
1292 23741.2105564360
1314 23789.0127209915
1382 23861.3280041374
2035 23895.7175840253
2156 24231.8198871046
2234 24295.8294316405
5510 24360.0861416926
6973 24379.3577587724
7217 24408.1275444804
8096 24625.2341625813
9215 24641.6662798471
9467 24745.2900364013
10001 21413.2516306198
evaluations raw_y
1 -273288.1000000000
3 15353.0679995453
4 16545.5982034206
6 17860.7718623511
15 18943.8818310592
22 22043.7714594310
115 23088.4505968504
166 23456.7468445297
839 23552.4295803955
1081 23963.1009317979
1163 24664.0731478692
4615 24857.6040212425
5083 25107.8516688908
10001 16489.7492754395
evaluations raw_y
1 -270621.1000000000
2 -269602.1000000000
3 8956.6875773998
4 10171.8322710336
5 11514.9712059078
6 16331.6588749821
47 16371.3853493686
48 18660.5088296632
80 20146.0574635979
87 20898.4038198724
175 21429.7891626577
212 23156.4245888869
297 23287.0160645077
1697 23562.3303709434
1725 23580.3028248551
1884 23766.1887934590
2782 24647.0663464507
10001 23445.3767620472
evaluations raw_y
1 -282479.1000000000
3 11629.1251799501
4 14161.7563193418
5 17231.8491813815
97 18548.0027025479
110 21718.8845632947
149 21903.6425644964
159 22432.2574737129
481 23150.2546107452
509 23208.4440328617
707 24154.0225548126
710 24347.0034022340
712 24413.6610801813
724 24625.8269238185
793 25046.0000026164
1902 25143.2640853909
2085 25278.8495731908
2125 25429.5492616378
2139 25800.4135598779
10001 -160031.1000000000
evaluations raw_y
1 -284279.1000000000
4 15278.4787949517
11 15954.5382383860
20 18192.4700728875
43 18487.8612078128
55 19639.7724772179
67 20496.2159144580
69 21171.5727212640
74 21553.8518164264
75 22593.4779531662
89 23204.3771169938
93 23279.7258501443
96 23434.1341721218
106 23886.6843929140
326 24525.1245310207
354 24550.9938935584
1629 24667.8578427182
2195 25205.2925773293
2847 25207.5566598848
10001 23287.7216408990
evaluations raw_y
1 -272383.1000000000
3 15462.6492420653
4 19151.0848004244
7 20174.3322948758
26 21339.2466008638
85 21679.4176402203
88 22403.9938775007
92 22651.6440927633
102 22725.8740694280
171 22869.0457192910
290 22946.5694618134
299 23452.4413850758
749 23766.9279417277
801 23876.8323716197
802 24383.4345773197
951 24397.2475806871
1000 24602.2607570148
1043 24611.5465273086
1203 24726.6195722266
1647 24852.0414593628
2766 24888.8670692376
4620 25005.3038144746
4710 25042.0507748388
5786 25063.5885362268
5860 25107.1965135256
7681 25416.8975246179
10001 14802.8441475533
evaluations raw_y
1 -264729.1000000000
2 -264480.1000000000
3 18258.8591972923
4 18926.1311189988
8 20364.7226125390
31 21099.0809721990
35 21430.5509527005
45 21729.5305098490
46 22805.2384491134
326 23055.0833912697
448 23257.3401567417
512 23273.4359227288
637 23513.5244390764
648 23805.2338385165
740 23963.2866111676
813 24100.1053945685
1036 24110.0876767989
1257 24446.8692640104
1311 24636.8431053357
1859 24822.6127281163
2007 24910.2748778870
3373 25343.2692722382
4513 25730.0007047427
10001 -160509.1000000000
evaluations raw_y
1 -288591.1000000000
2 -287710.1000000000
3 10796.7618299922
5 11843.3021230481
30 13279.6883725784
35 14086.9814103162
45 14412.4643173411
49 14984.0964858902
50 18528.7689224656
59 18971.6024324516
66 18979.2049876592
73 19285.0657943522
78 19992.5773442503
88 20231.4080513970
96 20710.0304057815
124 20792.6981092589
133 22200.4920509888
201 22768.7241323264
424 22820.9683022159
426 23188.1238464602
463 23260.3480422450
513 23290.8795086980
570 23343.3396132425
586 24562.7532661309
1404 24724.5959584083
4440 24818.3702440757
4954 25214.4626767020
6230 25232.5492012993
8361 25528.9555778974
10001 22654.1792477021
evaluations raw_y
1 -274852.1000000000
3 -274108.1000000000
4 16583.9290910474
5 18331.0140605183
35 19024.0771482601
54 21230.1076363253
195 21947.2837779867
256 22048.9127795466
708 23064.1134935650
801 23244.6187975681
889 23249.9288634544
933 23348.5979662182
1002 23526.9339765651
2605 23736.6574274633
2634 24083.1524828759
4907 24365.1584390795
7292 24438.1344177449
7337 24643.1060212373
7620 25063.9809444405
8121 25166.2886291204
8445 25177.1847155421
9330 25178.6751963946
9542 25339.2696984366
9615 25381.9835050067
10001 -160363.1000000000
evaluations raw_y
1 -269437.1000000000
3 9555.5806886846
4 11273.4308056555
5 11950.8533628145
6 12146.1698141073
7 13217.7901910016
29 13868.1992227495
34 15038.8591942710
35 15287.4561589065
39 15776.5484259551
42 19280.9770984494
46 20891.0100066351
52 21098.6805542791
57 21164.4845250999
58 21450.4962388373
107 22365.5633554606
129 22561.8008916182
132 23411.3966754821
203 23491.7775629149
229 23707.6336413364
528 23992.9473755855
619 24150.7457603793
753 24369.3365225053
817 24530.1401935718
1069 25253.8608672853
1915 25562.2731502252
2118 25657.1005567520
7391 25756.9214634831
9193 25997.4783527062
10001 20697.0169144982
evaluations raw_y
1 -276121.1000000000
3 14197.9470581186
4 14809.4835985970
7 16337.3469873794
23 18930.5495822486
32 21075.8078635808
85 22206.8516838000
86 23414.3669028585
88 24615.5388809609
110 24695.7317968652
179 24836.3199266974
181 25143.7718783345
290 25559.1723732288
2057 25584.0562287495
3246 25647.7317885221
7103 25671.0706874191
10001 23980.0211382838
evaluations raw_y
1 -286716.1000000000
3 -160276.1000000000
15 24525.8566028943
28 25324.5548205925
53 25366.0121622727
77 25429.9373387412
79 25590.2276708240
102 25833.0073087829
143 25896.5516247083
158 25928.6877475772
515 26048.9421247614
806 26056.8423898888
810 26243.1720890376
1117 26375.5742577865
1409 26701.1505388188
1649 26839.8225650149
2425 27040.6024689741
2426 27077.1077711245
3540 27105.4684006082
4993 27259.1938412326
5277 27443.4712890440
5293 27541.5184359146
6465 27542.7128808540
6700 27608.2796927058
7101 27651.4989631700
7332 27675.4366673190
7552 27775.0854537434
10001 -161190.1000000000
evaluations raw_y
1 -302533.1000000000
4 -169821.1000000000
10 -168113.1000000000
13 -166454.1000000000
15 -165768.1000000000
24 -164463.1000000000
26 -163283.1000000000
55 -160738.1000000000
57 -160467.1000000000
62 -160466.1000000000
105 -160410.1000000000
141 23194.5274416886
155 23547.8891822977
200 23749.8822481163
208 23906.0771371448
235 24055.5343085815
240 24268.7963701142
279 24269.0961930599
295 24574.6491953084
328 24600.9239373968
402 24690.3200839376
415 24809.9497003980
427 24864.4079113548
525 25261.8412520425
634 25441.4992844340
838 25510.3329276748
962 25564.8020988145
1040 25677.4784054267
1152 25891.1275232589
1344 26140.1605402654
1821 26340.5249406729
1868 26495.3344046602
1884 26686.4324720621
2150 26738.3164387483
2735 26990.9073065944
3205 27096.6333151480
3430 27105.3298437755
3453 27108.4265378983
3761 27264.5674824065
4014 27465.4937699559
4094 27605.7244401605
7431 27688.9853219912
10001 -161188.1000000000
evaluations raw_y
1 -273641.1000000000
2 -272357.1000000000
3 -163828.1000000000
6 -163392.1000000000
7 -162652.1000000000
26 -162629.1000000000
34 -161708.1000000000
37 -160564.1000000000
54 -159946.1000000000
58 22707.5910442165
76 23798.2421443156
127 24059.3600929478
703 24059.5410116154
946 24444.7815486157
1096 24505.0596354706
1557 24561.8814081476
1629 24675.8003106201
2370 24964.4580986435
2400 25313.9348381294
4898 25557.6531629726
4935 25673.6866960462
5064 25777.5409989143
5174 25911.6465530276
5812 26057.7890155810
10001 23115.5571779296
evaluations raw_y
1 -275938.1000000000
2 -275464.1000000000
3 -165181.1000000000
4 -164615.1000000000
7 -162867.1000000000
27 -162697.1000000000
29 -161458.1000000000
53 -160894.1000000000
54 21352.1663282040
56 21771.2874230076
57 21906.3462545097
65 22153.2271199736
68 24486.1405410119
151 24905.2465339397
320 25367.7694569956
632 25370.6366939728
644 25484.8349337799
937 25707.0845031280
1117 25807.4736873246
1141 25907.6293670359
1206 26209.4778773067
1453 26418.5951358673
2322 26652.1890028151
4714 26778.9184633591
5016 26798.5823329627
5131 26864.3646307197
5223 26865.5483830546
5253 26950.7632784226
5983 27154.1223308159
7813 27262.1210797555
8869 27491.7082635909
10001 25709.8009863669
evaluations raw_y
1 -277489.1000000000
2 -275227.1000000000
3 -164595.1000000000
9 -164587.1000000000
11 -164383.1000000000
22 -162605.1000000000
24 -161308.1000000000
42 -160088.1000000000
43 23068.8421353066
44 23308.8856196756
59 23432.4554945645
80 23546.3635609783
129 23751.7312312393
200 23773.8728056859
207 24139.8182752300
241 24363.8375628624
258 24568.6816230115
319 24831.0177405097
358 24942.8549152131
400 25202.7728762976
402 25601.9352959891
708 25681.5462099965
831 26083.4142675770
865 26235.3740447067
958 26281.4791430374
1320 26400.9831600418
5876 26444.7810425859
6174 26645.7229786901
6223 26763.0369401494
6691 26896.7454152523
7207 27270.6867982292
10001 -161240.1000000000
evaluations raw_y
1 -264354.1000000000
4 -161447.1000000000
5 -160519.1000000000
14 22424.3985926001
15 22875.8497805611
18 23647.0958051412
64 23805.6967136526
118 23863.3769010652
127 23880.8409435870
169 24028.6011476105
211 24276.5438509855
276 24301.0547262048
314 24508.6191974176
349 25021.4709513659
375 25107.6098323176
394 25223.2831496606
436 25271.9943347078
467 25547.7760848206
1048 25565.1292235749
1168 25585.9711847640
1177 25619.4353157292
1302 25819.8133743093
1358 25862.4339642854
1786 25867.9285235824
1931 25877.4537768777
2085 26400.0730633101
2189 26406.7672941526
2360 26592.2952880413
2396 26988.4916264185
2850 27003.3601123387
3602 27099.3908265958
4457 27199.2951214304
5731 27245.5402493309
5744 27317.0915068218
6656 27517.8111180814
6852 27788.9394995939
7470 27791.0118439174
7653 27798.6328267935
8166 27918.4265311203
9181 28020.9242450873
10001 -160842.1000000000
evaluations raw_y
1 -259014.1000000000
3 -160363.1000000000
8 23520.1861076226
13 24039.1589137040
98 24869.5127173073
105 25199.8921917615
109 25241.2756325921
116 25339.2343847526
135 25400.2946759812
190 25501.1578099800
191 25593.3043896475
206 25600.2301940329
213 25931.9433774079
251 26064.1241650643
294 26072.3085410608
315 26138.7755451769
473 26261.9871850135
476 26668.1499139521
519 26737.3547901706
565 26897.0381757607
647 26963.7090647510
2227 27174.8030415012
3374 27196.6628222272
3815 27338.5533732166
4081 27425.6219318482
4956 27625.5430786203
5072 27651.4842878804
10001 -161130.1000000000
evaluations raw_y
1 -278866.1000000000
3 -160279.1000000000
5 -160252.1000000000
38 -160121.1000000000
41 23108.2615220114
42 23453.2592215172
54 23583.1813872171
64 23615.6003834807
187 24003.2763736400
331 24210.2530495175
376 24311.9626947415
381 24431.8369448138
424 24731.7241131535
437 24901.7227769553
536 24989.9799204100
577 25412.4315110645
639 25462.1356802868
696 25731.5762536768
1291 25857.1420304117
3063 25885.9301006828
3584 26021.0390637881
4383 26451.2066307098
4609 26619.9628587131
4851 26776.9168364921
5184 26877.3495631206
6155 27069.6738037245
6329 27153.3503525001
6478 27284.4879011075
6681 27376.4269336826
10001 24952.6805532909
evaluations raw_y
1 -262146.1000000000
2 -261058.1000000000
3 -161253.1000000000
4 22994.5401397935
6 24382.4256704796
21 24536.4316814899
25 24552.8496798707
42 24702.6799435720
108 24788.4643841131
139 25069.1413882869
175 25376.2910951894
193 25428.2807305893
208 25489.3764917381
240 26133.5277838188
305 26156.7991303706
352 26197.0057703417
506 26213.6499115100
687 26266.6973456655
688 26287.9259810786
689 26665.6114288679
735 26670.1450340898
784 27016.7538446593
826 27068.6734434867
1974 27085.8137503720
2752 27171.1895067063
3839 27274.6178353557
5853 27387.0228680967
8102 27387.2853136839
8171 27591.0479362014
9270 27818.8169418909
9568 27834.2448792149
10001 27066.4829066896
evaluations raw_y
1 -277096.1000000000
2 -275178.1000000000
3 -160182.1000000000
7 -159948.1000000000
8 23891.7234790484
10 24579.7409575388
18 26118.5993156712
86 26152.7801709832
733 26234.9397094006
840 26494.7954132620
1380 26669.5256108597
1405 26831.5954466132
1452 27156.5141379337
2565 27298.2916036953
7017 27443.0744137043
9452 27554.6115251092
10001 -160016.1000000000
evaluations raw_y
1 -264405.1000000000
2 -262285.1000000000
3 23798.7385240831
37 23868.1154364871
45 23978.3559675086
46 24605.3682673562
55 24805.6436241271
57 24953.5927841784
124 25057.4263542474
152 25269.5901897395
192 25346.0856920066
193 25743.4882941453
341 25806.9093575468
359 25917.1389484601
403 25973.9821123132
406 25982.7321071351
427 26116.0832719319
498 26251.7111596116
671 26426.3076918413
729 26467.8152142857
755 26538.4887487533
1380 26641.4266291105
1411 26658.0063527833
1616 26829.2699308896
1727 26938.0064920202
1786 27096.1160794875
2110 27758.2076271563
5155 27810.6647953604
5276 28028.7186859157
7477 28128.2300427042
7861 28145.9834234173
10001 27451.2969363534
evaluations raw_y
1 -279303.1000000000
3 -276263.1000000000
4 20466.7203035476
6 20985.4813577312
10 21006.9719896745
11 21952.2514104454
16 23291.3069296666
17 23539.1131690658
19 24402.8293957975
106 24659.3169042511
117 24770.1779619284
125 24850.6514279449
152 25041.8680126581
185 25131.5791702348
321 25313.6871132090
429 25545.2825412280
559 25585.5380024001
588 25731.5201747463
632 25791.1185838466
678 25901.5651609912
800 25961.0071965180
924 26032.1237077741
1968 26054.3648782920
1982 26492.5331604608
3352 26893.9545407901
4163 26900.1412561383
5489 27044.2892536211
5864 27053.2540826221
6101 27057.9081987005
6389 27258.7158069820
7307 27359.1185687009
7339 27375.0135359109
7756 27425.6621840593
8178 27480.6599126465
8198 27526.8574949159
8500 28077.9927071394
9333 28080.5471237003
10001 25230.7335648597
evaluations raw_y
1 -253613.1000000000
3 21203.1965812400
10 21563.7728798845
23 21890.2953934992
37 21993.3418350451
42 22774.3107365826
46 22894.2190588732
51 22903.2971940428
68 22958.7975184643
69 23129.1980621078
82 23175.8817457395
89 23209.8280882813
177 23299.5622523921
205 23323.1099600029
218 23436.1281645614
244 23455.4814905819
262 23685.6504189663
301 23885.3236380973
306 24173.9855418111
393 24375.1653910662
478 24608.6284367337
488 24785.6151455044
552 24809.4987791281
559 25919.2961095605
594 25948.8618574995
620 26358.9615716589
665 26499.7364145607
1374 26510.8550501253
1440 26679.5939412054
1442 26808.6296720303
1502 27158.6564904753
3655 27219.0715806514
4180 27225.1811981553
4879 27635.3832698961
5117 27784.4406951983
10001 22398.6481354696
evaluations raw_y
1 -302692.1000000000
3 -302537.1000000000
4 -161235.1000000000
16 22341.4649014203
23 22748.4541014093
26 24119.7128263823
27 24243.9683335192
39 24376.7116355605
43 24774.4803389936
75 24851.7618507927
137 24931.1768652004
174 25108.7126001978
176 25149.0868857270
200 25160.4063640651
201 25341.8828869190
242 25424.8850377380
248 25569.1527939978
286 25668.6528592691
296 25775.1298844418
556 25937.7549333456
577 26240.3484199141
2130 26248.0972269919
2448 26429.4355650953
3363 26468.6901408612
3670 26535.4537900348
4673 26557.0579710203
5562 26668.3525465942
5957 26668.8193261201
5967 26691.9859935454
6251 26696.8952926194
6301 26716.3301279670
7291 27016.4830778894
7861 27217.1708368444
10001 19282.1411256895
evaluations raw_y
1 -278933.1000000000
3 -161563.1000000000
5 -161361.1000000000
7 24556.9362789595
54 24742.0378412527
65 25011.3145052759
235 25041.3077046497
338 25189.8060380817
358 25261.8421755626
374 25275.2213747439
396 25315.6981800623
430 25578.1145572461
446 25848.3063255937
508 25872.9490595543
534 26426.5332833830
1383 26626.2219413779
1451 26787.8244107497
2487 26951.3307631247
3060 27035.7436624989
5731 27052.2451918922
5799 27171.9174223565
6353 27559.9464918339
8226 27640.0369812831
10001 19773.1525337093
evaluations raw_y
1 -278994.1000000000
3 -168924.1000000000
4 -165875.1000000000
5 -164468.1000000000
15 -162383.1000000000
23 -161872.1000000000
26 -160946.1000000000
30 -160641.1000000000
33 -159955.1000000000
170 21967.9963650684
174 22221.7771158623
189 22395.1740130155
196 23425.8955184786
297 23728.3194433242
348 23955.2382288834
375 24230.8146175545
376 24660.5573233894
401 24723.3831602855
526 24880.3866818218
570 24882.1456558483
636 24984.2016180935
644 25249.1843137252
948 25352.6762725618
1952 25600.7525609247
2179 25820.0410484647
2375 26020.5596300490
2576 26049.3444768444
2922 26185.8060915448
3070 26194.0011425577
3335 26219.9878474330
3438 26327.3544593513
3832 26537.4494105545
4400 26725.8830950864
5434 26783.0830883556
5525 26885.3452667057
5848 26959.4892434471
6428 27006.1516575064
7333 27135.4242570127
9963 27145.4647550193
10001 25330.8496272044
evaluations raw_y
1 -274730.1000000000
3 24104.1191144188
31 24387.6865918912
34 25159.1756378141
90 25520.2440194462
265 25608.9100627254
500 25665.3281404053
509 25861.4189979044
805 26234.8156383416
1313 26572.9271248356
1349 26719.1907976194
1663 26788.9581889027
1923 26997.7937845485
2762 27076.8038386403
4342 27211.4969027620
4586 27303.2646037404
6690 27381.8633633498
6838 27448.4195748580
7677 27503.0729791458
7963 27586.2182856521
8069 27592.3718322944
8626 27619.8528634297
8866 27929.1221665286
10001 -160291.1000000000
evaluations raw_y
1 -276839.1000000000
3 22476.6471023980
13 22625.0211864970
15 22625.8904934746
24 22678.8622192395
26 22897.6793859808
28 22942.6254949933
30 23032.2835345964
63 23347.8505516672
75 25065.8055518868
80 25213.7244471732
101 25290.3298215867
134 25601.1668980819
142 25824.9711948401
167 25952.8910059762
192 26235.4750205737
311 26457.8477470053
367 26927.4048719875
1371 26929.7645839113
2065 26930.8596202908
2457 27159.4430085272
2735 27210.2864804083
3183 27349.0813381356
3448 27404.2072966068
3900 27568.5206458010
4723 27628.7282993290
5678 27631.9591393746
5905 27656.6304070755
6068 27891.8173557009
7023 27992.3264063566
7646 28129.0781952875
8018 28233.0912850787
8091 28434.2137804130
10001 -166347.1000000000
evaluations raw_y
1 -262411.1000000000
2 -261635.1000000000
3 -163136.1000000000
4 -162526.1000000000
6 -160781.1000000000
28 24303.3769154285
29 24503.7170411186
42 24554.3138854454
110 24745.4854530264
112 24790.3679828400
313 24866.6911532099
394 24990.7928660224
440 25072.7199305452
560 25472.9018899650
710 25569.1389696186
733 25769.5349372792
955 25833.9639209813
1089 25931.7064985803
1223 26153.1808177474
1233 26380.9126168405
1736 26435.6361710814
2039 26507.4202379876
2469 26632.9557975737
3301 26726.8682513481
4109 26829.1632293182
5516 26927.3818310018
6972 27027.6373564964
7420 27242.2830408507
8020 27423.4561511791
8224 27736.3319890583
8290 28214.1645951324
8386 28228.4841435602
8685 28377.0618555844
8795 28444.7230332307
9762 28580.7427198174
10001 -160925.1000000000
evaluations raw_y
1 -276823.1000000000
2 -276389.1000000000
3 -165590.1000000000
6 -164144.1000000000
10 -163983.1000000000
29 21667.5501115370
55 21739.6745135730
71 22390.7680438920
85 22402.8074298690
100 22687.7903780982
113 22771.4296426445
120 23113.1170806608
155 23463.9023798819
226 23528.9460154887
242 24312.5589136752
268 24707.8236050718
271 24769.5802534626
287 25143.2167684910
319 25178.6968052433
371 25675.1032949995
476 25833.2401517199
596 25940.4913277566
1043 25978.3401095307
1076 26078.5336798686
1737 26144.4566768749
2035 26154.3746144141
2093 26428.4970525395
2614 26638.6483363227
2871 27040.4781872335
4487 27116.9379666467
4595 27375.1589190460
6589 27405.6444304966
8159 27520.1404900972
8393 27610.5458880431
10001 -159965.1000000000
evaluations raw_y
1 -260054.1000000000
2 -257901.1000000000
3 21122.2271421350
4 21572.4462647230
6 22182.5417812122
14 23325.0308851162
22 24360.9021485900
37 24540.4414483543
85 24541.4797217315
98 24801.4547040118
107 25240.7227566760
142 25347.9386775354
145 25585.4761371463
184 26052.9518002187
226 26268.3452627284
980 26319.3202463906
1011 26360.7745807243
2064 26373.6363267573
2100 26472.0104540040
2284 26584.1172620569
2321 26634.9029234008
2497 26672.5620232835
2950 26676.0824383786
3069 26707.6451831320
3384 26771.9600807850
3991 26865.0632658680
4140 27272.8884337998
4824 27498.5251454459
4994 27542.9905767268
6357 27588.8133065594
10001 -160434.1000000000
evaluations raw_y
1 -263584.1000000000
3 -163258.1000000000
8 -162554.1000000000
10 -161772.1000000000
30 -160739.1000000000
31 -160677.1000000000
33 24385.6035824655
40 24633.8923953513
46 24755.3176823514
51 24891.4054197458
94 24905.5662582757
110 24938.8376318287
126 25113.5226088430
276 25144.9058415917
279 25203.7608431029
318 25273.1145218027
1113 25434.0753329741
1431 25478.5661252964
1663 25566.7733440686
1917 25627.5825367258
2128 26050.4794466403
3030 26150.1644611726
3505 26289.7444787719
3987 26310.4070417128
4175 26405.4578626017
4701 26679.3370996711
4899 26804.8965125786
4956 26841.3109593029
6277 26921.3239977465
7662 26933.6847764451
7914 27076.5758006884
8158 27086.8299991493
8580 27113.5456573567
9420 27138.2014609563
9877 27184.4436418827
9892 27219.2025756243
10001 23360.8052417527
evaluations raw_y
1 -251542.1000000000
3 -160344.1000000000
4 -160325.1000000000
5 21650.8500984572
8 22754.7623693464
9 24097.4916120387
17 24198.5220101171
23 24503.9479922314
38 24923.7534290806
40 25144.8605246028
56 25337.7640546038
88 25442.2146918025
130 25475.0989452374
235 26052.5484028164
469 26180.0107054672
523 26280.3959444280
711 26986.6809952741
1672 27183.0118996123
2669 27414.7831357585
4861 27439.3072476300
5187 27706.6721142372
5488 27800.5429825630
6989 27906.4196918760
7821 28088.4962398346
9491 28208.0309967269
9757 28211.3078335956
10001 25452.6751149175
evaluations raw_y
1 -269843.1000000000
3 -160950.1000000000
4 23075.9625354687
6 23127.3535504228
18 23346.9659030483
19 23641.2887863990
20 23672.8253428564
44 24188.1038322775
45 24279.9027615474
124 24337.1674746269
140 24653.0396255070
193 24665.1442986728
349 24747.1771530786
382 25155.4749977717
548 25253.8141745914
728 25370.2506529246
937 25994.8606715022
1183 25996.8993385265
1269 26248.6405311454
1437 26386.6060094387
1589 26405.6340575708
1650 26431.9443649286
1679 26504.5368895095
1900 26595.7717483505
2180 26662.1422315604
2449 26708.9723319850
2470 26909.3367020281
2684 27126.3932383507
2819 27129.1431749427
2947 27830.4546975149
3748 27869.7295827752
7420 28095.7729962200
8648 28216.0564603710
9277 28674.7654449120
9338 28808.5263085319
10001 25789.1321200014
evaluations raw_y
1 -290186.1000000000
3 -166332.1000000000
11 -165436.1000000000
17 -163790.1000000000
43 -163259.1000000000
51 -160572.1000000000
60 -160085.1000000000
74 23901.6819748944
75 24040.1416783218
77 24434.4123321058
94 24473.7084197947
111 24569.3088525245
124 24583.0005948092
126 24683.0341803620
137 24907.2698278014
457 25003.6258593737
489 25033.9383663781
504 25149.1084405541
901 25241.3903819700
1025 25345.5490607759
1164 25360.6388381745
1413 25450.6880929628
1568 25574.2114317719
1847 25682.3125134569
2046 25882.8033292633
2098 26098.4723747103
4179 26141.8776362475
4366 26418.7357211661
4611 26614.5033716928
4706 26689.9049748957
5010 26705.1946971944
5552 26875.3007368407
6497 27366.7168456960
10001 -161653.1000000000
evaluations raw_y
1 -279502.1000000000
3 20948.0095305725
4 21341.4541362135
5 22499.5655702737
65 22575.4941218967
68 22857.9806745119
74 23925.6361873204
111 24036.5960013398
114 24205.2093825359
188 24260.2716896499
199 24408.0095722233
256 24613.6442315724
306 24731.0732467025
517 24762.7927680548
558 24980.1326525743
947 25316.7755584256
987 25397.8839862647
1011 25407.8854252359
1298 25558.0461992678
1464 25769.0501921373
2251 25807.9143554485
3341 25864.3408346102
3398 25981.5894888264
4472 26096.3821435293
6249 26117.9654488588
6285 26233.6170457716
6467 26334.8228452566
6570 26434.8793771864
7171 26466.8682053636
7255 26906.5297459447
7303 27055.8098989705
8691 27069.4900984135
9722 27273.8841876716
10001 -160813.1000000000
evaluations raw_y
1 -268897.1000000000
3 -163761.1000000000
4 -161811.1000000000
5 -160498.1000000000
6 22868.0631927840
7 23214.4152839413
23 23263.5323459025
26 23719.7215885732
48 24025.5934217458
101 24153.5800664707
108 24367.9639373057
128 24709.2130379738
179 24905.3703011444
206 24993.0173249414
418 25029.3945644112
545 25038.9516484679
591 25273.7709685546
600 25321.1953381759
613 25554.9051509780
645 25556.2402144113
788 26270.3060064689
790 26297.4384088739
859 26506.7966158356
882 26948.1940602079
913 26948.1963506198
1008 27162.0822524402
1052 27171.3505175446
1143 27372.0969199271
1538 27376.7208095319
1745 27577.1453123062
1790 27821.3249704577
4104 27866.3655319211
4542 28001.2304356102
5841 28039.0044077329
6956 28067.3736403306
7439 28339.9238909474
7861 28440.3836797563
8712 28510.0074344431
9179 28567.7296667007
10001 27444.6306501170
evaluations raw_y
1 -269520.1000000000
3 -164245.1000000000
5 -164082.1000000000
7 -162642.1000000000
8 -161198.1000000000
9 23370.9686090827
72 23676.4390107399
102 23876.4945867838
120 24076.5507197724
158 24216.5317640315
172 24316.5155720034
180 24378.8259673613
194 24521.0727261008
202 24629.5948406870
206 24778.4942186324
240 24978.9733964490
253 25212.8546576961
264 25497.5538360918
267 25499.6201978348
268 25544.5601326483
273 25726.0671576859
342 25901.7011965311
348 25928.2096534703
355 26232.5034350105
540 26247.9230391355
859 26323.2586237827
1288 26323.7036802756
1456 26379.3828346367
1485 26421.6247358785
1545 26582.4751022918
3372 26634.6989137521
3471 26674.3695830855
5775 26690.6451196111
5996 26774.1779519367
6389 26861.0100454974
9755 26961.4014849549
9969 26984.7693729940
10001 14347.7441635540
evaluations raw_y
1 -278918.1000000000
5 -165883.1000000000
13 -164319.1000000000
14 -161022.1000000000
18 -160693.1000000000
19 23308.5575122552
20 23771.0597736067
21 23787.2812622043
24 24115.0528386906
51 24401.8839625429
169 25087.2012691730
250 25166.0572165755
465 25797.4708448778
517 25963.4982321852
651 26141.3058936100
717 26263.8749580417
947 26410.1382987717
1064 26492.6400712652
1092 26590.6162998596
1341 26595.1674974668
1672 26775.2464123672
1749 26887.7616518815
2217 27069.0569557939
4980 27180.8262336954
5082 27401.4008805416
10001 -163676.1000000000
evaluations raw_y
1 -276995.1000000000
2 -273125.1000000000
3 -165131.1000000000
4 -164863.1000000000
5 -163114.1000000000
6 -161936.1000000000
9 -161239.1000000000
10 -160165.1000000000
24 24470.6674005788
28 24824.4110791309
32 25023.9122537636
55 25129.0146543515
144 25440.4642090056
302 25562.4136519706
408 25944.0695394243
504 25985.3280159061
533 26033.9043919068
600 26183.4125826603
778 26368.2854501532
973 26401.7279367280
1038 26464.7318923930
1684 26485.0067431334
1832 26488.3314558919
2323 26547.3383819787
3515 26612.6281122567
3685 26844.5654454479
3765 26934.6324051939
3935 27073.2225379869
4454 27126.6874139669
4846 27240.5929901671
6063 27280.8347225555
6922 27280.9037860976
7848 27327.5036262946
7849 27510.0228761563
9720 27528.3166063984
10001 -164079.1000000000
