evaluations raw_y
1 -1974.0000000000
4 -1923.0000000000
12 -1919.0000000000
27 -1892.0000000000
399 -1880.0000000000
809 -1875.0000000000
811 -1848.0000000000
1193 -1841.0000000000
1213 -1831.0000000000
1595 -1821.0000000000
1617 -1802.0000000000
2385 -1798.0000000000
2403 -1786.0000000000
3195 -1784.0000000000
3205 -1774.0000000000
3565 -1768.0000000000
3583 -1766.0000000000
3963 -1747.0000000000
4777 -1745.0000000000
4789 -1743.0000000000
5155 -1740.0000000000
5157 -1709.0000000000
5579 -1704.0000000000
5951 -1701.0000000000
5957 -1694.0000000000
6339 -1690.0000000000
6355 -1687.0000000000
6733 -1686.0000000000
6747 -1682.0000000000
7135 -1679.0000000000
7163 -1675.0000000000
7169 -1674.0000000000
7525 -1670.0000000000
7545 -1666.0000000000
7923 -1657.0000000000
7929 -1651.0000000000
8319 -1650.0000000000
8355 -1629.0000000000
10296 -2297.0000000000
evaluations raw_y
1 -2005.0000000000
2 -1965.0000000000
3 -1942.0000000000
4 -1931.0000000000
10 -1915.0000000000
33 -1877.0000000000
799 -1841.0000000000
1189 -1826.0000000000
2387 -1808.0000000000
2777 -1796.0000000000
3199 -1795.0000000000
3565 -1785.0000000000
3567 -1778.0000000000
3571 -1748.0000000000
4373 -1745.0000000000
4791 -1743.0000000000
5161 -1727.0000000000
5561 -1722.0000000000
5571 -1719.0000000000
5943 -1705.0000000000
6369 -1704.0000000000
6739 -1701.0000000000
6765 -1683.0000000000
7157 -1679.0000000000
7527 -1673.0000000000
7929 -1665.0000000000
8317 -1659.0000000000
8721 -1647.0000000000
8731 -1646.0000000000
9111 -1643.0000000000
9123 -1628.0000000000
9925 -1625.0000000000
10296 -1643.0000000000
evaluations raw_y
1 -1926.0000000000
6 -1924.0000000000
427 -1923.0000000000
437 -1906.0000000000
795 -1898.0000000000
811 -1896.0000000000
817 -1889.0000000000
1193 -1883.0000000000
1223 -1876.0000000000
1597 -1875.0000000000
1599 -1871.0000000000
1617 -1849.0000000000
2015 -1837.0000000000
2379 -1828.0000000000
2403 -1827.0000000000
2775 -1813.0000000000
3175 -1803.0000000000
3575 -1795.0000000000
3601 -1786.0000000000
3979 -1782.0000000000
4363 -1778.0000000000
4379 -1777.0000000000
4395 -1776.0000000000
4753 -1756.0000000000
5165 -1752.0000000000
5171 -1747.0000000000
5551 -1746.0000000000
5555 -1744.0000000000
5575 -1742.0000000000
5941 -1736.0000000000
5967 -1733.0000000000
6337 -1732.0000000000
6369 -1731.0000000000
6743 -1727.0000000000
6761 -1725.0000000000
6771 -1715.0000000000
7141 -1706.0000000000
7559 -1704.0000000000
7563 -1688.0000000000
8321 -1677.0000000000
9121 -1675.0000000000
9505 -1672.0000000000
9527 -1664.0000000000
9913 -1647.0000000000
10296 -2250.0000000000
evaluations raw_y
1 -2006.0000000000
2 -1958.0000000000
7 -1931.0000000000
15 -1927.0000000000
397 -1920.0000000000
399 -1917.0000000000
405 -1896.0000000000
799 -1891.0000000000
829 -1864.0000000000
1585 -1843.0000000000
1603 -1840.0000000000
1981 -1822.0000000000
2005 -1820.0000000000
2405 -1813.0000000000
2419 -1807.0000000000
2775 -1803.0000000000
2785 -1802.0000000000
3177 -1798.0000000000
3191 -1796.0000000000
3575 -1777.0000000000
3601 -1767.0000000000
3977 -1766.0000000000
4359 -1749.0000000000
4367 -1739.0000000000
4757 -1735.0000000000
5157 -1732.0000000000
5179 -1726.0000000000
5191 -1725.0000000000
5553 -1723.0000000000
5557 -1721.0000000000
5561 -1720.0000000000
5579 -1710.0000000000
5951 -1706.0000000000
6339 -1700.0000000000
6345 -1690.0000000000
7161 -1683.0000000000
7551 -1682.0000000000
7923 -1680.0000000000
7925 -1670.0000000000
8321 -1668.0000000000
8359 -1657.0000000000
8715 -1653.0000000000
9121 -1647.0000000000
9133 -1645.0000000000
9507 -1642.0000000000
9915 -1636.0000000000
10296 -1648.0000000000
evaluations raw_y
1 -1992.0000000000
3 -1975.0000000000
4 -1945.0000000000
16 -1929.0000000000
27 -1904.0000000000
437 -1893.0000000000
803 -1884.0000000000
807 -1881.0000000000
831 -1866.0000000000
833 -1863.0000000000
1197 -1859.0000000000
1209 -1845.0000000000
1587 -1844.0000000000
1591 -1836.0000000000
1595 -1831.0000000000
1987 -1823.0000000000
2005 -1820.0000000000
2385 -1815.0000000000
2393 -1784.0000000000
2779 -1782.0000000000
2811 -1781.0000000000
2813 -1780.0000000000
3175 -1759.0000000000
3181 -1757.0000000000
3567 -1748.0000000000
3973 -1745.0000000000
3975 -1743.0000000000
3983 -1741.0000000000
4359 -1740.0000000000
4383 -1738.0000000000
4789 -1722.0000000000
5167 -1712.0000000000
5169 -1696.0000000000
6353 -1682.0000000000
6751 -1681.0000000000
6757 -1673.0000000000
7137 -1662.0000000000
7533 -1655.0000000000
7939 -1646.0000000000
8337 -1638.0000000000
8721 -1637.0000000000
9109 -1636.0000000000
9111 -1632.0000000000
9137 -1622.0000000000
9527 -1621.0000000000
9907 -1619.0000000000
9911 -1610.0000000000
10296 -1636.0000000000
evaluations raw_y
1 -1964.0000000000
4 -1957.0000000000
7 -1943.0000000000
20 -1918.0000000000
32 -1917.0000000000
44 -1899.0000000000
401 -1887.0000000000
425 -1875.0000000000
803 -1874.0000000000
1203 -1838.0000000000
1593 -1825.0000000000
2017 -1813.0000000000
2419 -1808.0000000000
2791 -1797.0000000000
3201 -1793.0000000000
3575 -1777.0000000000
3601 -1773.0000000000
3967 -1767.0000000000
3981 -1761.0000000000
4369 -1756.0000000000
4765 -1754.0000000000
4777 -1736.0000000000
5163 -1735.0000000000
5551 -1726.0000000000
5569 -1710.0000000000
5953 -1697.0000000000
7151 -1686.0000000000
7563 -1681.0000000000
7923 -1673.0000000000
8739 -1666.0000000000
9109 -1662.0000000000
9143 -1657.0000000000
9901 -1656.0000000000
10296 -2263.0000000000
evaluations raw_y
1 -1964.0000000000
2 -1948.0000000000
12 -1925.0000000000
13 -1900.0000000000
397 -1889.0000000000
795 -1867.0000000000
1189 -1862.0000000000
1211 -1848.0000000000
1217 -1847.0000000000
1587 -1823.0000000000
1983 -1819.0000000000
2021 -1817.0000000000
2379 -1812.0000000000
2389 -1810.0000000000
2415 -1809.0000000000
2785 -1797.0000000000
2803 -1796.0000000000
3175 -1773.0000000000
3597 -1768.0000000000
3963 -1764.0000000000
4397 -1750.0000000000
4763 -1747.0000000000
4781 -1743.0000000000
5165 -1741.0000000000
5549 -1712.0000000000
6341 -1697.0000000000
6347 -1685.0000000000
7153 -1680.0000000000
7529 -1679.0000000000
7539 -1671.0000000000
7923 -1646.0000000000
9113 -1628.0000000000
10296 -2299.0000000000
evaluations raw_y
1 -2009.0000000000
2 -1983.0000000000
3 -1926.0000000000
15 -1897.0000000000
413 -1895.0000000000
415 -1890.0000000000
431 -1889.0000000000
795 -1880.0000000000
809 -1879.0000000000
1189 -1873.0000000000
1207 -1847.0000000000
1225 -1826.0000000000
2019 -1825.0000000000
2021 -1814.0000000000
2787 -1810.0000000000
2805 -1805.0000000000
3175 -1800.0000000000
3183 -1798.0000000000
3207 -1780.0000000000
3961 -1778.0000000000
3989 -1774.0000000000
4371 -1766.0000000000
4389 -1762.0000000000
4763 -1750.0000000000
5171 -1748.0000000000
5551 -1736.0000000000
5567 -1731.0000000000
5961 -1727.0000000000
6359 -1713.0000000000
6759 -1711.0000000000
6761 -1705.0000000000
7139 -1702.0000000000
7547 -1699.0000000000
7935 -1696.0000000000
8319 -1678.0000000000
8717 -1675.0000000000
9133 -1673.0000000000
9507 -1670.0000000000
9905 -1669.0000000000
9919 -1667.0000000000
9937 -1666.0000000000
10296 -1667.0000000000
evaluations raw_y
1 -1969.0000000000
2 -1954.0000000000
4 -1903.0000000000
29 -1875.0000000000
417 -1871.0000000000
827 -1868.0000000000
1191 -1867.0000000000
1197 -1864.0000000000
1209 -1841.0000000000
1585 -1833.0000000000
1597 -1831.0000000000
2009 -1818.0000000000
2381 -1814.0000000000
2383 -1812.0000000000
2801 -1807.0000000000
3173 -1791.0000000000
3583 -1781.0000000000
3971 -1764.0000000000
4381 -1759.0000000000
4397 -1754.0000000000
4777 -1753.0000000000
5165 -1751.0000000000
5171 -1741.0000000000
5559 -1736.0000000000
5575 -1730.0000000000
5583 -1725.0000000000
5973 -1703.0000000000
7527 -1702.0000000000
7529 -1694.0000000000
7547 -1690.0000000000
7921 -1681.0000000000
7933 -1675.0000000000
9125 -1663.0000000000
9931 -1660.0000000000
10296 -2274.0000000000
evaluations raw_y
1 -1956.0000000000
2 -1952.0000000000
6 -1951.0000000000
7 -1936.0000000000
15 -1915.0000000000
30 -1909.0000000000
411 -1902.0000000000
413 -1891.0000000000
813 -1871.0000000000
1209 -1869.0000000000
1229 -1858.0000000000
1585 -1857.0000000000
1591 -1856.0000000000
1617 -1851.0000000000
1627 -1843.0000000000
1997 -1840.0000000000
2009 -1822.0000000000
2381 -1816.0000000000
2389 -1807.0000000000
2393 -1792.0000000000
2783 -1778.0000000000
3185 -1770.0000000000
3571 -1759.0000000000
3975 -1755.0000000000
3997 -1744.0000000000
4365 -1741.0000000000
4371 -1730.0000000000
5163 -1727.0000000000
5553 -1726.0000000000
5563 -1719.0000000000
5575 -1717.0000000000
5955 -1711.0000000000
5963 -1703.0000000000
6355 -1700.0000000000
6367 -1694.0000000000
6373 -1673.0000000000
7531 -1667.0000000000
7929 -1658.0000000000
8333 -1656.0000000000
8739 -1655.0000000000
8743 -1654.0000000000
8753 -1649.0000000000
9113 -1624.0000000000
9505 -1618.0000000000
9905 -1617.0000000000
10296 -2292.0000000000
evaluations raw_y
1 -1925.0000000000
5 -1908.0000000000
28 -1902.0000000000
401 -1891.0000000000
801 -1889.0000000000
811 -1873.0000000000
829 -1868.0000000000
1211 -1837.0000000000
1591 -1811.0000000000
2013 -1807.0000000000
2405 -1797.0000000000
2781 -1779.0000000000
3173 -1762.0000000000
3569 -1752.0000000000
3585 -1744.0000000000
3981 -1741.0000000000
4357 -1733.0000000000
4375 -1730.0000000000
4759 -1725.0000000000
4789 -1721.0000000000
5155 -1708.0000000000
5547 -1689.0000000000
6343 -1686.0000000000
6361 -1679.0000000000
6757 -1675.0000000000
7129 -1662.0000000000
7527 -1653.0000000000
7549 -1652.0000000000
7933 -1642.0000000000
8319 -1640.0000000000
8335 -1637.0000000000
8349 -1635.0000000000
8715 -1629.0000000000
9919 -1622.0000000000
10296 -2279.0000000000
evaluations raw_y
1 -1998.0000000000
2 -1947.0000000000
10 -1933.0000000000
11 -1923.0000000000
19 -1872.0000000000
399 -1845.0000000000
803 -1840.0000000000
825 -1828.0000000000
831 -1823.0000000000
1189 -1815.0000000000
1607 -1792.0000000000
1999 -1784.0000000000
2391 -1759.0000000000
2789 -1753.0000000000
3575 -1747.0000000000
3593 -1743.0000000000
3977 -1731.0000000000
4361 -1728.0000000000
4365 -1717.0000000000
4767 -1714.0000000000
5151 -1713.0000000000
5161 -1710.0000000000
5169 -1707.0000000000
5549 -1706.0000000000
5559 -1701.0000000000
5943 -1691.0000000000
5947 -1687.0000000000
5963 -1686.0000000000
6351 -1685.0000000000
6355 -1674.0000000000
6357 -1670.0000000000
6749 -1655.0000000000
7143 -1642.0000000000
7525 -1633.0000000000
7921 -1632.0000000000
7945 -1630.0000000000
8319 -1617.0000000000
8745 -1601.0000000000
9931 -1599.0000000000
10296 -2308.0000000000
evaluations raw_y
1 -1946.0000000000
6 -1939.0000000000
8 -1925.0000000000
407 -1921.0000000000
413 -1906.0000000000
811 -1904.0000000000
821 -1903.0000000000
1201 -1867.0000000000
1211 -1865.0000000000
1585 -1857.0000000000
1601 -1855.0000000000
1989 -1852.0000000000
1999 -1851.0000000000
2391 -1841.0000000000
2399 -1835.0000000000
2401 -1829.0000000000
2773 -1825.0000000000
2805 -1808.0000000000
3579 -1804.0000000000
3607 -1798.0000000000
3969 -1792.0000000000
4361 -1775.0000000000
4757 -1772.0000000000
5157 -1765.0000000000
5565 -1747.0000000000
6733 -1746.0000000000
6739 -1744.0000000000
6749 -1739.0000000000
7131 -1737.0000000000
7153 -1733.0000000000
7167 -1730.0000000000
7525 -1726.0000000000
7529 -1717.0000000000
7531 -1706.0000000000
7925 -1702.0000000000
7961 -1701.0000000000
8317 -1698.0000000000
8713 -1697.0000000000
8729 -1696.0000000000
8735 -1686.0000000000
9119 -1685.0000000000
9139 -1683.0000000000
9145 -1681.0000000000
9507 -1672.0000000000
9901 -1671.0000000000
9925 -1666.0000000000
9937 -1663.0000000000
10296 -2264.0000000000
evaluations raw_y
1 -1936.0000000000
6 -1927.0000000000
9 -1914.0000000000
26 -1908.0000000000
413 -1894.0000000000
419 -1873.0000000000
801 -1865.0000000000
815 -1851.0000000000
1205 -1839.0000000000
1209 -1815.0000000000
1591 -1813.0000000000
1995 -1805.0000000000
2005 -1799.0000000000
2395 -1797.0000000000
2417 -1785.0000000000
3169 -1782.0000000000
3175 -1763.0000000000
3593 -1758.0000000000
3981 -1745.0000000000
4359 -1734.0000000000
4777 -1731.0000000000
5159 -1730.0000000000
5167 -1728.0000000000
5177 -1713.0000000000
5961 -1708.0000000000
6351 -1701.0000000000
6373 -1700.0000000000
6753 -1699.0000000000
6767 -1693.0000000000
7157 -1680.0000000000
7925 -1674.0000000000
8325 -1656.0000000000
8727 -1655.0000000000
8749 -1654.0000000000
9113 -1653.0000000000
9545 -1652.0000000000
9911 -1649.0000000000
9917 -1642.0000000000
10296 -2287.0000000000
evaluations raw_y
1 -1962.0000000000
2 -1934.0000000000
11 -1888.0000000000
401 -1851.0000000000
817 -1847.0000000000
1189 -1819.0000000000
1603 -1814.0000000000
1615 -1811.0000000000
1989 -1808.0000000000
2379 -1801.0000000000
2411 -1800.0000000000
2787 -1775.0000000000
3197 -1753.0000000000
3963 -1746.0000000000
4391 -1745.0000000000
4761 -1744.0000000000
4773 -1743.0000000000
4783 -1735.0000000000
5549 -1724.0000000000
5941 -1701.0000000000
7525 -1700.0000000000
7541 -1698.0000000000
7549 -1687.0000000000
7955 -1685.0000000000
8351 -1684.0000000000
8353 -1676.0000000000
8723 -1670.0000000000
8755 -1667.0000000000
9125 -1660.0000000000
9513 -1656.0000000000
9527 -1654.0000000000
9909 -1650.0000000000
10296 -2278.0000000000
evaluations raw_y
1 -1963.0000000000
3 -1937.0000000000
4 -1900.0000000000
399 -1886.0000000000
795 -1878.0000000000
797 -1857.0000000000
1193 -1851.0000000000
1195 -1843.0000000000
1589 -1828.0000000000
1617 -1819.0000000000
2397 -1811.0000000000
2775 -1810.0000000000
2779 -1807.0000000000
2791 -1792.0000000000
2805 -1780.0000000000
3175 -1763.0000000000
3601 -1745.0000000000
3997 -1741.0000000000
4369 -1724.0000000000
4753 -1707.0000000000
5553 -1704.0000000000
5947 -1689.0000000000
6361 -1686.0000000000
6739 -1679.0000000000
6757 -1673.0000000000
6763 -1672.0000000000
7131 -1663.0000000000
7145 -1661.0000000000
7147 -1657.0000000000
7545 -1645.0000000000
7931 -1636.0000000000
8753 -1632.0000000000
9133 -1631.0000000000
9149 -1620.0000000000
9931 -1610.0000000000
10296 -2290.0000000000
evaluations raw_y
1 -1993.0000000000
2 -1964.0000000000
5 -1942.0000000000
7 -1928.0000000000
26 -1919.0000000000
33 -1889.0000000000
397 -1878.0000000000
413 -1859.0000000000
797 -1858.0000000000
833 -1853.0000000000
1197 -1830.0000000000
1587 -1796.0000000000
2389 -1787.0000000000
2419 -1776.0000000000
2813 -1774.0000000000
3185 -1773.0000000000
3187 -1752.0000000000
3585 -1751.0000000000
3971 -1747.0000000000
3997 -1736.0000000000
4759 -1715.0000000000
5187 -1708.0000000000
5971 -1691.0000000000
7941 -1686.0000000000
7959 -1685.0000000000
8325 -1684.0000000000
8347 -1681.0000000000
8353 -1673.0000000000
9111 -1669.0000000000
9123 -1664.0000000000
9129 -1663.0000000000
9143 -1662.0000000000
9517 -1654.0000000000
9917 -1641.0000000000
10296 -2261.0000000000
evaluations raw_y
1 -1975.0000000000
2 -1937.0000000000
3 -1935.0000000000
5 -1928.0000000000
40 -1920.0000000000
397 -1907.0000000000
411 -1905.0000000000
419 -1902.0000000000
425 -1876.0000000000
793 -1863.0000000000
1201 -1854.0000000000
1213 -1849.0000000000
1593 -1846.0000000000
1621 -1835.0000000000
1981 -1825.0000000000
1997 -1796.0000000000
2379 -1790.0000000000
2791 -1788.0000000000
3187 -1782.0000000000
3197 -1778.0000000000
3597 -1775.0000000000
3607 -1774.0000000000
3967 -1771.0000000000
3999 -1754.0000000000
4753 -1740.0000000000
5557 -1736.0000000000
5961 -1734.0000000000
5971 -1733.0000000000
5973 -1727.0000000000
6359 -1723.0000000000
6363 -1721.0000000000
6775 -1715.0000000000
7143 -1714.0000000000
7167 -1706.0000000000
7541 -1699.0000000000
7931 -1698.0000000000
8729 -1696.0000000000
8733 -1685.0000000000
9903 -1684.0000000000
9911 -1683.0000000000
9929 -1678.0000000000
10296 -1701.0000000000
evaluations raw_y
1 -1952.0000000000
2 -1913.0000000000
397 -1878.0000000000
827 -1840.0000000000
1229 -1835.0000000000
1585 -1804.0000000000
2017 -1795.0000000000
2391 -1793.0000000000
2397 -1792.0000000000
2789 -1789.0000000000
2791 -1779.0000000000
2805 -1775.0000000000
2809 -1774.0000000000
3173 -1767.0000000000
3191 -1752.0000000000
3567 -1750.0000000000
3595 -1743.0000000000
4003 -1734.0000000000
4399 -1722.0000000000
5173 -1719.0000000000
5181 -1712.0000000000
5559 -1710.0000000000
5583 -1707.0000000000
5941 -1705.0000000000
5949 -1702.0000000000
5953 -1701.0000000000
6337 -1698.0000000000
6339 -1697.0000000000
6347 -1690.0000000000
7135 -1688.0000000000
7149 -1674.0000000000
7563 -1673.0000000000
7921 -1664.0000000000
7933 -1661.0000000000
7953 -1660.0000000000
8321 -1655.0000000000
8737 -1640.0000000000
9149 -1637.0000000000
9505 -1630.0000000000
10296 -1636.0000000000
evaluations raw_y
1 -2005.0000000000
2 -1946.0000000000
3 -1936.0000000000
18 -1930.0000000000
25 -1911.0000000000
36 -1898.0000000000
411 -1884.0000000000
421 -1874.0000000000
813 -1847.0000000000
1195 -1844.0000000000
1207 -1829.0000000000
1591 -1821.0000000000
2001 -1815.0000000000
2017 -1810.0000000000
2393 -1802.0000000000
2395 -1797.0000000000
2795 -1786.0000000000
2801 -1751.0000000000
3587 -1738.0000000000
4385 -1723.0000000000
4779 -1720.0000000000
4791 -1710.0000000000
5943 -1706.0000000000
5945 -1702.0000000000
6337 -1671.0000000000
6739 -1655.0000000000
7161 -1654.0000000000
7527 -1641.0000000000
7921 -1635.0000000000
8731 -1631.0000000000
9527 -1623.0000000000
10296 -2288.0000000000
evaluations raw_y
1 -1995.0000000000
2 -1976.0000000000
3 -1957.0000000000
11 -1946.0000000000
13 -1919.0000000000
15 -1913.0000000000
399 -1910.0000000000
405 -1899.0000000000
795 -1897.0000000000
797 -1867.0000000000
1189 -1866.0000000000
1215 -1864.0000000000
1217 -1853.0000000000
1587 -1835.0000000000
1593 -1828.0000000000
1983 -1825.0000000000
1997 -1810.0000000000
2009 -1797.0000000000
2011 -1792.0000000000
2389 -1767.0000000000
2783 -1764.0000000000
2801 -1757.0000000000
3191 -1745.0000000000
3973 -1736.0000000000
4381 -1728.0000000000
4767 -1725.0000000000
4769 -1712.0000000000
5151 -1710.0000000000
5167 -1708.0000000000
5545 -1693.0000000000
5565 -1676.0000000000
6337 -1675.0000000000
6737 -1664.0000000000
7149 -1656.0000000000
7151 -1652.0000000000
7531 -1650.0000000000
7533 -1644.0000000000
8335 -1641.0000000000
8743 -1638.0000000000
8745 -1633.0000000000
9119 -1622.0000000000
9519 -1618.0000000000
9929 -1614.0000000000
10296 -1646.0000000000
evaluations raw_y
1 -1948.0000000000
4 -1934.0000000000
5 -1884.0000000000
415 -1870.0000000000
813 -1861.0000000000
815 -1846.0000000000
827 -1841.0000000000
1207 -1827.0000000000
1591 -1820.0000000000
1615 -1817.0000000000
1621 -1816.0000000000
1981 -1813.0000000000
1985 -1793.0000000000
2385 -1773.0000000000
2785 -1765.0000000000
2791 -1757.0000000000
3963 -1738.0000000000
4357 -1727.0000000000
4771 -1726.0000000000
4785 -1724.0000000000
5151 -1710.0000000000
5549 -1701.0000000000
5979 -1692.0000000000
6759 -1688.0000000000
6769 -1676.0000000000
7531 -1673.0000000000
7559 -1660.0000000000
7947 -1653.0000000000
8327 -1643.0000000000
8735 -1636.0000000000
9127 -1633.0000000000
9529 -1629.0000000000
9531 -1620.0000000000
9901 -1615.0000000000
10296 -1663.0000000000
evaluations raw_y
1 -1933.0000000000
12 -1932.0000000000
15 -1904.0000000000
17 -1901.0000000000
417 -1898.0000000000
419 -1895.0000000000
427 -1890.0000000000
431 -1885.0000000000
793 -1870.0000000000
1203 -1853.0000000000
1587 -1850.0000000000
1589 -1822.0000000000
2003 -1814.0000000000
2383 -1803.0000000000
2391 -1799.0000000000
2783 -1792.0000000000
3171 -1771.0000000000
3565 -1768.0000000000
3607 -1751.0000000000
4001 -1750.0000000000
4359 -1745.0000000000
4385 -1739.0000000000
4785 -1728.0000000000
5553 -1727.0000000000
5555 -1713.0000000000
5943 -1709.0000000000
6339 -1704.0000000000
6347 -1667.0000000000
7535 -1654.0000000000
7931 -1646.0000000000
8323 -1645.0000000000
8723 -1644.0000000000
9517 -1636.0000000000
9909 -1629.0000000000
10296 -2290.0000000000
evaluations raw_y
1 -2007.0000000000
2 -1930.0000000000
6 -1890.0000000000
397 -1889.0000000000
403 -1885.0000000000
795 -1871.0000000000
1215 -1856.0000000000
1585 -1839.0000000000
2391 -1837.0000000000
2393 -1818.0000000000
2779 -1814.0000000000
3189 -1805.0000000000
3203 -1800.0000000000
3575 -1795.0000000000
3603 -1790.0000000000
3963 -1782.0000000000
3965 -1779.0000000000
4361 -1772.0000000000
4379 -1750.0000000000
5179 -1747.0000000000
5547 -1743.0000000000
5955 -1726.0000000000
6349 -1721.0000000000
6741 -1710.0000000000
7145 -1703.0000000000
7533 -1697.0000000000
7945 -1674.0000000000
8735 -1672.0000000000
9137 -1669.0000000000
9513 -1668.0000000000
9927 -1657.0000000000
10296 -1687.0000000000
evaluations raw_y
1 -1947.0000000000
6 -1913.0000000000
399 -1909.0000000000
411 -1874.0000000000
815 -1868.0000000000
821 -1864.0000000000
1199 -1837.0000000000
1625 -1832.0000000000
1995 -1828.0000000000
2001 -1813.0000000000
2023 -1810.0000000000
2385 -1809.0000000000
2781 -1803.0000000000
2793 -1795.0000000000
3191 -1789.0000000000
3585 -1785.0000000000
3599 -1779.0000000000
4365 -1759.0000000000
4775 -1750.0000000000
5175 -1745.0000000000
5549 -1735.0000000000
6337 -1717.0000000000
6759 -1715.0000000000
7137 -1711.0000000000
7169 -1710.0000000000
7547 -1709.0000000000
7923 -1704.0000000000
7933 -1703.0000000000
8327 -1691.0000000000
8713 -1687.0000000000
9151 -1681.0000000000
9523 -1663.0000000000
9911 -1660.0000000000
10296 -2243.0000000000
evaluations raw_y
1 -1954.0000000000
4 -1952.0000000000
9 -1932.0000000000
13 -1921.0000000000
29 -1916.0000000000
403 -1909.0000000000
407 -1904.0000000000
421 -1897.0000000000
803 -1891.0000000000
809 -1886.0000000000
833 -1881.0000000000
1195 -1872.0000000000
1227 -1859.0000000000
1587 -1835.0000000000
1989 -1830.0000000000
1995 -1819.0000000000
2389 -1817.0000000000
2407 -1814.0000000000
2773 -1805.0000000000
2775 -1796.0000000000
2801 -1795.0000000000
3173 -1754.0000000000
3605 -1743.0000000000
3993 -1741.0000000000
4763 -1734.0000000000
5151 -1730.0000000000
5161 -1727.0000000000
5553 -1722.0000000000
5941 -1720.0000000000
5959 -1714.0000000000
6339 -1704.0000000000
6745 -1696.0000000000
7149 -1693.0000000000
7535 -1686.0000000000
7551 -1680.0000000000
8319 -1666.0000000000
8323 -1664.0000000000
8725 -1662.0000000000
9137 -1660.0000000000
9147 -1655.0000000000
9539 -1647.0000000000
9903 -1644.0000000000
10296 -2267.0000000000
evaluations raw_y
1 -1955.0000000000
4 -1941.0000000000
17 -1938.0000000000
30 -1926.0000000000
401 -1925.0000000000
405 -1921.0000000000
419 -1884.0000000000
803 -1874.0000000000
1201 -1873.0000000000
1593 -1855.0000000000
1983 -1850.0000000000
2001 -1848.0000000000
2007 -1845.0000000000
2385 -1822.0000000000
2387 -1803.0000000000
2793 -1801.0000000000
3171 -1796.0000000000
3183 -1783.0000000000
3211 -1774.0000000000
3573 -1756.0000000000
3987 -1753.0000000000
4367 -1750.0000000000
4755 -1748.0000000000
4765 -1737.0000000000
5167 -1733.0000000000
5181 -1732.0000000000
5549 -1718.0000000000
5575 -1713.0000000000
5979 -1706.0000000000
6359 -1696.0000000000
6373 -1694.0000000000
6747 -1691.0000000000
6763 -1687.0000000000
7139 -1679.0000000000
7165 -1678.0000000000
7545 -1651.0000000000
7939 -1648.0000000000
8335 -1645.0000000000
8725 -1631.0000000000
9111 -1629.0000000000
10296 -2277.0000000000
evaluations raw_y
1 -1955.0000000000
3 -1948.0000000000
8 -1932.0000000000
11 -1917.0000000000
23 -1909.0000000000
417 -1881.0000000000
793 -1871.0000000000
817 -1868.0000000000
1199 -1862.0000000000
1205 -1857.0000000000
1209 -1852.0000000000
1231 -1844.0000000000
1601 -1843.0000000000
1613 -1815.0000000000
2011 -1806.0000000000
2023 -1805.0000000000
2377 -1799.0000000000
2383 -1798.0000000000
2789 -1792.0000000000
2799 -1777.0000000000
3569 -1750.0000000000
4357 -1735.0000000000
5157 -1728.0000000000
5161 -1710.0000000000
5945 -1698.0000000000
5961 -1693.0000000000
6351 -1691.0000000000
6379 -1688.0000000000
6745 -1687.0000000000
6757 -1676.0000000000
6773 -1674.0000000000
7147 -1665.0000000000
7525 -1661.0000000000
7533 -1658.0000000000
7547 -1642.0000000000
7925 -1639.0000000000
8325 -1638.0000000000
8329 -1626.0000000000
9115 -1623.0000000000
9129 -1622.0000000000
9141 -1618.0000000000
9511 -1614.0000000000
9539 -1606.0000000000
10296 -1606.0000000000
evaluations raw_y
1 -1921.0000000000
8 -1879.0000000000
397 -1854.0000000000
421 -1851.0000000000
809 -1827.0000000000
1219 -1823.0000000000
1595 -1794.0000000000
1987 -1788.0000000000
1995 -1785.0000000000
2009 -1774.0000000000
2377 -1769.0000000000
2413 -1767.0000000000
2795 -1765.0000000000
2797 -1750.0000000000
3575 -1740.0000000000
3967 -1732.0000000000
3989 -1728.0000000000
4383 -1723.0000000000
4755 -1722.0000000000
4783 -1719.0000000000
4795 -1714.0000000000
5547 -1710.0000000000
5549 -1708.0000000000
5577 -1703.0000000000
5943 -1701.0000000000
6339 -1699.0000000000
7157 -1698.0000000000
7161 -1697.0000000000
7163 -1682.0000000000
7549 -1677.0000000000
7557 -1676.0000000000
7925 -1661.0000000000
8341 -1659.0000000000
8353 -1649.0000000000
9111 -1643.0000000000
9115 -1640.0000000000
9513 -1635.0000000000
10296 -1642.0000000000
evaluations raw_y
1 -1977.0000000000
4 -1938.0000000000
10 -1923.0000000000
16 -1922.0000000000
22 -1909.0000000000
411 -1880.0000000000
797 -1875.0000000000
823 -1862.0000000000
1193 -1839.0000000000
2007 -1827.0000000000
2023 -1826.0000000000
2393 -1824.0000000000
2395 -1819.0000000000
2401 -1814.0000000000
2417 -1803.0000000000
2783 -1783.0000000000
2813 -1782.0000000000
3183 -1760.0000000000
4361 -1753.0000000000
4363 -1752.0000000000
4367 -1749.0000000000
4771 -1734.0000000000
4785 -1731.0000000000
5159 -1728.0000000000
5547 -1723.0000000000
5553 -1707.0000000000
5961 -1690.0000000000
6751 -1684.0000000000
7131 -1674.0000000000
7555 -1671.0000000000
7937 -1667.0000000000
8317 -1663.0000000000
8323 -1659.0000000000
8727 -1655.0000000000
8745 -1646.0000000000
9149 -1644.0000000000
9535 -1642.0000000000
9909 -1640.0000000000
10296 -1668.0000000000
