evaluations raw_y
1 717981.2316156036
4 733141.7853737208
429 739113.1387255252
793 739937.4019314530
1205 742255.2528723711
1209 752861.5869194580
1609 762519.0676467677
2015 767213.7701926755
2391 767913.8721994831
2781 769320.9342082036
2783 774257.4742376986
3175 775410.7316536420
3569 779393.1965711206
3599 780668.9202121125
3969 780924.3788422524
3983 782104.6186527712
3999 788229.2501751379
4357 793694.4869334802
4765 805076.5515912642
5979 810578.7108595929
7149 812360.9615376794
7535 816397.6915484057
7933 820111.6404277431
8723 820330.7487545330
8743 825221.4988814627
9135 825683.7712459698
9145 828795.9954433021
9149 832090.9408056403
9901 834000.2085461766
10296 819428.0055872923
evaluations raw_y
1 670995.1012874159
2 676130.2303635062
3 682165.2462828824
5 695063.0374029258
8 701308.0476010273
14 701928.5270886814
17 725336.6572843656
405 728642.6052924714
797 738427.7943519200
1205 740702.5787615734
1207 750244.0693646644
1589 754253.4981285945
1997 763598.2595661440
2391 769703.6505880672
2395 773416.2314866845
2785 773980.5806690581
3177 776855.2260179652
3187 777549.8325298487
3573 778604.3105305998
3579 779459.4800965451
3587 783680.2349856608
3971 785026.9783272756
4357 797542.7436282280
4757 799566.4084255028
4781 799639.8528690819
5151 799698.7517559590
5157 810942.5873435423
6353 817197.5184696114
6765 818091.8608514665
7165 819581.1594564847
7531 820175.0037680658
7539 825138.6734370284
8341 826416.7068838100
8717 828094.0242209168
8751 834551.6623472332
9121 835540.8993843865
9145 836781.0292227558
9935 839245.8011290524
9939 842041.7823892016
10296 833375.1081987944
evaluations raw_y
1 661718.3083121530
2 672645.9161449657
3 678298.4496811297
8 709005.2789071872
14 715847.1348862523
36 719145.3416864622
40 728809.7541065506
403 738670.9739576207
793 740475.7461025995
827 742350.2133941029
1189 744483.0366343901
1193 747403.8083088219
1197 748112.0360211631
1199 753674.3282058312
1213 754459.6510095507
1229 755151.5636156425
1589 759895.8466509359
1595 771953.2429816026
1999 774987.6744189034
2003 777211.3502190454
2013 778833.8573067305
2377 784654.1971307943
2379 786463.8031135235
2401 786466.4872696800
2781 786971.9249166695
2783 793474.9000938558
2799 796019.2209928411
3201 797277.9429240229
3569 798479.8974993285
3575 798908.4494608801
3597 801096.6070463605
3973 807552.8258299030
4367 816719.8266667222
4789 818061.3599964454
5163 821640.7385010362
5569 826801.9972115245
5955 828037.9244186955
5961 830117.9976719776
6341 835529.9023069077
6379 836530.4448674531
6761 837775.4698509928
7129 840535.9607593910
7135 842125.1277215501
7529 845958.2562702091
7923 854953.7210817460
8321 858524.9071195305
8747 859663.5155632352
9521 862678.3540093817
9917 863098.4128905258
10296 513826.4004035821
evaluations raw_y
1 716074.1016877302
6 736720.6882369310
811 737091.7184109942
823 737127.5781890791
1191 737972.9863449385
1193 741301.1302012984
1195 746875.0536951043
1223 748413.0116529759
1597 759619.1601764713
1983 761690.9131926605
1991 764435.8429433423
1999 766547.8152248251
2023 766574.1428151870
2379 767701.7784278964
2401 768752.2465590928
2413 769319.3108886079
2779 769433.9970466682
2781 772947.3449592009
3193 777422.4519616948
3597 777651.0087153531
3601 779149.4547577432
3967 783810.5094130086
4395 784932.0828508982
4761 790242.6237815353
4783 792696.9213058855
5183 794116.3676532930
5945 794719.0749722980
5949 795507.1884182604
5955 797207.6538933450
5975 797421.8020270364
6341 800168.8521495258
6355 801827.3586281863
6359 806418.6984500036
6739 810301.3565136773
6759 815840.8293408065
7145 820955.0216885144
7543 825941.5751256965
7925 826127.4821993170
7951 836784.4969675285
8741 836816.4095631362
8747 838090.3773780132
9111 839790.9486120639
9541 840684.0235492156
10296 831944.2878947593
evaluations raw_y
1 693271.8657963247
4 704794.4171284792
30 710894.4786571908
405 713369.6804168690
413 724525.2094445530
793 725702.4000254230
1191 742999.8602363409
1983 745365.4751549284
2021 750370.6303576365
2393 756277.7695737501
2779 757810.2107912429
2783 763807.1840934663
2799 766950.7135378141
3179 767856.2005446071
3191 775868.2203057139
3971 778928.1569063780
3995 782534.9375276599
4377 785150.0264504896
4753 790109.3372920533
5149 791445.8417235696
5167 793398.7366387340
5553 804069.6046704410
5959 812427.3240802045
7137 816218.0799322393
7153 816332.7320003739
7169 817123.3502094147
7527 817482.4630568946
7549 817849.7662941988
7561 827594.9107684358
9109 828106.7581069520
9111 830572.9312664411
9115 832084.1393368368
9509 839846.4427134019
9547 840190.2881889893
10296 533949.0381408770
evaluations raw_y
1 659982.6275749530
2 696565.9394402117
12 699272.2584417028
15 702382.8504648793
18 705121.7507115961
19 707403.9107716545
34 709302.4221633717
41 710812.4014125853
397 720883.6181454724
399 723738.4731699654
799 737720.7403212509
1587 740403.4814335628
1597 749130.1100384659
1989 758621.0453919235
2405 760296.5199361729
2415 760686.8932955994
2789 767230.7272145660
3175 779772.0259629372
3177 781812.7515724958
3575 784407.1285081870
3981 785583.6806952271
3997 788747.0109804760
4387 788786.2669662969
4399 792304.3355551504
5153 797145.8634364336
5573 806046.2796352359
5951 806306.8056382141
6353 811326.1218566839
6739 813241.5401257733
6741 814407.4574528356
6745 815102.4022247890
7133 819907.8855787625
7151 822329.5576119447
7169 824738.3944944594
7551 825202.5125658982
7941 833907.7909398408
8719 835761.9114511432
9115 837853.9189200635
9123 841366.3457730893
9539 849796.7570633014
9925 850278.8987408929
10296 839563.3681381322
evaluations raw_y
1 687636.5910468838
3 700242.9677515796
8 708436.7821701120
9 715175.4021727390
23 718829.1760087311
405 723123.2232304108
409 732186.3522422726
799 755211.5483633403
1189 757882.0757119654
1229 758220.3024172868
1597 767923.8173435089
2377 777148.7380344471
2395 778839.5853228616
2789 779172.9721053822
2795 783537.3337356239
2815 787990.7319962868
3177 795934.4344088963
3977 797134.7539310677
4001 800758.1928463541
4779 803219.0415393711
5553 803315.8744959228
5555 812049.6386967439
5573 814794.4768338006
5947 814882.6999937694
5951 820466.8554701935
6351 821839.7157588861
6745 825563.8194932876
7145 827758.6236874792
7161 830538.7531125360
7533 831031.7082295711
7547 831439.9806330944
7921 834391.6744218830
7939 835436.5741745087
8323 836838.3849956274
8741 839559.1669221426
9511 841771.4847648309
9541 845988.1541757677
9911 846677.6750474893
10296 834595.8544002364
evaluations raw_y
1 693642.3337013997
6 715922.2021350712
20 723114.2416386473
425 725249.9998355418
803 725636.0861128384
805 728896.5632813351
807 730987.2422472383
817 734246.0697225799
835 736795.3511509881
1191 737179.6165951862
1207 743851.6627095393
1591 753593.3790369121
1593 761516.8814935524
1993 762987.2618932457
2397 770660.5565228369
2779 776448.3016782753
3193 787377.0429715049
3591 788638.2111676042
3977 791181.8390790897
3991 791859.0419569772
4357 792862.6645194207
4391 792967.3728266091
4773 793638.4756003229
4779 805787.0388925638
5155 807936.4260677735
5159 810083.6861810751
5577 818446.4202660241
5955 819023.8087304961
5983 819546.6773976844
6361 826314.9097189736
6739 828773.7824134250
7141 832299.1279395147
7931 832817.0716795728
8715 832857.9284591036
8717 834136.0800518236
8727 835036.0721526634
9115 842333.2327293113
9127 847263.7823518942
9537 854455.8593753757
10296 841673.3778959071
evaluations raw_y
1 712085.7216487890
17 713093.5792902983
23 716693.0825674388
30 730658.4225278106
429 731130.6593230340
799 735711.7317585285
803 744378.0139115277
1195 753808.2004151094
1621 753866.5027920895
1991 768185.8420470480
2409 771065.4826969360
2803 777113.5432699436
3569 782531.7174264411
3593 787717.4345597939
3963 788354.7844196501
3987 789518.6914049466
3999 792973.0636745103
4361 797191.7787148362
4391 797303.4346465644
4757 803520.5271209761
4785 807004.4393071719
5163 807597.6730935060
5167 807871.3548908797
5549 812340.3841360224
5961 813252.9072368658
5981 813927.7381423961
6339 814102.9497316799
6341 816733.3524700346
6351 821793.5586199327
6373 824830.0144992153
6745 829505.7480119327
6747 832628.0772512048
7137 832629.6901570936
7145 835528.7374794433
7153 840347.3681991640
7929 841871.1782579294
8331 842076.8855942932
8333 849674.0207945743
8345 851499.2497798003
8747 855503.1898732590
9121 856951.0106502589
9135 858062.9517995670
9505 865413.2723580216
10296 510108.9232444045
evaluations raw_y
1 688860.5010694086
3 731959.4353667570
397 734827.8631404656
793 740012.5973195473
819 740525.4184676877
821 752636.8592357977
1189 760505.3266954245
1607 762197.1736363420
1619 765720.5185945418
1987 776880.2307730095
2407 778686.2759467646
2777 785263.7034680590
3179 788154.4302571196
3189 789258.7561543044
3207 796285.1255657439
3567 799206.4243207567
3975 802179.8955776556
4361 802810.0661928075
4371 803354.9902729647
4757 804548.2245607189
4763 805705.1099660767
5157 809483.0453889892
5169 810428.7128558735
5189 813005.3354062572
5547 819307.0990278444
5983 821630.6759864837
6349 823127.2757059723
6369 824440.8252419630
6745 827841.0418044516
7151 828122.3218685170
7535 832842.8675623521
7539 833001.6343107652
7939 833684.7670392888
7947 836168.4038594729
8329 836888.8346375239
8731 839549.9713637668
9121 840917.9640457240
9125 840997.8952354823
9127 847283.8115578017
9545 849545.2781932291
9911 850679.9076292110
10296 838590.5602847979
evaluations raw_y
1 682495.9985663395
2 683530.0517390600
3 696898.3248818145
7 709558.9915215881
8 718934.3821107124
403 721362.4560371381
405 723542.5562040270
423 723666.9957415949
433 729237.6644648042
803 730973.0901468754
807 732248.6270695479
1191 735865.5793300845
1203 737672.8606984527
1215 747215.8966639151
1987 747295.5873216472
1995 749218.3671604459
2377 749268.6522516984
2381 750670.2455225433
2385 756808.7363595765
2775 758003.6143688211
2805 758902.2815560675
3173 760601.3472133016
3191 762018.6880543182
3205 762518.5639694553
3207 764093.1855685127
3211 766651.3051278961
3565 768342.3164631702
3577 774661.2837648040
3581 780057.6785241789
3983 792743.7925535196
4377 793285.8386437454
4395 804873.4390908984
4761 807856.5280677798
5157 808132.0195081128
5161 810135.0419258567
5561 813318.1785071283
5943 815341.0033550304
5969 818192.9609583556
6357 820069.7386938160
7149 830282.3565442901
8329 833017.1705786352
8347 834189.9941326312
8349 838414.5962565612
9135 839393.1006394431
9507 847862.7175666232
10296 538011.3156391579
evaluations raw_y
1 693390.0448067939
2 696831.0986922485
12 709898.8358056163
23 711406.3862247431
26 721042.8194042669
399 722203.8750276708
409 723326.2718637739
415 731469.5198431172
795 731855.5344334691
807 745715.1115005837
1195 747620.7871131042
1585 749452.9693957740
1599 749529.7445860623
1607 756251.2040630874
1611 759794.3240898295
1983 761257.3864074359
2019 766102.5483982221
2379 773442.1962038522
2773 777449.8188507428
2783 783299.6203281003
2809 784939.1822099470
3567 785613.2664161910
3961 786942.4292574460
3963 794356.4485388920
4369 796073.8324425929
4389 796095.1884632726
4755 796179.2229987178
4789 796278.7686822555
4791 797983.2922108871
5167 804995.8497671311
5545 807543.5269108544
5571 812379.3846914809
5955 813448.4084930904
6341 813452.7256866747
6343 815367.7011523027
6365 819144.1367700509
6375 821377.2099284028
6737 825569.2176205586
6771 828809.6927677303
7139 829130.5719289421
7529 832443.5125949540
7531 832493.2631617340
7539 832922.1261746743
7935 839173.6017216375
8341 839811.8606191925
8749 842567.2704449256
9109 846185.6827640034
9521 847338.5734232666
9529 851523.8261952068
9901 853807.7525558715
10296 840548.4565796850
evaluations raw_y
1 698849.5166564303
8 704995.1487448849
14 713900.7613511753
31 723631.3184691672
431 728613.9722651818
795 729216.2251178978
805 745804.7204785555
825 746718.6328568538
1603 749585.3097949002
1983 750521.2782131538
1985 751012.4399508769
1995 752969.5205857912
2021 753120.1638279621
2385 765604.7550569947
2403 765765.6982053895
3183 766166.1434390265
3189 774391.8503234350
3607 778664.1182205718
4377 779971.9793950781
4389 787947.9645474697
4757 794164.8684181668
5187 794248.3970846798
5573 796871.1479897643
5581 798901.0666006678
5955 799584.8214351072
5967 805310.9070749099
6343 809196.6301081178
6353 809561.3314162852
6367 811218.6007769703
6751 812513.1813820978
6753 819979.4478238113
7525 821429.4500532526
7563 824738.3171966412
7923 832687.3765318831
8729 836127.2124922825
8735 837111.9556601612
9113 837931.1773227701
9125 839262.4912713364
9509 839919.1876901675
9529 843070.7228444190
10296 541362.6004896894
evaluations raw_y
1 676413.1448104462
2 696417.9826849821
14 704674.0669936776
25 711708.0560822705
39 713603.5462461532
397 722553.2168002067
401 723935.3753112222
795 725206.0967630660
797 733687.4952664311
1199 733955.8205816267
1201 740396.5625953089
1213 745799.2981065629
1997 747064.1570904768
1999 753744.4636217066
2009 761897.7495638615
2399 763417.5797304285
2411 763597.2797758159
2773 769610.9497499614
2781 772373.4761440444
3169 774299.5183804339
3201 781184.5289022429
3969 783834.3156768179
3983 789415.8383251164
4359 792514.2276290598
4397 795473.9814079520
4767 799344.6938507222
5561 803940.7741181492
6355 804383.8414193613
6363 804815.8820785042
6735 806663.0791077967
6743 814274.2766960007
7143 814292.7425306558
7147 816509.5677162100
7561 818587.9603846776
7943 821919.1639160162
7959 824578.4635321085
8319 827126.1988467373
9125 829473.4537816368
9509 832112.3376742862
9911 833435.9502476179
9939 833505.2829058537
10296 545740.2402101288
evaluations raw_y
1 685600.5174622344
3 686279.2158244171
4 711258.3099679218
28 711720.7500726652
30 723217.7864481923
421 729424.4947560817
793 747580.7047748080
1199 748356.2674068378
1589 748955.1495751040
1995 750029.6607668540
2001 765461.2823527657
2413 766874.9321684159
2783 774116.0924780682
2791 776938.5407964792
3171 781031.4604044098
3173 785102.0687059744
3573 789793.6415475298
3983 793276.6307114296
4363 794926.4134088713
4365 795741.2450030873
4377 806541.7221979697
4779 806893.1824322538
5179 809164.3532397015
5549 810861.3060512746
5941 815320.0579834596
6739 821295.9169654640
7527 821540.3577092472
7543 824656.6680768296
7553 825086.4918658618
7559 826469.0184216776
7953 829273.0106748269
8347 837934.4427417667
9545 838709.0913955179
9909 838736.6340279689
10296 538431.0105361225
evaluations raw_y
1 702907.8707357673
3 705177.0739713713
10 716870.9077708182
40 719259.4488318762
423 720471.3012740301
437 722138.0236878309
439 724688.5169901904
801 734603.2014408360
1203 746257.2215512914
1599 748947.4706186082
1615 752461.1347455408
1987 753242.7718757337
1999 768944.6810954300
2791 783841.9830006449
3567 790100.3855944129
3991 795037.0168846505
4365 796522.5599073340
4375 799254.5128985414
4763 804433.2582792224
5155 808452.5411628112
5547 808566.7963392445
5555 812594.1960663970
5967 814328.9287943954
5971 816735.3501313102
6733 818604.6578869682
6753 820414.3032362548
6761 822922.1475090907
7133 827372.0104650911
7143 828385.2237311201
7167 833654.6154853445
7933 834798.7855458250
8355 837750.7766006056
8743 838739.6655816106
9109 840227.9367604039
9131 841072.9570346610
9903 844821.9838959227
10296 836908.6048648340
evaluations raw_y
1 688212.3636849994
2 688379.1885795154
5 698462.9630394685
10 701312.2697847803
11 717733.9875411832
415 720542.7274078918
429 723743.1058020425
431 724437.8787488269
795 731197.1702160992
811 744263.7348849358
1195 754957.1731714277
1585 763696.3439157399
1599 765515.9056697033
1993 766392.9070969952
2379 766919.6147580249
2387 776887.8621467265
2393 778149.1555118009
2777 782263.4095964314
2799 782638.9702727809
3173 789489.8458289852
3591 790346.4786865327
3597 790845.3052223746
3965 795819.1792267102
3971 797050.4633197736
3989 798099.6023035554
4369 798117.7285699541
4761 800083.1639351338
4765 800795.4997779460
4767 800856.7654739366
4781 813982.0370771993
5553 821196.1404810318
5975 821892.4405960214
6355 828428.2054702787
6733 830098.9299523155
7157 833541.9670053313
7539 838121.7041039767
7941 840077.2778263739
8351 843380.1604970783
8713 843869.7726273072
8721 846434.2015854588
8753 849538.5807878879
9515 850789.2710137862
9909 852177.6457164203
10296 836638.3728345160
evaluations raw_y
1 702396.6003695688
2 704490.3943071973
28 712378.1440788284
32 715284.6803217010
40 720637.3156571437
403 723892.3463210838
409 725691.6716559712
427 742071.9608839232
801 742346.2366851883
1213 744998.8729755038
1607 756925.6954814714
1993 763826.6335305241
2415 769616.3659594989
2797 771499.6662052675
3191 779025.5959980179
3577 779580.8415301742
3591 781312.6904352631
3603 785389.6798486830
3963 802547.8752248455
5955 803066.0125409107
5969 803081.6642557767
6345 808937.2316345368
6359 812369.3612128606
6361 813545.9483319850
6753 818536.7715858314
7567 818850.2683787183
7939 819293.0366177600
8327 820957.6746642991
8343 823539.8507201077
8717 828501.9220800768
9511 828605.9121003116
9527 832988.7424331697
9533 835481.9977779132
9901 840459.5953374241
10296 545153.3967121405
evaluations raw_y
1 671992.7857954657
2 698037.3822812446
4 698761.5738412854
11 703434.1874346961
17 715408.4506363113
35 716976.4828443940
419 719072.5740954484
423 729939.7002314449
795 731918.0656146533
797 739924.7333225837
825 740522.8896211862
1189 741210.6796979407
1197 743353.6210317973
1205 749876.6398856736
1593 752646.5461854693
1599 752677.1319697588
1981 752695.9250076462
1985 759187.5959146614
2381 763058.4813618392
2391 769883.4026894942
2777 773129.6594437050
2779 777671.9333400798
3199 778471.5344031691
3591 781699.8000478835
3595 783475.3212351452
3973 783647.1819990054
4367 788661.7765480414
4777 791507.0567167896
4791 793511.8482661209
5151 796062.8596173766
6339 799039.9916906779
6341 803499.3730599150
6739 803754.3379723058
6747 804689.9570723141
7137 806432.6681813027
7139 806758.4310224253
7157 808358.1036197146
7159 808656.0134504106
7525 810303.3370930150
7531 811051.8703132140
7567 813301.9099374812
7925 821009.6394958454
8753 822716.7401726163
9121 823712.7229895063
9151 830011.8078217974
9539 834971.2065538710
9907 836816.7755049118
10296 834878.3844425334
evaluations raw_y
1 646657.2891311027
2 700869.5162520106
4 708082.3277727653
8 713253.1008036181
22 720919.9159537082
31 722607.8487732339
401 734307.0650066644
423 735764.0098732359
803 738089.3753744202
805 739470.1649603206
809 747123.1574415318
1207 755188.7283773380
1603 758682.7186533241
1613 762831.6343465626
1993 779837.8379919814
2805 780024.1622613586
2807 786491.5315616317
3171 786711.2596920910
3577 788474.5629029466
3581 788850.5615271599
3585 789593.5419726677
3965 792994.9890060457
3969 793528.1655308933
4367 800876.9313641239
4789 800905.8499404322
5159 810279.4104569977
5557 811652.7833972562
5941 817578.6908866864
5955 824061.5466770058
6747 826987.3955174258
7165 827398.9570473025
7533 829036.9747402720
7547 831913.0349278814
8347 833872.1666773886
8713 834994.9537571276
9125 838829.1187144095
9519 839880.5149562986
9939 840691.5452542208
10296 541564.8274535477
evaluations raw_y
1 692854.8665011923
2 701621.0269996327
10 704423.9828088993
11 704427.3913738991
20 723021.4671255270
405 727148.7279270890
821 732410.3802621911
827 743298.6619328626
1211 743563.9295061062
1585 743823.9804439074
1589 755949.8170250749
1983 757244.9507581538
1987 759143.7759218212
2005 765459.4022893880
2023 766058.9400003157
2379 774108.8728156087
3171 775104.9563210186
3189 792454.3325079619
3971 792690.4576422098
3989 796116.9462205553
4381 796905.3154627150
4771 797201.5035531768
4787 803928.2824306412
5151 805214.3617172008
5185 806300.2544295037
5565 806489.4652032427
5585 811282.2731052152
5587 812973.7031407716
5943 814860.7359922541
6341 823465.7618073493
6741 823769.1035557502
6743 824387.0270219786
7131 830476.5476283402
7163 832989.6981345455
7551 836479.3122115821
8329 840232.7454053299
8331 842054.5030629118
8739 843000.6735278300
9109 846853.9530245066
9129 847322.5305778588
9149 847828.0846042213
9507 849863.6013607106
9541 851939.8906502682
10296 537669.5432902941
evaluations raw_y
1 688437.4568096478
2 712773.6483279141
16 728002.1263405092
399 729546.4607907000
421 736581.4051784395
803 741713.7413750688
819 744511.9772928567
1209 762211.1915733812
1593 769310.5112106842
1999 771366.6816784322
2005 776114.5842908489
2387 777086.7710738670
2391 777465.8647349881
2401 778777.6724051113
2801 780650.4956017714
3171 785918.3108933498
3569 788489.8433601444
3575 789016.2028954636
3593 789053.8717685952
3965 791658.3535120552
3995 795912.1613700605
4357 797927.1686627989
4383 803050.1400675924
4767 803540.3623297937
5183 807435.5942565147
5549 816314.0935344271
5979 819442.4938593643
6753 825608.8639261392
7169 826612.6499288182
7527 835694.6627971492
8351 836201.9598594842
8731 837067.3067433275
9109 839408.6639370848
9515 839544.3476560939
9525 841498.1689559460
9527 845627.7807702566
9913 848244.3483274224
9925 849736.2431218554
10296 537433.8452914880
evaluations raw_y
1 706758.5275496917
3 708222.9896073863
17 712120.4872311194
26 719551.3533585706
413 725743.6734011939
437 745531.7952888912
813 745694.0496441724
815 753722.9746963158
1593 754160.9317829460
1597 756516.8791512822
1611 762461.2720583644
1981 769820.4556441692
2385 773040.8505976421
2401 777523.8116122410
2777 779541.6722427183
3169 785324.5370980933
3185 789030.8661830557
3607 792132.2286905039
3979 792927.0341516586
3999 806773.1741511603
4761 807069.5334060596
5149 809074.5371969900
5153 811625.6134230746
5559 815326.8617042690
5571 817026.9386815450
5947 821998.3870730142
6353 827524.4950263257
6753 827745.6528908064
6765 830010.5204884653
7137 832299.7213246729
7155 832396.5218293507
7545 834128.1969530912
7549 834480.0160171853
7567 837509.9127414360
7939 838150.2642505211
7947 841169.3702313944
8329 842420.6285908987
8343 849543.4515015522
9111 856029.0214496686
9921 856542.8324604237
9941 858381.5538559664
10296 851738.1295115378
evaluations raw_y
1 679275.7946855468
4 683431.4633974858
6 689559.7935654534
8 700256.9168057003
16 703167.7563890078
17 719724.6790599992
29 723106.3742874356
399 725616.2665693637
425 734785.3262199553
427 740864.4707888286
793 743831.1566246280
1203 744377.3372895748
1587 762412.0084434835
1999 764130.2441406995
2773 764358.9990529104
2793 764539.7607174626
2797 772102.3188097150
3173 780081.6869967955
3577 788637.8313827506
3979 791669.2013805422
3981 794939.5335799142
4375 798039.2518291599
4757 802579.5024812425
5155 802832.8587111579
5171 803241.3113791803
5549 804192.7020652404
5561 804533.5514229862
5941 804738.6584841349
5943 807409.2295051209
5961 809036.2616554791
6341 810744.0959142782
6379 813380.7248698304
6757 819853.5897176666
6775 820186.0853813466
7151 821619.0664121222
7561 825758.7659714830
7921 836566.3484590047
8725 838889.5197842794
9509 841098.3182554421
9905 847453.9164240783
10296 547100.9151030000
evaluations raw_y
1 694447.1583859092
3 695698.3417677515
8 718069.1385402716
26 720684.2763230361
405 726851.0921708407
413 743023.0976907879
797 747390.8646955232
1199 749120.0201952410
1213 758400.5017891068
1593 768213.0403095715
1983 774337.6786849407
2405 775367.3521769055
2773 775657.5065362643
2781 785941.4681022168
3169 793873.4008967545
3595 801054.8045548862
3973 806387.3183625112
4357 806735.2089598302
4399 808900.8152597864
5149 816627.8291166093
5555 822600.6851552618
5955 825981.0936591350
6343 836763.9524459982
7159 837001.5577801957
7529 837343.5249522350
7535 837659.5849024932
7933 840446.1896017597
7947 843920.2796196339
8347 844566.8480356071
8719 845472.3871792983
9127 845602.2350798969
9531 845683.7270198847
9545 848515.6835283387
9903 851059.2139590718
9929 854553.8099445391
10296 532372.5339141089
evaluations raw_y
1 709816.2004972683
11 717876.1389930487
22 725457.2463453610
399 732273.1266901527
403 733141.4871227198
797 738260.9075214808
815 741481.8860321528
821 744002.1557939631
1199 744336.7209794987
1201 746838.8279521028
1215 754135.2350383750
1599 757829.6825239701
1619 758780.9023019518
1981 759362.9822930525
1983 769375.7694088621
2389 773271.4477996526
2775 774415.8940435123
2791 778378.7707637727
3179 786617.9867703414
3567 786711.4543412537
3575 787125.4592920246
3603 801213.7910509938
4361 803694.7392930300
4769 810084.9664003316
5149 815156.7574729833
5549 819208.4920013162
5573 821835.9077416303
5957 827880.8947141768
6745 828169.0084232931
6761 834081.6848995492
7545 834818.4941925500
7551 834931.7000386148
7935 835267.8534259947
7939 839476.0845386960
8337 846368.0100574215
9537 848305.6163542650
9909 852633.8523202001
9917 855560.6207502349
10296 852062.6683336754
evaluations raw_y
1 700248.4819358701
2 707853.6168494836
11 714122.1001334231
399 721249.7582734649
821 730040.2663380345
1195 740369.5560530615
1981 745627.5237539962
1989 745665.4825716333
2001 752301.2751788805
2377 759351.7015677410
2781 762333.5321108415
2785 763845.4790153243
3169 767168.8275234785
3209 770528.6206609289
3577 782213.3376197232
4393 783242.6605530446
4399 790634.6979697953
4789 791041.9618355641
4791 791056.9737113782
5155 794302.2079809495
5183 795466.1776348118
5549 801272.8937108272
5561 801697.7392980468
5943 803781.6832469103
5981 804288.0604877229
6361 808281.8912055979
6743 812011.1502901433
7137 815562.4536466125
7527 816479.7840586286
7553 821412.8868895876
8745 824753.1852288020
9113 826343.3817114871
9513 829106.2471774149
9521 829715.8967196509
9541 831265.0262382629
9907 835135.2717433232
10296 542759.7395391653
evaluations raw_y
1 683469.0878533598
3 713545.4099584643
27 713638.2784748848
397 722082.7326290619
417 727380.3038808252
805 732224.5712825574
821 739048.5105591667
1213 740746.4784965715
1229 741549.0670071869
1587 742478.5075827799
1591 751754.3460154086
1595 762893.5629249492
1985 764656.7070045042
1997 769527.6250863748
2395 770412.4192730262
2409 773899.7852985716
2773 775050.6301335710
2775 787341.0033996609
3187 789822.5268333426
3599 791415.8660939148
3961 792076.3053435992
3963 795235.0792027590
4359 798194.7021129249
4375 799451.3837131170
4763 801768.9749235269
4785 802837.3019287995
5149 803658.6926229937
5173 806031.0946357170
5567 808164.4979250842
5577 809389.1457922942
5941 812281.8657556106
5959 813551.4720051276
5981 817520.7698759708
6345 822004.4049179356
6367 825427.1041428010
6761 827530.4860049774
7143 828104.5449136312
7921 834065.7386953108
8317 837664.2204586943
8743 837796.4753491869
9117 840668.1197437980
9151 846349.3221865291
9531 846696.5931390190
9911 851093.5640119822
10296 838968.0777044749
evaluations raw_y
1 698741.3776985166
4 701032.9474542753
18 705102.0326492311
40 716015.5560041695
399 718438.2243063855
437 722376.1658934084
795 738252.6043376367
831 739909.0898348974
1191 745533.0584106459
1587 755101.7603943364
2003 757380.1498144921
2007 762431.7572799999
2379 774270.7381587296
2787 777877.7222360320
2809 778129.4996912907
3169 786176.5766065611
3571 792245.1164781877
3597 792680.3592263695
3601 792930.5376172918
3967 800730.3029578514
4379 804194.9764044842
4753 810658.4291779614
5189 811193.1003537700
5557 812276.4286599082
5569 817417.7634564352
5961 817533.0714068689
5969 819343.8391749915
6339 820488.1996758904
6739 825042.9911942170
7553 825168.8580019899
7929 826476.1179288850
7963 826797.0283605646
8715 827172.7906045500
8727 827806.6761909053
8735 831345.5139470291
8755 836456.8993529956
9907 840786.9626765933
10296 840786.9626765933
evaluations raw_y
1 711544.7007382866
9 715980.9300319769
30 723295.4434880604
421 738331.7462882280
795 748518.5102971502
799 753576.3628020859
1197 756126.1299559268
1221 765450.2708156118
1993 768751.7883142745
2023 769110.1285796477
2779 778435.0571024651
3179 780946.9459847565
3589 782805.1401964674
3987 785121.1729249903
4363 790706.6314192791
4755 792937.4535179557
4777 794969.0691269431
5151 803917.4222164151
5945 805755.8794053815
6341 806727.4372017066
6749 809962.5660920729
6757 811288.6921156893
6761 814763.2614705277
7133 817901.2427465246
7525 819237.1936694161
7923 824203.9400322411
7961 825998.2019542276
8731 832395.3877474819
9137 833497.8333360602
9147 836212.8268653840
9517 838392.3923316465
9925 838792.2221670448
10296 826997.3757377018
