evaluations raw_y
1 -2144955.0000000005
3 -2143949.0000000005
4 -2142943.0000000005
5 -2141937.0000000005
6 -2140928.0000000005
7 -2139922.0000000005
8 -2138922.0000000005
9 -2137914.0000000005
10 -2136905.0000000005
11 -2135896.0000000005
12 -2134892.0000000005
13 -2133886.0000000005
14 -2132880.0000000005
15 -2131872.0000000005
16 -2130864.0000000005
17 -2129858.0000000005
18 -2128855.0000000005
19 -2127851.0000000005
20 -2126844.0000000005
21 -2125844.0000000005
22 -2124835.0000000005
23 -2123835.0000000005
24 -2122830.0000000005
25 -2121829.0000000005
26 -2120826.0000000005
27 -2119818.0000000005
28 -2118810.0000000005
29 -2117802.0000000005
30 -2116796.0000000005
31 -2115796.0000000005
32 -2114795.0000000005
33 -2113789.0000000005
34 -2112787.0000000005
35 -2111786.0000000005
36 -2110782.0000000005
37 -2109782.0000000005
38 -2108779.0000000005
39 -2107770.0000000005
40 -2106761.0000000005
41 -2105760.0000000005
42 -2104755.0000000005
43 -2103746.0000000005
44 -2102743.0000000005
45 -2101734.0000000005
46 -2100730.0000000005
47 -2099722.0000000005
48 -2098715.0000000005
49 -2097715.0000000005
50 -2096710.0000000005
51 -2095710.0000000005
52 -2094709.0000000005
53 -2093700.0000000005
54 -2092699.0000000005
55 -2091697.0000000005
56 -2090689.0000000005
57 -2089680.0000000005
58 -2088677.0000000005
59 -2087668.0000000005
60 -2086664.0000000005
61 -2085656.0000000005
62 -2084648.0000000005
63 -2083644.0000000005
64 -2082638.0000000005
65 -2081629.0000000005
66 -2080626.0000000005
67 -2079621.0000000005
68 -2078617.0000000005
69 -2077608.0000000005
70 -2076608.0000000005
71 -2075606.0000000005
72 -2074601.0000000005
73 -2073592.0000000005
74 301628.4077665178
297 301769.5452922047
449 301814.0311556945
539 302663.8650341032
695 302708.6810469134
864 303279.9254067916
1086 303287.5766819682
1089 303609.9978481110
1191 303635.2616909102
1302 304268.9964001965
1422 304415.4695869587
1780 304520.9730891282
2273 304546.5248945262
2297 304686.7046756612
2306 304995.2211618412
2340 305138.4415775610
2492 305366.8287525495
2595 305663.7626306551
3084 305948.5412941522
3346 306303.1545344290
3478 306334.2729562760
3503 306564.3409738997
3527 306757.1803153366
3546 306932.0133865964
3709 307124.0226656639
3751 307395.2514205551
3811 307512.3166435937
3922 307920.3066935733
4190 308124.7996762437
4363 308177.6960950077
4457 308702.1143887498
6270 308961.8910661825
6649 309480.0501532477
7136 309624.4242792522
7223 310154.4134279587
8377 310447.8218666019
9179 310754.0198182447
9858 311567.5302748328
10000 308591.6640184915
evaluations raw_y
1 -2139871.0000000005
2 -2139870.0000000005
3 -2138862.0000000005
4 -2137861.0000000005
5 -2136855.0000000005
6 -2135850.0000000005
7 -2134850.0000000005
8 -2133844.0000000005
9 -2132844.0000000005
10 -2131835.0000000005
11 -2130829.0000000005
12 -2129822.0000000005
13 -2128814.0000000005
14 -2127806.0000000005
15 -2126800.0000000005
16 -2125796.0000000005
17 -2124791.0000000005
18 -2123791.0000000005
19 -2122784.0000000005
20 -2121784.0000000005
21 -2120777.0000000005
22 -2119768.0000000005
23 -2118768.0000000005
24 -2117763.0000000005
25 -2116762.0000000005
26 -2115754.0000000005
27 -2114746.0000000005
28 -2113746.0000000005
29 -2112745.0000000005
30 -2111739.0000000005
31 -2110733.0000000005
32 -2109732.0000000005
33 -2108729.0000000005
34 -2107720.0000000005
35 -2106711.0000000005
36 -2105710.0000000005
37 -2104705.0000000005
38 -2103702.0000000005
39 -2102698.0000000005
40 -2101694.0000000005
41 -2100686.0000000005
42 -2099684.0000000005
43 -2098684.0000000005
44 -2097679.0000000005
45 -2096674.0000000005
46 -2095673.0000000005
47 -2094664.0000000005
48 -2093655.0000000005
49 -2092649.0000000005
50 -2091648.0000000005
51 -2090640.0000000005
52 -2089634.0000000005
53 -2088631.0000000005
54 -2087622.0000000005
55 -2086619.0000000005
56 -2085611.0000000005
57 -2084607.0000000005
58 -2083602.0000000005
59 -2082598.0000000005
60 -2081595.0000000005
61 -2080595.0000000005
62 -2079586.0000000005
63 -2078581.0000000005
64 -2077575.0000000005
65 -2076570.0000000005
66 -2075568.0000000005
67 -2074566.0000000005
68 -2073566.0000000005
69 309799.2170497369
70 310451.8305115827
274 310542.0221477243
510 310651.3484094082
519 311046.5028771432
522 311317.4001537574
817 311498.3287300892
1010 311504.0339754953
1016 312153.1981424388
1367 312725.5291989666
2093 313103.4844724691
2349 313104.7811437140
2385 314021.1051670611
2472 314216.8021368092
3472 314886.2251641616
4820 315084.1076313768
4873 315238.1459380441
4932 315446.9629139611
5025 315502.0800868459
5235 316038.0695145612
5537 316211.1499122756
5787 316437.1101651692
6328 316714.4964851736
6430 316759.0241116566
6476 316811.1141888935
6647 317275.0076009135
7133 317778.8787630721
7638 317827.3609968233
8278 317937.9357626948
8492 318218.9946172884
8531 319387.2545814710
10020 309903.1039782495
evaluations raw_y
1 -2143857.0000000005
3 -2142851.0000000005
4 -2141850.0000000005
5 -2140844.0000000005
6 -2139840.0000000005
7 -2138836.0000000005
8 -2137831.0000000005
9 -2136831.0000000005
10 -2135824.0000000005
11 -2134815.0000000005
12 -2133806.0000000005
13 -2132802.0000000005
14 -2131800.0000000005
15 -2130794.0000000005
16 -2129786.0000000005
17 -2128780.0000000005
18 -2127776.0000000005
19 -2126771.0000000005
20 -2125764.0000000005
21 -2124760.0000000005
22 -2123753.0000000005
23 -2122753.0000000005
24 -2121753.0000000005
25 -2120748.0000000005
26 -2119742.0000000005
27 -2118739.0000000005
28 -2117731.0000000005
29 -2116723.0000000005
30 -2115723.0000000005
31 -2114722.0000000005
32 -2113717.0000000005
33 -2112716.0000000005
34 -2111714.0000000005
35 -2110708.0000000005
36 -2109707.0000000005
37 -2108703.0000000005
38 -2107703.0000000005
39 -2106694.0000000005
40 -2105694.0000000005
41 -2104685.0000000005
42 -2103684.0000000005
43 -2102675.0000000005
44 -2101668.0000000005
45 -2100664.0000000005
46 -2099658.0000000005
47 -2098653.0000000005
48 -2097648.0000000005
49 -2096641.0000000005
50 -2095639.0000000005
51 -2094630.0000000005
52 -2093624.0000000005
53 -2092623.0000000005
54 -2091622.0000000005
55 -2090620.0000000005
56 -2089612.0000000005
57 -2088603.0000000005
58 -2087594.0000000005
59 -2086591.0000000005
60 -2085590.0000000005
61 -2084586.0000000005
62 -2083580.0000000005
63 -2082577.0000000005
64 -2081573.0000000005
65 -2080564.0000000005
66 -2079559.0000000005
67 -2078551.0000000005
68 -2077549.0000000005
69 -2076549.0000000005
70 -2075541.0000000005
71 -2074533.0000000005
72 -2073532.0000000005
73 302895.3652781356
150 303526.9210274336
153 304157.2962390069
244 304376.1611076497
396 304897.8571768713
676 305487.3415780735
763 306180.9778168718
1556 306324.3528000981
1812 306991.3214425429
1859 307293.2811727858
1873 307873.4287204664
2414 308250.9039619005
2714 308265.8875322096
2809 309230.2406673192
2866 309335.5182145574
3078 309992.4404406968
3193 310511.4722021148
3504 310650.5705651097
3532 311350.5774821658
4227 311514.2755869828
4238 312545.2653003043
4715 312575.4900243859
4723 312626.0241841108
5402 313184.6634888843
5844 313361.4282189532
5953 313458.1799378381
6393 313936.8610801733
6621 313984.3305415542
7241 314155.3785794368
7581 314250.8484612955
7827 315110.2830772438
7852 315391.1894916746
8370 315924.8627912175
9040 316431.7614434382
9263 316665.1933296216
9751 316772.2275119270
9942 317188.2370164422
10000 298688.0444248399
evaluations raw_y
1 -2145882.0000000005
3 -2144874.0000000005
4 -2143868.0000000005
5 -2142862.0000000005
6 -2141861.0000000005
7 -2140860.0000000005
8 -2139854.0000000005
9 -2138847.0000000005
10 -2137839.0000000005
11 -2136833.0000000005
12 -2135827.0000000005
13 -2134820.0000000005
14 -2133816.0000000005
15 -2132816.0000000005
16 -2131813.0000000005
17 -2130809.0000000005
18 -2129809.0000000005
19 -2128802.0000000005
20 -2127793.0000000005
21 -2126793.0000000005
22 -2125793.0000000005
23 -2124788.0000000005
24 -2123787.0000000005
25 -2122781.0000000005
26 -2121778.0000000005
27 -2120776.0000000005
28 -2119770.0000000005
29 -2118765.0000000005
30 -2117764.0000000005
31 -2116762.0000000005
32 -2115756.0000000005
33 -2114752.0000000005
34 -2113747.0000000005
35 -2112747.0000000005
36 -2111746.0000000005
37 -2110737.0000000005
38 -2109734.0000000005
39 -2108725.0000000005
40 -2107718.0000000005
41 -2106713.0000000005
42 -2105706.0000000005
43 -2104701.0000000005
44 -2103699.0000000005
45 -2102699.0000000005
46 -2101690.0000000005
47 -2100688.0000000005
48 -2099687.0000000005
49 -2098678.0000000005
50 -2097675.0000000005
51 -2096671.0000000005
52 -2095665.0000000005
53 -2094656.0000000005
54 -2093648.0000000005
55 -2092645.0000000005
56 -2091636.0000000005
57 -2090633.0000000005
58 -2089633.0000000005
59 -2088631.0000000005
60 -2087622.0000000005
61 -2086622.0000000005
62 -2085617.0000000005
63 -2084609.0000000005
64 -2083601.0000000005
65 -2082600.0000000005
66 -2081594.0000000005
67 -2080585.0000000005
68 -2079584.0000000005
69 -2078577.0000000005
70 -2077577.0000000005
71 -2076574.0000000005
72 -2075570.0000000005
73 -2074569.0000000005
74 -2073565.0000000005
75 310575.5245504622
299 311063.4785793179
526 311944.2163703957
604 312005.1731148436
684 312710.4771463536
690 312774.9336267820
799 312801.6814362576
812 312962.9084643769
993 313007.5427012743
1048 313490.8133387265
1168 313560.9135108534
1192 313731.3979463995
1338 314154.3956588856
1346 314333.1860045880
1625 314482.3417017473
1779 314505.2856216878
2021 314917.6121552180
2633 314965.7717901754
2657 315285.6024807004
2669 315405.6832193176
2678 315448.2348412753
2775 315595.9407228591
2866 316298.6094915358
3036 316528.6424599696
3486 316819.5207854312
4132 316970.3379890603
4360 317302.7940291071
4656 317561.5670874082
4692 317586.3343547775
5573 317869.6638996081
6616 318062.9834374198
6617 318182.4624555230
6659 318261.2619351113
7152 318466.1540315330
7816 318905.4312519027
7854 319041.7488201448
8293 319370.3337578505
8965 320215.1496627576
8971 320529.3347347701
10035 310575.5245504622
evaluations raw_y
1 -2141794.0000000005
4 -2140788.0000000005
5 -2139787.0000000005
6 -2138781.0000000005
7 -2137772.0000000005
8 -2136771.0000000005
9 -2135767.0000000005
10 -2134767.0000000005
11 -2133759.0000000005
12 -2132755.0000000005
13 -2131748.0000000005
14 -2130748.0000000005
15 -2129745.0000000005
16 -2128738.0000000005
17 -2127734.0000000005
18 -2126734.0000000005
19 -2125734.0000000005
20 -2124734.0000000005
21 -2123728.0000000005
22 -2122722.0000000005
23 -2121719.0000000005
24 -2120711.0000000005
25 -2119709.0000000005
26 -2118709.0000000005
27 -2117704.0000000005
28 -2116703.0000000005
29 -2115702.0000000005
30 -2114698.0000000005
31 -2113695.0000000005
32 -2112686.0000000005
33 -2111686.0000000005
34 -2110685.0000000005
35 -2109676.0000000005
36 -2108675.0000000005
37 -2107666.0000000005
38 -2106657.0000000005
39 -2105649.0000000005
40 -2104643.0000000005
41 -2103636.0000000005
42 -2102631.0000000005
43 -2101626.0000000005
44 -2100624.0000000005
45 -2099621.0000000005
46 -2098620.0000000005
47 -2097614.0000000005
48 -2096612.0000000005
49 -2095606.0000000005
50 -2094603.0000000005
51 -2093600.0000000005
52 -2092599.0000000005
53 -2091591.0000000005
54 -2090587.0000000005
55 -2089581.0000000005
56 -2088572.0000000005
57 -2087564.0000000005
58 -2086561.0000000005
59 -2085561.0000000005
60 -2084559.0000000005
61 -2083554.0000000005
62 -2082545.0000000005
63 -2081544.0000000005
64 -2080544.0000000005
65 -2079539.0000000005
66 -2078532.0000000005
67 -2077532.0000000005
68 -2076532.0000000005
69 -2075525.0000000005
70 -2074521.0000000005
71 -2073520.0000000005
72 301380.8553630464
141 302105.6071407865
216 302203.0944208614
446 302379.5471321979
448 302512.8396103085
454 302989.5897488494
911 303273.3006847557
987 303421.4002121253
1067 303569.6049727685
1834 303623.1951549727
1844 303778.9637996898
1868 303837.4559926682
2001 303863.2022714578
2086 304591.7533793317
2106 304703.1947975347
2274 304773.5726101066
2652 305269.2993859323
2924 305613.7113688682
3208 305881.7437692562
3715 306074.3090024531
3913 306439.1273111125
4026 306960.0749374358
4813 307362.6231453213
5009 307662.4117795551
5524 308135.4181931880
6254 308298.1510759733
6654 308473.7036051231
6730 309442.6833993577
7582 309471.7206341932
7595 310200.4796533565
7816 310203.0883082518
7952 311163.8039917529
10000 304389.5991329504
evaluations raw_y
1 -2150957.0000000005
3 -2149949.0000000005
4 -2148943.0000000005
5 -2147942.0000000005
6 -2146936.0000000005
7 -2145935.0000000005
8 -2144926.0000000005
9 -2143922.0000000005
10 -2142921.0000000005
11 -2141918.0000000005
12 -2140909.0000000005
13 -2139904.0000000005
14 -2138904.0000000005
15 -2137904.0000000005
16 -2136904.0000000005
17 -2135902.0000000005
18 -2134896.0000000005
19 -2133888.0000000005
20 -2132880.0000000005
21 -2131875.0000000005
22 -2130872.0000000005
23 -2129865.0000000005
24 -2128858.0000000005
25 -2127858.0000000005
26 -2126851.0000000005
27 -2125851.0000000005
28 -2124845.0000000005
29 -2123844.0000000005
30 -2122841.0000000005
31 -2121833.0000000005
32 -2120827.0000000005
33 -2119825.0000000005
34 -2118825.0000000005
35 -2117823.0000000005
36 -2116820.0000000005
37 -2115811.0000000005
38 -2114806.0000000005
39 -2113806.0000000005
40 -2112797.0000000005
41 -2111796.0000000005
42 -2110791.0000000005
43 -2109788.0000000005
44 -2108784.0000000005
45 -2107776.0000000005
46 -2106769.0000000005
47 -2105767.0000000005
48 -2104765.0000000005
49 -2103763.0000000005
50 -2102754.0000000005
51 -2101753.0000000005
52 -2100744.0000000005
53 -2099741.0000000005
54 -2098732.0000000005
55 -2097729.0000000005
56 -2096728.0000000005
57 -2095724.0000000005
58 -2094716.0000000005
59 -2093708.0000000005
60 -2092702.0000000005
61 -2091694.0000000005
62 -2090689.0000000005
63 -2089680.0000000005
64 -2088677.0000000005
65 -2087668.0000000005
66 -2086668.0000000005
67 -2085663.0000000005
68 -2084655.0000000005
69 -2083647.0000000005
70 -2082639.0000000005
71 -2081638.0000000005
72 -2080638.0000000005
73 -2079632.0000000005
74 -2078623.0000000005
75 -2077618.0000000005
76 -2076618.0000000005
77 -2075615.0000000005
78 -2074612.0000000005
79 -2073604.0000000005
80 305400.6059438782
81 305807.6002027124
252 305990.7233569228
337 306004.5308365244
343 306111.1801896276
350 306358.3704693451
451 306800.5419068469
558 307039.3987182429
823 307043.2736528288
915 307070.7422173368
922 307112.1433627983
1012 307474.3623696803
1192 307691.2007369418
1597 307885.1764084240
1611 308024.6127978623
1709 308546.9412945419
1727 308606.7088767854
1846 308801.2808735849
1854 309197.2696258998
2207 309987.0807356954
2538 310860.3726619170
4156 311400.3289152826
5757 311670.5619910979
5798 311767.7878785350
6091 312004.5162839157
6601 312033.9786069132
6609 312221.5040554400
6659 312248.2917370618
7353 312800.4474664181
7524 313381.0894067938
7919 313609.1228860285
9226 313857.1652703711
9790 314187.5610134830
10000 304109.5199520751
evaluations raw_y
1 -2151078.0000000005
2 -2149067.0000000005
3 -2148059.0000000005
4 -2147053.0000000005
5 -2146052.0000000005
6 -2145048.0000000005
7 -2144044.0000000005
8 -2143038.0000000005
9 -2142033.0000000005
10 -2141033.0000000005
11 -2140027.0000000005
12 -2139019.0000000005
13 -2138010.0000000005
14 -2137001.0000000005
15 -2135999.0000000005
16 -2134993.0000000005
17 -2133987.0000000005
18 -2132979.0000000005
19 -2131971.0000000005
20 -2130967.0000000005
21 -2129962.0000000005
22 -2128962.0000000005
23 -2127959.0000000005
24 -2126952.0000000005
25 -2125952.0000000005
26 -2124943.0000000005
27 -2123938.0000000005
28 -2122937.0000000005
29 -2121931.0000000005
30 -2120923.0000000005
31 -2119915.0000000005
32 -2118909.0000000005
33 -2117907.0000000005
34 -2116906.0000000005
35 -2115901.0000000005
36 -2114895.0000000005
37 -2113891.0000000005
38 -2112891.0000000005
39 -2111891.0000000005
40 -2110882.0000000005
41 -2109881.0000000005
42 -2108872.0000000005
43 -2107864.0000000005
44 -2106857.0000000005
45 -2105849.0000000005
46 -2104843.0000000005
47 -2103836.0000000005
48 -2102834.0000000005
49 -2101834.0000000005
50 -2100827.0000000005
51 -2099822.0000000005
52 -2098820.0000000005
53 -2097818.0000000005
54 -2096815.0000000005
55 -2095811.0000000005
56 -2094802.0000000005
57 -2093801.0000000005
58 -2092793.0000000005
59 -2091784.0000000005
60 -2090781.0000000005
61 -2089772.0000000005
62 -2088769.0000000005
63 -2087765.0000000005
64 -2086756.0000000005
65 -2085747.0000000005
66 -2084747.0000000005
67 -2083742.0000000005
68 -2082737.0000000005
69 -2081729.0000000005
70 -2080729.0000000005
71 -2079721.0000000005
72 -2078713.0000000005
73 -2077712.0000000005
74 -2076711.0000000005
75 -2075702.0000000005
76 -2074695.0000000005
77 -2073688.0000000005
78 -2072685.0000000005
79 301519.6452273049
322 302093.3624299362
333 302180.1515708211
343 302517.5776112368
540 302890.5302480983
738 303056.7345392004
833 304014.3902277745
879 304317.5622770087
991 304426.6258651171
1107 304705.8082809312
1367 305444.6887865392
1441 305629.3563119956
2072 305965.7465811318
2117 306012.9933651516
2393 306466.1381518214
2710 306925.6367896313
2711 307090.4186177045
2750 308971.1647923875
4189 309646.7526786086
4484 310239.3552471803
4505 311146.5602423263
5271 311759.7711684731
6175 312012.9292971666
6613 312066.3049523057
6735 312829.6138838621
7228 313275.9569144789
9405 313896.3041865369
10000 310068.3455849509
evaluations raw_y
1 -2123745.0000000005
2 -2121737.0000000005
3 -2120736.0000000005
4 -2119727.0000000005
5 -2118723.0000000005
6 -2117722.0000000005
7 -2116718.0000000005
8 -2115709.0000000005
9 -2114703.0000000005
10 -2113696.0000000005
11 -2112688.0000000005
12 -2111688.0000000005
13 -2110679.0000000005
14 -2109677.0000000005
15 -2108671.0000000005
16 -2107665.0000000005
17 -2106657.0000000005
18 -2105649.0000000005
19 -2104643.0000000005
20 -2103639.0000000005
21 -2102634.0000000005
22 -2101634.0000000005
23 -2100631.0000000005
24 -2099624.0000000005
25 -2098620.0000000005
26 -2097620.0000000005
27 -2096620.0000000005
28 -2095614.0000000005
29 -2094613.0000000005
30 -2093611.0000000005
31 -2092605.0000000005
32 -2091604.0000000005
33 -2090602.0000000005
34 -2089596.0000000005
35 -2088595.0000000005
36 -2087586.0000000005
37 -2086581.0000000005
38 -2085581.0000000005
39 -2084580.0000000005
40 -2083571.0000000005
41 -2082568.0000000005
42 -2081559.0000000005
43 -2080551.0000000005
44 -2079544.0000000005
45 -2078540.0000000005
46 -2077534.0000000005
47 -2076529.0000000005
48 -2075522.0000000005
49 -2074520.0000000005
50 -2073518.0000000005
51 299258.1781281932
161 299675.6535194454
268 300325.1509346784
382 300630.9595929839
446 300946.4654952756
888 301023.4541664054
906 301531.4290431442
1055 301897.9637532854
1730 301993.4406947327
1732 302325.3386018302
1736 302594.3496742491
1859 303289.8560710458
1911 303462.5041876077
2224 303738.6284745174
2270 304441.6523462019
2365 304458.6496319296
2881 305096.7456815328
3079 305188.5170647681
3086 306142.0515213685
3153 307047.9502527122
3185 307496.6409473332
3267 308260.1696143904
3412 309707.6479320578
5446 309746.8808007783
6160 309853.0774670137
6349 310355.8724232803
6503 310554.7960099694
6934 311000.6330640483
6972 311233.7108838263
7437 311244.2964407377
8294 311456.1269593756
8853 311835.9066474970
9062 312185.2235844865
10005 299063.8548237151
evaluations raw_y
1 -2119835.0000000005
3 -2118827.0000000005
4 -2117821.0000000005
5 -2116820.0000000005
6 -2115814.0000000005
7 -2114805.0000000005
8 -2113799.0000000005
9 -2112799.0000000005
10 -2111792.0000000005
11 -2110784.0000000005
12 -2109775.0000000005
13 -2108768.0000000005
14 -2107762.0000000005
15 -2106754.0000000005
16 -2105746.0000000005
17 -2104738.0000000005
18 -2103734.0000000005
19 -2102727.0000000005
20 -2101723.0000000005
21 -2100716.0000000005
22 -2099709.0000000005
23 -2098706.0000000005
24 -2097698.0000000005
25 -2096692.0000000005
26 -2095690.0000000005
27 -2094690.0000000005
28 -2093688.0000000005
29 -2092688.0000000005
30 -2091679.0000000005
31 -2090670.0000000005
32 -2089661.0000000005
33 -2088660.0000000005
34 -2087651.0000000005
35 -2086643.0000000005
36 -2085634.0000000005
37 -2084630.0000000005
38 -2083628.0000000005
39 -2082623.0000000005
40 -2081618.0000000005
41 -2080611.0000000005
42 -2079607.0000000005
43 -2078598.0000000005
44 -2077589.0000000005
45 -2076583.0000000005
46 -2075582.0000000005
47 -2074581.0000000005
48 -2073579.0000000005
49 308530.3813920720
394 308587.7498486916
445 308611.2650996935
550 309181.8365590062
813 309261.5681367341
824 309385.5797728324
941 309626.2293837380
948 309870.5459026805
1100 309970.3280943114
1152 310164.5673400152
1160 310452.2492778942
1256 310526.9264605631
1287 310587.6698076044
1397 310737.0281685478
1426 311219.1760104744
2252 311389.1507580133
2496 311435.5469107052
2746 311561.6893534635
2836 312151.7202323813
2994 312546.0548370003
4236 312888.0576818145
4487 313111.3981491648
4911 313594.3092233562
5083 314489.0278046777
8715 315279.2504493231
10000 310410.9371059327
evaluations raw_y
1 -2146965.0000000005
3 -2146958.0000000005
4 -2145952.0000000005
5 -2144946.0000000005
6 -2143945.0000000005
7 -2142939.0000000005
8 -2141930.0000000005
9 -2140926.0000000005
10 -2139925.0000000005
11 -2138921.0000000005
12 -2137915.0000000005
13 -2136910.0000000005
14 -2135903.0000000005
15 -2134903.0000000005
16 -2133894.0000000005
17 -2132885.0000000005
18 -2131878.0000000005
19 -2130874.0000000005
20 -2129872.0000000005
21 -2128866.0000000005
22 -2127859.0000000005
23 -2126851.0000000005
24 -2125845.0000000005
25 -2124841.0000000005
26 -2123836.0000000005
27 -2122836.0000000005
28 -2121830.0000000005
29 -2120827.0000000005
30 -2119819.0000000005
31 -2118811.0000000005
32 -2117805.0000000005
33 -2116803.0000000005
34 -2115797.0000000005
35 -2114792.0000000005
36 -2113786.0000000005
37 -2112784.0000000005
38 -2111775.0000000005
39 -2110774.0000000005
40 -2109769.0000000005
41 -2108760.0000000005
42 -2107759.0000000005
43 -2106750.0000000005
44 -2105746.0000000005
45 -2104739.0000000005
46 -2103735.0000000005
47 -2102727.0000000005
48 -2101721.0000000005
49 -2100719.0000000005
50 -2099719.0000000005
51 -2098715.0000000005
52 -2097706.0000000005
53 -2096700.0000000005
54 -2095698.0000000005
55 -2094690.0000000005
56 -2093687.0000000005
57 -2092684.0000000005
58 -2091683.0000000005
59 -2090679.0000000005
60 -2089671.0000000005
61 -2088663.0000000005
62 -2087654.0000000005
63 -2086649.0000000005
64 -2085646.0000000005
65 -2084646.0000000005
66 -2083641.0000000005
67 -2082639.0000000005
68 -2081631.0000000005
69 -2080629.0000000005
70 -2079628.0000000005
71 -2078627.0000000005
72 -2077627.0000000005
73 -2076621.0000000005
74 -2075621.0000000005
75 -2074612.0000000005
76 -2073603.0000000005
77 310002.7262121848
227 310230.5716659600
304 310419.4934828610
324 310731.8667995803
332 310908.0064538402
748 311023.6279503588
973 311227.5460820571
1013 311319.7561725086
1157 311623.5881862632
1276 312236.7280253558
1960 312305.9372740559
2204 312380.2306607964
2523 312628.3275968619
2586 312957.7261707000
2632 312987.1919056494
3274 313143.4606260414
3463 313467.5028420408
3617 313508.5189253361
3936 313629.8969571955
3991 313829.0498631062
4000 313911.2534242489
4029 313912.2629504770
4157 314444.4037775094
4980 315027.5688348546
5181 315182.3665951241
5875 315396.3146940345
6149 315662.5823018465
7157 315880.0316499411
7481 316139.9747763856
7493 316325.2636690003
8401 316725.5388792611
8622 317065.1700721787
8977 317407.7237572062
9292 317620.1586396818
9413 317752.1481328196
9599 317833.1673216334
9906 317963.3571680970
10000 312503.0785802735
evaluations raw_y
1 -2114795.0000000005
3 -2113789.0000000005
4 -2112783.0000000005
5 -2111777.0000000005
6 -2110768.0000000005
7 -2109764.0000000005
8 -2108755.0000000005
9 -2107749.0000000005
10 -2106744.0000000005
11 -2105744.0000000005
12 -2104737.0000000005
13 -2103731.0000000005
14 -2102722.0000000005
15 -2101716.0000000005
16 -2100708.0000000005
17 -2099703.0000000005
18 -2098703.0000000005
19 -2097698.0000000005
20 -2096692.0000000005
21 -2095691.0000000005
22 -2094688.0000000005
23 -2093680.0000000005
24 -2092672.0000000005
25 -2091666.0000000005
26 -2090664.0000000005
27 -2089658.0000000005
28 -2088654.0000000005
29 -2087651.0000000005
30 -2086642.0000000005
31 -2085633.0000000005
32 -2084632.0000000005
33 -2083627.0000000005
34 -2082618.0000000005
35 -2081617.0000000005
36 -2080608.0000000005
37 -2079600.0000000005
38 -2078596.0000000005
39 -2077592.0000000005
40 -2076585.0000000005
41 -2075585.0000000005
42 -2074580.0000000005
43 -2073573.0000000005
44 304489.2158533743
133 304514.2981256598
178 304770.7833068208
190 304776.8583606145
243 304861.8918169280
384 305143.3964974612
388 305212.8714091484
508 305314.9714594731
556 305771.3138908125
655 306340.4920436325
703 306453.5570466766
776 306596.3192380496
779 306817.2998699490
1064 306890.8643288692
1526 306900.0041262824
1543 307259.6953486921
1555 307647.3900934611
1568 307752.1506781852
1925 308104.1043446703
1938 308136.9197454301
2091 308282.5954421319
2305 308719.2122124364
2334 308748.9121953798
2780 309400.4799514864
3145 310198.6094895037
3260 311062.0572397962
3626 311068.3688193410
4059 311254.3111608780
4644 311491.6878171664
4690 311895.5125119803
5483 312820.9295160226
5794 312920.1330039624
6471 313030.6214142148
6482 313122.4982429896
6573 313287.4658873533
6705 313524.0353203790
6962 313578.7880834547
7336 313617.1802335158
7608 313636.7703808304
8098 313808.0830833199
8316 313935.4561465710
8357 314410.2246284534
8961 314572.7444463194
9068 314882.2075214393
9817 315345.2830229337
10000 304790.5454273975
evaluations raw_y
1 -2141841.0000000005
3 -2140835.0000000005
4 -2139834.0000000005
5 -2138830.0000000005
6 -2137827.0000000005
7 -2136818.0000000005
8 -2135813.0000000005
9 -2134813.0000000005
10 -2133805.0000000005
11 -2132805.0000000005
12 -2131796.0000000005
13 -2130787.0000000005
14 -2129780.0000000005
15 -2128776.0000000005
16 -2127770.0000000005
17 -2126763.0000000005
18 -2125755.0000000005
19 -2124749.0000000005
20 -2123745.0000000005
21 -2122740.0000000005
22 -2121737.0000000005
23 -2120733.0000000005
24 -2119733.0000000005
25 -2118726.0000000005
26 -2117726.0000000005
27 -2116726.0000000005
28 -2115721.0000000005
29 -2114715.0000000005
30 -2113709.0000000005
31 -2112706.0000000005
32 -2111698.0000000005
33 -2110692.0000000005
34 -2109690.0000000005
35 -2108690.0000000005
36 -2107684.0000000005
37 -2106679.0000000005
38 -2105677.0000000005
39 -2104671.0000000005
40 -2103670.0000000005
41 -2102661.0000000005
42 -2101656.0000000005
43 -2100647.0000000005
44 -2099646.0000000005
45 -2098641.0000000005
46 -2097632.0000000005
47 -2096626.0000000005
48 -2095624.0000000005
49 -2094619.0000000005
50 -2093614.0000000005
51 -2092612.0000000005
52 -2091609.0000000005
53 -2090609.0000000005
54 -2089605.0000000005
55 -2088604.0000000005
56 -2087595.0000000005
57 -2086586.0000000005
58 -2085585.0000000005
59 -2084576.0000000005
60 -2083573.0000000005
61 -2082572.0000000005
62 -2081566.0000000005
63 -2080557.0000000005
64 -2079554.0000000005
65 -2078549.0000000005
66 -2077540.0000000005
67 -2076531.0000000005
68 -2075523.0000000005
69 -2074521.0000000005
70 -2073521.0000000005
71 302969.2811737020
715 303155.1948561351
727 303538.1301398847
755 303849.5137377384
757 303974.7094976750
765 304279.1241627036
769 304674.6730336908
807 304884.9811317110
1071 304989.7634378141
1106 305388.6317588378
1241 305720.8495611916
1247 305732.9627503023
1265 305952.7830777107
1383 306916.9429265779
1827 307577.0717756512
1910 307960.2969010427
2453 308859.0551307968
2889 309247.5643657777
3405 309453.5109336018
3525 309709.6234100357
3629 309907.7285942404
3684 310122.7097924462
3708 310580.5181181542
4462 310667.3970694043
4574 310978.1610253954
4619 311592.4749705242
5886 312678.3385641971
6424 312741.4732919897
7805 312804.3912633666
8789 313358.0606597977
10055 302969.2811737020
evaluations raw_y
1 -2130790.0000000005
2 -2129781.0000000005
3 -2128775.0000000005
4 -2127774.0000000005
5 -2126773.0000000005
6 -2125764.0000000005
7 -2124760.0000000005
8 -2123757.0000000005
9 -2122752.0000000005
10 -2121752.0000000005
11 -2120743.0000000005
12 -2119736.0000000005
13 -2118732.0000000005
14 -2117726.0000000005
15 -2116721.0000000005
16 -2115721.0000000005
17 -2114714.0000000005
18 -2113707.0000000005
19 -2112707.0000000005
20 -2111707.0000000005
21 -2110701.0000000005
22 -2109698.0000000005
23 -2108690.0000000005
24 -2107682.0000000005
25 -2106674.0000000005
26 -2105668.0000000005
27 -2104666.0000000005
28 -2103666.0000000005
29 -2102660.0000000005
30 -2101658.0000000005
31 -2100652.0000000005
32 -2099651.0000000005
33 -2098647.0000000005
34 -2097644.0000000005
35 -2096635.0000000005
36 -2095626.0000000005
37 -2094621.0000000005
38 -2093618.0000000005
39 -2092617.0000000005
40 -2091613.0000000005
41 -2090607.0000000005
42 -2089605.0000000005
43 -2088605.0000000005
44 -2087600.0000000005
45 -2086595.0000000005
46 -2085588.0000000005
47 -2084586.0000000005
48 -2083583.0000000005
49 -2082583.0000000005
50 -2081582.0000000005
51 -2080576.0000000005
52 -2079574.0000000005
53 -2078572.0000000005
54 -2077564.0000000005
55 -2076555.0000000005
56 -2075551.0000000005
57 -2074543.0000000005
58 -2073535.0000000005
59 313540.1652555025
116 313682.8921569371
119 313907.2469819955
182 314385.0244961248
369 314435.6605655111
765 315233.7692700083
1402 315333.3832959897
1416 316425.0198634237
1698 316942.2376857236
1878 317061.4215170064
2048 317608.3376416683
2346 317613.8630172453
2516 318073.7940483649
2599 318265.6766484805
2768 318496.3818711577
2797 318544.8816742096
3260 318546.9679404990
3690 318589.7025560003
3729 319226.5850184073
4030 319390.2628479956
4311 319399.4092093087
4451 319453.4670086033
5533 319503.6804430993
5656 319904.5359935412
5744 320248.6374016663
5783 320853.4795998752
5824 321240.6813206142
6091 321622.4212944732
6286 321628.3325890273
6473 321822.7300308211
6749 321911.0565533401
7687 322311.4389618771
8522 322378.5566253719
8629 322504.4317587619
8651 323334.0215334302
10001 317642.0579312188
evaluations raw_y
1 -2120822.0000000005
2 -2118809.0000000005
3 -2117801.0000000005
4 -2116795.0000000005
5 -2115794.0000000005
6 -2114785.0000000005
7 -2113782.0000000005
8 -2112778.0000000005
9 -2111773.0000000005
10 -2110773.0000000005
11 -2109773.0000000005
12 -2108765.0000000005
13 -2107758.0000000005
14 -2106756.0000000005
15 -2105750.0000000005
16 -2104743.0000000005
17 -2103735.0000000005
18 -2102729.0000000005
19 -2101724.0000000005
20 -2100721.0000000005
21 -2099714.0000000005
22 -2098710.0000000005
23 -2097703.0000000005
24 -2096703.0000000005
25 -2095696.0000000005
26 -2094687.0000000005
27 -2093687.0000000005
28 -2092687.0000000005
29 -2091681.0000000005
30 -2090673.0000000005
31 -2089667.0000000005
32 -2088661.0000000005
33 -2087660.0000000005
34 -2086655.0000000005
35 -2085654.0000000005
36 -2084648.0000000005
37 -2083646.0000000005
38 -2082646.0000000005
39 -2081643.0000000005
40 -2080643.0000000005
41 -2079639.0000000005
42 -2078631.0000000005
43 -2077625.0000000005
44 -2076618.0000000005
45 -2075613.0000000005
46 -2074606.0000000005
47 -2073604.0000000005
48 300379.5892757265
490 300528.0371152704
767 300778.2823290948
826 300882.0114560327
829 301353.7056187562
1046 302258.9430367014
1185 302901.4853766591
1554 303713.3438096545
1583 304274.8454949174
1794 304277.9496590052
1798 304564.5743420692
2124 304878.0069672391
2415 305616.2914174284
3601 306374.4021104553
3651 307442.0344553840
3833 308007.7975367671
4653 308087.2149031007
4759 308442.9247721097
4920 308945.8261656003
5692 310562.5725804183
8241 310619.7174154095
8391 311098.2928847842
9304 311827.5843923627
9862 312006.9742654722
10014 300308.6695820199
evaluations raw_y
1 -2104708.0000000005
4 -2103702.0000000005
5 -2102701.0000000005
6 -2101700.0000000005
7 -2100691.0000000005
8 -2099687.0000000005
9 -2098678.0000000005
10 -2097678.0000000005
11 -2096672.0000000005
12 -2095672.0000000005
13 -2094663.0000000005
14 -2093656.0000000005
15 -2092652.0000000005
16 -2091650.0000000005
17 -2090644.0000000005
18 -2089636.0000000005
19 -2088630.0000000005
20 -2087626.0000000005
21 -2086621.0000000005
22 -2085621.0000000005
23 -2084614.0000000005
24 -2083610.0000000005
25 -2082603.0000000005
26 -2081594.0000000005
27 -2080589.0000000005
28 -2079583.0000000005
29 -2078582.0000000005
30 -2077576.0000000005
31 -2076568.0000000005
32 -2075560.0000000005
33 -2074554.0000000005
34 -2073554.0000000005
35 311092.1564612660
69 311805.2715395160
207 312431.7779958916
269 312444.3570358658
381 312491.7626465108
419 312733.7461476931
483 312879.0781759428
811 313326.1325941411
1174 313872.3466469740
1408 314049.4811881974
1737 314396.7297297202
1925 314615.6577030457
2223 314821.4215572174
2461 315472.5272941609
2525 315662.5113737996
2613 315872.1971317715
2666 315909.9323085158
2937 316157.8264063328
4185 316402.0904080522
4889 316582.6211985576
5558 317017.5053794221
5872 317286.0019954562
6259 317765.7148804250
6585 318989.4857532806
8035 319174.0666227380
8455 319195.6220776301
8479 319373.7155708907
8621 320412.7896910569
9091 320867.4978638381
10000 309342.3065079647
evaluations raw_y
1 -2138898.0000000005
3 -2137890.0000000005
4 -2136889.0000000005
5 -2135888.0000000005
6 -2134879.0000000005
7 -2133876.0000000005
8 -2132870.0000000005
9 -2131870.0000000005
10 -2130863.0000000005
11 -2129856.0000000005
12 -2128848.0000000005
13 -2127840.0000000005
14 -2126835.0000000005
15 -2125835.0000000005
16 -2124832.0000000005
17 -2123828.0000000005
18 -2122819.0000000005
19 -2121819.0000000005
20 -2120813.0000000005
21 -2119812.0000000005
22 -2118804.0000000005
23 -2117796.0000000005
24 -2116796.0000000005
25 -2115790.0000000005
26 -2114784.0000000005
27 -2113782.0000000005
28 -2112781.0000000005
29 -2111777.0000000005
30 -2110774.0000000005
31 -2109769.0000000005
32 -2108768.0000000005
33 -2107759.0000000005
34 -2106754.0000000005
35 -2105745.0000000005
36 -2104742.0000000005
37 -2103741.0000000005
38 -2102734.0000000005
39 -2101726.0000000005
40 -2100720.0000000005
41 -2099715.0000000005
42 -2098708.0000000005
43 -2097703.0000000005
44 -2096701.0000000005
45 -2095698.0000000005
46 -2094694.0000000005
47 -2093692.0000000005
48 -2092691.0000000005
49 -2091689.0000000005
50 -2090680.0000000005
51 -2089674.0000000005
52 -2088671.0000000005
53 -2087662.0000000005
54 -2086659.0000000005
55 -2085653.0000000005
56 -2084644.0000000005
57 -2083640.0000000005
58 -2082631.0000000005
59 -2081628.0000000005
60 -2080628.0000000005
61 -2079626.0000000005
62 -2078621.0000000005
63 -2077612.0000000005
64 -2076606.0000000005
65 -2075598.0000000005
66 -2074590.0000000005
67 -2073582.0000000005
68 304029.0623954349
69 304151.4932480257
73 304351.6100941056
221 304539.8701815931
225 304712.2330525676
649 304986.7437276044
800 304998.1247191475
803 305339.6069614145
809 305367.1653944124
820 306091.4735085085
830 306183.5835210759
959 306325.2365389948
1222 306639.7844480820
1413 306822.8889032258
1425 306937.7869817176
1506 307128.2940602989
1584 307810.2988181270
1788 307837.8409325925
2232 307877.1302703331
2344 307978.5253778597
2468 308416.6851759374
2474 308709.1279770614
2500 308853.6583345582
2621 308880.0445978679
2661 309113.1291317858
2899 309360.4294716021
3045 309650.5392836232
3922 310085.0449917567
5319 310635.3434185684
5691 310955.5810509886
5807 311388.4353625411
6253 311632.9061746231
7084 311777.0373777873
7465 312152.0325144072
8094 313359.9884945354
9010 314159.7297370637
9070 314718.9539778771
9188 315494.1042351407
10020 304029.0623954349
evaluations raw_y
1 -2161038.0000000005
3 -2161033.0000000005
4 -2160027.0000000005
5 -2159021.0000000005
6 -2158017.0000000005
7 -2157014.0000000005
8 -2156008.0000000005
9 -2155002.0000000005
10 -2153993.0000000005
11 -2152991.0000000005
12 -2151983.0000000005
13 -2150975.0000000005
14 -2149967.0000000005
15 -2148961.0000000005
16 -2147956.0000000005
17 -2146949.0000000005
18 -2145945.0000000005
19 -2144945.0000000005
20 -2143938.0000000005
21 -2142938.0000000005
22 -2141938.0000000005
23 -2140932.0000000005
24 -2139931.0000000005
25 -2138925.0000000005
26 -2137922.0000000005
27 -2136914.0000000005
28 -2135906.0000000005
29 -2134905.0000000005
30 -2133899.0000000005
31 -2132897.0000000005
32 -2131897.0000000005
33 -2130897.0000000005
34 -2129892.0000000005
35 -2128884.0000000005
36 -2127880.0000000005
37 -2126878.0000000005
38 -2125878.0000000005
39 -2124873.0000000005
40 -2123870.0000000005
41 -2122866.0000000005
42 -2121857.0000000005
43 -2120855.0000000005
44 -2119854.0000000005
45 -2118852.0000000005
46 -2117846.0000000005
47 -2116842.0000000005
48 -2115834.0000000005
49 -2114825.0000000005
50 -2113817.0000000005
51 -2112808.0000000005
52 -2111805.0000000005
53 -2110800.0000000005
54 -2109795.0000000005
55 -2108790.0000000005
56 -2107788.0000000005
57 -2106786.0000000005
58 -2105786.0000000005
59 -2104778.0000000005
60 -2103778.0000000005
61 -2102772.0000000005
62 -2101763.0000000005
63 -2100754.0000000005
64 -2099747.0000000005
65 -2098744.0000000005
66 -2097740.0000000005
67 -2096739.0000000005
68 -2095732.0000000005
69 -2094724.0000000005
70 -2093720.0000000005
71 -2092716.0000000005
72 -2091711.0000000005
73 -2090705.0000000005
74 -2089700.0000000005
75 -2088692.0000000005
76 -2087685.0000000005
77 -2086679.0000000005
78 -2085677.0000000005
79 -2084668.0000000005
80 -2083659.0000000005
81 -2082658.0000000005
82 -2081652.0000000005
83 -2080648.0000000005
84 -2079647.0000000005
85 -2078638.0000000005
86 -2077631.0000000005
87 -2076625.0000000005
88 -2075624.0000000005
89 -2074621.0000000005
90 -2073619.0000000005
91 299670.2093635020
269 300314.5751932202
821 300672.3370605094
914 300687.2110561568
1122 300791.3747453862
1411 301301.7074453848
1530 301378.0193056628
2219 301560.8381376633
2228 302150.2772613462
2334 302347.6166640695
3214 302647.0252773698
3766 302918.3607006667
4142 303190.3406250912
4604 303714.3977548452
4741 304269.4958858949
4887 304594.5026139527
5118 304644.9193934504
5342 305083.6065092252
5582 305237.2357454290
5677 305462.0080925666
5801 306154.6550128853
7118 306563.6400793650
7919 306615.9452228883
8667 306914.1363688635
8735 307181.5123482124
8869 307537.2917259070
9117 307835.3282060357
9388 308060.9546308062
10069 299493.0456793094
evaluations raw_y
1 -2134785.0000000005
2 -2132770.0000000005
3 -2131762.0000000005
4 -2130756.0000000005
5 -2129750.0000000005
6 -2128749.0000000005
7 -2127746.0000000005
8 -2126742.0000000005
9 -2125737.0000000005
10 -2124737.0000000005
11 -2123737.0000000005
12 -2122729.0000000005
13 -2121729.0000000005
14 -2120720.0000000005
15 -2119711.0000000005
16 -2118709.0000000005
17 -2117703.0000000005
18 -2116695.0000000005
19 -2115689.0000000005
20 -2114685.0000000005
21 -2113682.0000000005
22 -2112675.0000000005
23 -2111671.0000000005
24 -2110664.0000000005
25 -2109664.0000000005
26 -2108657.0000000005
27 -2107648.0000000005
28 -2106648.0000000005
29 -2105648.0000000005
30 -2104643.0000000005
31 -2103637.0000000005
32 -2102636.0000000005
33 -2101630.0000000005
34 -2100622.0000000005
35 -2099614.0000000005
36 -2098614.0000000005
37 -2097608.0000000005
38 -2096607.0000000005
39 -2095602.0000000005
40 -2094601.0000000005
41 -2093595.0000000005
42 -2092586.0000000005
43 -2091586.0000000005
44 -2090585.0000000005
45 -2089576.0000000005
46 -2088571.0000000005
47 -2087563.0000000005
48 -2086559.0000000005
49 -2085552.0000000005
50 -2084548.0000000005
51 -2083540.0000000005
52 -2082534.0000000005
53 -2081534.0000000005
54 -2080529.0000000005
55 -2079522.0000000005
56 -2078520.0000000005
57 -2077518.0000000005
58 -2076517.0000000005
59 -2075508.0000000005
60 -2074506.0000000005
61 -2073505.0000000005
62 312238.9984531412
193 313841.5830176253
331 313977.5053162949
1010 314249.7825595932
1271 314441.5018187756
1272 314505.9278399512
1286 315040.9921083705
1544 316212.4107521641
1687 316901.7657360569
1691 316994.5574030678
1695 317134.6830600046
1862 317914.2121858211
2174 318101.5459092678
2535 319093.0969999749
3454 319454.8356219800
3713 319789.5796532176
4714 319870.6431637797
5173 320099.5410685082
5402 320695.8491017772
5528 320875.1873645646
6119 321231.6395858014
6729 321294.8263797942
6839 321482.5452216828
7696 321772.2760649894
7984 322054.2698006728
8469 322090.9811292810
8983 322480.7885791664
10000 314496.1602696016
evaluations raw_y
1 -2118820.0000000005
3 -2117819.0000000005
4 -2116815.0000000005
5 -2115814.0000000005
6 -2114805.0000000005
7 -2113799.0000000005
8 -2112792.0000000005
9 -2111786.0000000005
10 -2110778.0000000005
11 -2109774.0000000005
12 -2108772.0000000005
13 -2107766.0000000005
14 -2106758.0000000005
15 -2105754.0000000005
16 -2104749.0000000005
17 -2103742.0000000005
18 -2102742.0000000005
19 -2101736.0000000005
20 -2100735.0000000005
21 -2099727.0000000005
22 -2098721.0000000005
23 -2097721.0000000005
24 -2096715.0000000005
25 -2095709.0000000005
26 -2094705.0000000005
27 -2093705.0000000005
28 -2092702.0000000005
29 -2091693.0000000005
30 -2090684.0000000005
31 -2089679.0000000005
32 -2088679.0000000005
33 -2087678.0000000005
34 -2086669.0000000005
35 -2085668.0000000005
36 -2084659.0000000005
37 -2083650.0000000005
38 -2082646.0000000005
39 -2081639.0000000005
40 -2080635.0000000005
41 -2079627.0000000005
42 -2078621.0000000005
43 -2077619.0000000005
44 -2076614.0000000005
45 -2075612.0000000005
46 -2074609.0000000005
47 -2073605.0000000005
48 295966.2144315633
94 296797.1942934435
147 297492.2007929025
364 297795.9491179496
488 297879.5242352397
492 297988.7310260505
574 298182.7863255428
827 298404.2004384997
960 298746.2272423294
1037 299000.8867039734
1075 299169.3800039121
1204 299183.5293855196
1207 299286.3206534497
1211 299477.3029099741
1253 299872.8463727612
1265 300011.3321207071
1282 300331.8954644884
1378 300556.4266933774
1772 300607.3704304119
1783 300757.1993045738
1799 301462.2652298563
2384 301854.7016530856
2768 302444.5270068391
2784 302714.9443080790
2930 302820.0183585938
2972 303041.0090218494
3082 303625.4834917175
3684 303695.3159800255
4231 304222.1270583277
4258 304368.3456229315
4601 304906.7557518345
4981 305113.6604102668
5081 305889.2403219840
5371 305911.0186709323
5852 306165.9354620903
5915 306749.1202932261
7358 307058.0707204260
8663 308032.2463984204
9058 308170.9129514532
10000 303486.8213873261
evaluations raw_y
1 -2128889.0000000005
4 -2127883.0000000005
5 -2126877.0000000005
6 -2125868.0000000005
7 -2124864.0000000005
8 -2123855.0000000005
9 -2122850.0000000005
10 -2121850.0000000005
11 -2120842.0000000005
12 -2119842.0000000005
13 -2118833.0000000005
14 -2117826.0000000005
15 -2116824.0000000005
16 -2115818.0000000005
17 -2114812.0000000005
18 -2113805.0000000005
19 -2112797.0000000005
20 -2111789.0000000005
21 -2110785.0000000005
22 -2109785.0000000005
23 -2108782.0000000005
24 -2107778.0000000005
25 -2106771.0000000005
26 -2105762.0000000005
27 -2104762.0000000005
28 -2103762.0000000005
29 -2102756.0000000005
30 -2101748.0000000005
31 -2100742.0000000005
32 -2099742.0000000005
33 -2098736.0000000005
34 -2097735.0000000005
35 -2096730.0000000005
36 -2095724.0000000005
37 -2094723.0000000005
38 -2093714.0000000005
39 -2092709.0000000005
40 -2091708.0000000005
41 -2090699.0000000005
42 -2089698.0000000005
43 -2088689.0000000005
44 -2087681.0000000005
45 -2086677.0000000005
46 -2085670.0000000005
47 -2084662.0000000005
48 -2083655.0000000005
49 -2082653.0000000005
50 -2081648.0000000005
51 -2080646.0000000005
52 -2079643.0000000005
53 -2078643.0000000005
54 -2077637.0000000005
55 -2076635.0000000005
56 -2075626.0000000005
57 -2074623.0000000005
58 -2073620.0000000005
59 296891.6296715436
116 297110.7794144744
424 297155.5707453426
551 297250.2276298506
556 297387.4950040186
562 298235.2867800637
567 298357.2078188520
1296 298687.0527876024
1433 298781.9313317873
1461 298852.5421964817
1649 299168.4517230677
1773 299484.1535160909
2007 299578.3348613489
2099 299629.0164808250
2105 299732.1879985944
2128 300282.5753484471
2257 300559.6535196537
2387 300737.6557080832
2829 301355.4269141105
2885 301815.3126436335
3319 301966.1584811143
3826 301986.5493066566
4273 302418.8418382973
4387 302885.0131004413
4484 303379.0475390391
4978 303858.3798829813
6884 305418.7627325027
7845 305659.3986923756
9540 305772.7649111637
9688 305932.1917123133
9806 306059.7926412934
10000 299789.2736218175
evaluations raw_y
1 -2108744.0000000005
3 -2107742.0000000005
4 -2106736.0000000005
5 -2105730.0000000005
6 -2104724.0000000005
7 -2103720.0000000005
8 -2102711.0000000005
9 -2101706.0000000005
10 -2100706.0000000005
11 -2099697.0000000005
12 -2098688.0000000005
13 -2097681.0000000005
14 -2096677.0000000005
15 -2095677.0000000005
16 -2094670.0000000005
17 -2093666.0000000005
18 -2092659.0000000005
19 -2091659.0000000005
20 -2090652.0000000005
21 -2089643.0000000005
22 -2088643.0000000005
23 -2087643.0000000005
24 -2086637.0000000005
25 -2085634.0000000005
26 -2084626.0000000005
27 -2083618.0000000005
28 -2082616.0000000005
29 -2081615.0000000005
30 -2080609.0000000005
31 -2079608.0000000005
32 -2078604.0000000005
33 -2077604.0000000005
34 -2076601.0000000005
35 -2075592.0000000005
36 -2074587.0000000005
37 -2073587.0000000005
38 307234.5396468107
39 307757.2976668565
42 308149.0675266939
82 308362.4931774249
159 308646.4188385353
426 308803.4211399842
736 309391.3963727843
737 309447.3971869020
758 309772.4398426923
922 309938.3369338285
1171 309956.1075939138
1519 310006.0774304033
1570 310256.8893009044
1572 310491.4552274109
1869 310911.7583102079
1872 311015.7923207072
2333 311516.1361971874
2741 311578.9085157951
2764 311853.5423240557
2985 311911.0160900418
2988 312119.4763434486
3110 312509.3978470101
3279 312737.9904696017
3429 312950.9611427573
4080 313224.2976636139
4088 313711.4928387785
5318 313968.6434967893
5665 314728.5222959155
5786 315024.2740111782
5951 315667.5682882706
6544 315747.8013481892
6562 316664.4755750869
6889 316702.2077925724
7197 317271.7258950006
7929 317863.0722069370
8505 318156.3843157719
9140 318368.8909271196
9806 318932.1011587986
10000 307333.4126152372
evaluations raw_y
1 -2159971.0000000005
3 -2158963.0000000005
4 -2157957.0000000005
5 -2156948.0000000005
6 -2155944.0000000005
7 -2154943.0000000005
8 -2153940.0000000005
9 -2152936.0000000005
10 -2151931.0000000005
11 -2150931.0000000005
12 -2149924.0000000005
13 -2148916.0000000005
14 -2147907.0000000005
15 -2146900.0000000005
16 -2145896.0000000005
17 -2144890.0000000005
18 -2143883.0000000005
19 -2142875.0000000005
20 -2141867.0000000005
21 -2140860.0000000005
22 -2139853.0000000005
23 -2138853.0000000005
24 -2137853.0000000005
25 -2136848.0000000005
26 -2135842.0000000005
27 -2134839.0000000005
28 -2133831.0000000005
29 -2132823.0000000005
30 -2131815.0000000005
31 -2130809.0000000005
32 -2129807.0000000005
33 -2128807.0000000005
34 -2127806.0000000005
35 -2126801.0000000005
36 -2125800.0000000005
37 -2124798.0000000005
38 -2123797.0000000005
39 -2122797.0000000005
40 -2121788.0000000005
41 -2120783.0000000005
42 -2119782.0000000005
43 -2118781.0000000005
44 -2117772.0000000005
45 -2116763.0000000005
46 -2115755.0000000005
47 -2114746.0000000005
48 -2113742.0000000005
49 -2112735.0000000005
50 -2111731.0000000005
51 -2110724.0000000005
52 -2109722.0000000005
53 -2108718.0000000005
54 -2107716.0000000005
55 -2106715.0000000005
56 -2105707.0000000005
57 -2104698.0000000005
58 -2103689.0000000005
59 -2102686.0000000005
60 -2101682.0000000005
61 -2100674.0000000005
62 -2099670.0000000005
63 -2098664.0000000005
64 -2097655.0000000005
65 -2096647.0000000005
66 -2095642.0000000005
67 -2094639.0000000005
68 -2093637.0000000005
69 -2092628.0000000005
70 -2091628.0000000005
71 -2090622.0000000005
72 -2089617.0000000005
73 -2088615.0000000005
74 -2087613.0000000005
75 -2086612.0000000005
76 -2085612.0000000005
77 -2084612.0000000005
78 -2083603.0000000005
79 -2082596.0000000005
80 -2081596.0000000005
81 -2080593.0000000005
82 -2079585.0000000005
83 -2078584.0000000005
84 -2077577.0000000005
85 -2076573.0000000005
86 -2075569.0000000005
87 -2074561.0000000005
88 -2073557.0000000005
89 310085.1331228441
354 310556.3283205352
855 310794.7337286823
957 310800.6098921790
1063 311293.3207700139
1088 311334.4504927873
1537 311430.8028038582
1656 312089.4081954180
1731 312260.7467415605
1958 312722.6511520144
2053 313091.0999360299
2170 313635.5572771742
2561 313878.8940733035
3018 314436.6712252925
3173 314648.6644510991
3190 314688.3811040712
3303 314699.4707928613
3461 314766.5532185768
3697 315016.7265090327
4110 315772.5137031394
4280 315993.4294536989
5063 316150.1052347417
5198 316606.9427224711
5707 316978.3250271351
6298 317140.6079453819
6346 317207.5294100413
6376 317610.3973461875
8796 317910.9075527741
9356 318366.1126944990
10000 311065.7207641756
evaluations raw_y
1 -2128802.0000000005
3 -2128800.0000000005
4 -2127794.0000000005
5 -2126793.0000000005
6 -2125784.0000000005
7 -2124783.0000000005
8 -2123774.0000000005
9 -2122774.0000000005
10 -2121766.0000000005
11 -2120766.0000000005
12 -2119762.0000000005
13 -2118760.0000000005
14 -2117754.0000000005
15 -2116748.0000000005
16 -2115741.0000000005
17 -2114733.0000000005
18 -2113725.0000000005
19 -2112719.0000000005
20 -2111715.0000000005
21 -2110715.0000000005
22 -2109708.0000000005
23 -2108701.0000000005
24 -2107694.0000000005
25 -2106685.0000000005
26 -2105682.0000000005
27 -2104674.0000000005
28 -2103666.0000000005
29 -2102664.0000000005
30 -2101658.0000000005
31 -2100657.0000000005
32 -2099652.0000000005
33 -2098646.0000000005
34 -2097637.0000000005
35 -2096628.0000000005
36 -2095623.0000000005
37 -2094623.0000000005
38 -2093622.0000000005
39 -2092617.0000000005
40 -2091614.0000000005
41 -2090605.0000000005
42 -2089597.0000000005
43 -2088588.0000000005
44 -2087581.0000000005
45 -2086577.0000000005
46 -2085572.0000000005
47 -2084565.0000000005
48 -2083560.0000000005
49 -2082557.0000000005
50 -2081557.0000000005
51 -2080553.0000000005
52 -2079552.0000000005
53 -2078544.0000000005
54 -2077538.0000000005
55 -2076534.0000000005
56 -2075526.0000000005
57 -2074517.0000000005
58 -2073509.0000000005
59 303283.8397644826
62 303291.2390502389
119 303856.5495664268
243 303955.8222726996
251 304085.9492818373
327 304215.0026053747
400 304302.2526445299
410 304499.6440351814
423 304855.5617334762
442 305301.2069553903
744 305450.6239914503
880 305629.9396546165
1100 306200.5637489810
1491 306304.7462353086
1696 306531.8562816533
1704 306927.8103390743
1714 307049.0104058618
1752 307281.9494253269
2107 307924.5077766436
2694 307992.7775716046
2722 308676.6130702868
2937 308677.5894466431
3142 309388.6807729444
3319 309423.3393635065
3465 309428.3215687964
3660 310179.7509072786
3799 310182.4074538866
4100 310200.6569708223
4115 310741.7251003240
5439 310799.4885186256
6384 311112.8773362194
7668 311262.7708176963
8464 312178.5837759573
9363 312721.0599298422
9846 313118.7695548492
10000 305258.3649678155
evaluations raw_y
1 -2113714.0000000005
2 -2112710.0000000005
3 -2111702.0000000005
4 -2110696.0000000005
5 -2109690.0000000005
6 -2108684.0000000005
7 -2107683.0000000005
8 -2106679.0000000005
9 -2105674.0000000005
10 -2104674.0000000005
11 -2103674.0000000005
12 -2102665.0000000005
13 -2101661.0000000005
14 -2100659.0000000005
15 -2099653.0000000005
16 -2098647.0000000005
17 -2097640.0000000005
18 -2096632.0000000005
19 -2095624.0000000005
20 -2094618.0000000005
21 -2093615.0000000005
22 -2092611.0000000005
23 -2091604.0000000005
24 -2090604.0000000005
25 -2089604.0000000005
26 -2088599.0000000005
27 -2087598.0000000005
28 -2086595.0000000005
29 -2085587.0000000005
30 -2084579.0000000005
31 -2083571.0000000005
32 -2082569.0000000005
33 -2081563.0000000005
34 -2080562.0000000005
35 -2079560.0000000005
36 -2078554.0000000005
37 -2077553.0000000005
38 -2076550.0000000005
39 -2075541.0000000005
40 -2074541.0000000005
41 -2073537.0000000005
42 296740.9941637900
166 297078.4607685886
179 297547.3978162027
495 298658.1332996226
498 298874.4445026235
573 299512.8849483238
587 299669.1080419481
900 299716.0833666013
1154 299729.6246015278
1349 299736.8974991913
1541 300000.7089934270
1596 300671.4861789587
1988 300908.2158305102
2291 301681.9145924852
2573 301890.1911658467
3669 301918.5421468726
3800 302555.6683806633
4503 302812.3171161287
4550 303944.6495443308
4829 304449.7263624818
4973 304781.9769205808
5072 305382.2087946333
5489 305468.6212348735
5673 306045.7153068729
5808 306432.6066229080
5992 307079.1612038040
6217 307257.6858070583
6254 307560.2715584064
7758 308754.2869450570
7790 308957.5584739243
7803 309438.8776830544
10000 301521.9879451602
evaluations raw_y
1 -2100655.0000000005
4 -2100653.0000000005
5 -2099653.0000000005
6 -2098647.0000000005
7 -2097639.0000000005
8 -2096639.0000000005
9 -2095630.0000000005
10 -2094623.0000000005
11 -2093619.0000000005
12 -2092613.0000000005
13 -2091607.0000000005
14 -2090599.0000000005
15 -2089591.0000000005
16 -2088585.0000000005
17 -2087580.0000000005
18 -2086580.0000000005
19 -2085573.0000000005
20 -2084569.0000000005
21 -2083562.0000000005
22 -2082555.0000000005
23 -2081546.0000000005
24 -2080546.0000000005
25 -2079545.0000000005
26 -2078537.0000000005
27 -2077529.0000000005
28 -2076523.0000000005
29 -2075523.0000000005
30 -2074517.0000000005
31 -2073511.0000000005
32 308104.9032558734
38 308890.6554236302
232 309342.3646272994
296 309537.4779334251
432 309594.3839361027
433 310067.4596245788
437 310106.7434487495
446 311095.8652954986
697 311168.3652979831
760 311281.8105939013
851 311540.6895934741
930 311690.9881963949
962 312267.2564135244
1189 312862.6700536362
1393 313696.7561539908
3063 313991.3364932988
3086 314317.7390552659
3310 314618.7687778607
3545 314688.0718464421
4030 315190.6853256003
4573 315713.3191676886
4787 315836.5024355262
5748 315895.1073106011
6243 316276.5577726417
6372 316430.8326821321
6709 316806.4943051242
6912 316848.6499642748
7727 316933.4111141100
7801 317569.0709880678
9986 317608.5605312789
10000 303065.2489997399
evaluations raw_y
1 -2121724.0000000005
3 -2120718.0000000005
4 -2119717.0000000005
5 -2118711.0000000005
6 -2117710.0000000005
7 -2116706.0000000005
8 -2115703.0000000005
9 -2114694.0000000005
10 -2113688.0000000005
11 -2112683.0000000005
12 -2111683.0000000005
13 -2110674.0000000005
14 -2109665.0000000005
15 -2108658.0000000005
16 -2107654.0000000005
17 -2106652.0000000005
18 -2105646.0000000005
19 -2104638.0000000005
20 -2103630.0000000005
21 -2102622.0000000005
22 -2101618.0000000005
23 -2100613.0000000005
24 -2099613.0000000005
25 -2098609.0000000005
26 -2097602.0000000005
27 -2096602.0000000005
28 -2095602.0000000005
29 -2094597.0000000005
30 -2093591.0000000005
31 -2092588.0000000005
32 -2091582.0000000005
33 -2090580.0000000005
34 -2089580.0000000005
35 -2088574.0000000005
36 -2087570.0000000005
37 -2086567.0000000005
38 -2085567.0000000005
39 -2084558.0000000005
40 -2083557.0000000005
41 -2082552.0000000005
42 -2081543.0000000005
43 -2080540.0000000005
44 -2079539.0000000005
45 -2078530.0000000005
46 -2077523.0000000005
47 -2076515.0000000005
48 -2075509.0000000005
49 -2074507.0000000005
50 -2073502.0000000005
51 305662.5285055633
149 305760.7926693124
257 306309.3511493290
317 306403.0521536601
370 306784.1348409110
674 306943.8472262878
738 307566.6113172607
788 307991.8275731976
1201 308286.3838746469
1321 308839.6920813356
1372 309261.6909765177
1722 309301.9888976648
1734 309916.8237666218
2115 310285.8738747194
2460 310745.4667116719
2496 310879.8918906166
2628 310926.5783909095
2743 311252.6430515081
2817 311636.4494581477
2918 311708.1296343929
3157 311766.8229588770
3272 312396.7284626851
3657 312741.2232090914
4645 312855.7385346725
4835 313434.8511992632
5232 313722.8684520593
7498 314220.3586246761
8162 314629.0053065519
8987 315360.0881064972
9915 315955.4431845303
10000 309525.8748280350
evaluations raw_y
1 -2122885.0000000005
5 -2121878.0000000005
6 -2120874.0000000005
7 -2119868.0000000005
8 -2118863.0000000005
9 -2117863.0000000005
10 -2116856.0000000005
11 -2115850.0000000005
12 -2114842.0000000005
13 -2113833.0000000005
14 -2112826.0000000005
15 -2111824.0000000005
16 -2110818.0000000005
17 -2109812.0000000005
18 -2108805.0000000005
19 -2107797.0000000005
20 -2106789.0000000005
21 -2105784.0000000005
22 -2104784.0000000005
23 -2103780.0000000005
24 -2102773.0000000005
25 -2101767.0000000005
26 -2100764.0000000005
27 -2099756.0000000005
28 -2098748.0000000005
29 -2097742.0000000005
30 -2096740.0000000005
31 -2095734.0000000005
32 -2094733.0000000005
33 -2093733.0000000005
34 -2092730.0000000005
35 -2091725.0000000005
36 -2090725.0000000005
37 -2089724.0000000005
38 -2088715.0000000005
39 -2087706.0000000005
40 -2086698.0000000005
41 -2085689.0000000005
42 -2084685.0000000005
43 -2083678.0000000005
44 -2082670.0000000005
45 -2081668.0000000005
46 -2080661.0000000005
47 -2079659.0000000005
48 -2078657.0000000005
49 -2077653.0000000005
50 -2076644.0000000005
51 -2075636.0000000005
52 -2074627.0000000005
53 -2073621.0000000005
54 302081.6344443003
103 302246.1329306441
264 302562.8088257890
412 302937.3355349592
639 302937.9456379954
651 303238.6675034607
662 303492.8498438202
801 303881.7537627160
919 303943.1639100657
986 303961.9332879800
987 304197.6941433357
1052 304699.7249854967
1157 304788.5744969146
1485 304804.5788663482
1495 305119.2266249550
1497 305147.0402515007
1532 305268.5990649892
1569 305792.1407681498
2059 306019.5827877219
2818 306987.6175130085
3059 307367.4739732646
3173 307388.8373778726
3249 307561.8203033789
3305 307653.4425537527
3502 307799.9200764173
3543 307991.6354784014
4006 308278.3310303714
4583 308329.0873783322
5153 308538.7124247380
5179 308781.7463245551
5475 308863.1272790673
5764 309019.4320375025
6341 309254.5837577846
6432 309258.7748256257
6446 309732.4812162178
6661 310043.5223254584
7155 310132.7966652623
7549 310202.6063464986
7600 310426.9142967309
7642 310490.1157682319
8924 310573.1245832517
9195 310634.4409673525
9288 311154.7041444714
10000 303507.0684517901
evaluations raw_y
1 -2135877.0000000005
4 -2134871.0000000005
5 -2133862.0000000005
6 -2132853.0000000005
7 -2131848.0000000005
8 -2130848.0000000005
9 -2129848.0000000005
10 -2128841.0000000005
11 -2127835.0000000005
12 -2126827.0000000005
13 -2125827.0000000005
14 -2124818.0000000005
15 -2123816.0000000005
16 -2122810.0000000005
17 -2121804.0000000005
18 -2120797.0000000005
19 -2119789.0000000005
20 -2118783.0000000005
21 -2117783.0000000005
22 -2116776.0000000005
23 -2115772.0000000005
24 -2114765.0000000005
25 -2113765.0000000005
26 -2112758.0000000005
27 -2111758.0000000005
28 -2110758.0000000005
29 -2109752.0000000005
30 -2108746.0000000005
31 -2107743.0000000005
32 -2106735.0000000005
33 -2105727.0000000005
34 -2104727.0000000005
35 -2103721.0000000005
36 -2102720.0000000005
37 -2101715.0000000005
38 -2100709.0000000005
39 -2099707.0000000005
40 -2098706.0000000005
41 -2097697.0000000005
42 -2096688.0000000005
43 -2095688.0000000005
44 -2094679.0000000005
45 -2093678.0000000005
46 -2092675.0000000005
47 -2091674.0000000005
48 -2090670.0000000005
49 -2089663.0000000005
50 -2088658.0000000005
51 -2087653.0000000005
52 -2086651.0000000005
53 -2085649.0000000005
54 -2084646.0000000005
55 -2083637.0000000005
56 -2082631.0000000005
57 -2081630.0000000005
58 -2080628.0000000005
59 -2079622.0000000005
60 -2078621.0000000005
61 -2077617.0000000005
62 -2076609.0000000005
63 -2075601.0000000005
64 -2074595.0000000005
65 -2073586.0000000005
66 301031.9953699344
131 302142.0874426553
858 302381.7151181132
933 302411.5797201330
937 302788.3958760054
938 303788.4914045149
947 303788.5392489206
952 304980.1536978557
2234 305606.9713736145
2310 306069.8937032908
2421 306890.0192609451
2769 307073.8808946153
2893 307122.8616256549
3418 307975.4169126278
3514 308219.4556636347
3728 308723.0794409902
3805 308968.3250099923
3867 309011.2704453921
3894 309104.9136066853
4132 309603.4346032890
5520 309934.9491357090
5607 310744.1540900694
6156 311489.1373035962
6314 312346.8969202481
6898 313201.6993440027
7664 313349.7399950221
7697 313779.5652919575
7813 313856.8586214198
7835 313994.1674176450
8019 314822.5661469394
8609 315556.0266529680
10000 307585.8649802379
evaluations raw_y
1 -2127810.0000000005
3 -2127808.0000000005
4 -2126802.0000000005
5 -2125796.0000000005
6 -2124795.0000000005
7 -2123786.0000000005
8 -2122783.0000000005
9 -2121779.0000000005
10 -2120773.0000000005
11 -2119768.0000000005
12 -2118761.0000000005
13 -2117755.0000000005
14 -2116746.0000000005
15 -2115740.0000000005
16 -2114732.0000000005
17 -2113724.0000000005
18 -2112718.0000000005
19 -2111714.0000000005
20 -2110714.0000000005
21 -2109711.0000000005
22 -2108707.0000000005
23 -2107700.0000000005
24 -2106700.0000000005
25 -2105695.0000000005
26 -2104694.0000000005
27 -2103688.0000000005
28 -2102685.0000000005
29 -2101677.0000000005
30 -2100669.0000000005
31 -2099663.0000000005
32 -2098662.0000000005
33 -2097657.0000000005
34 -2096656.0000000005
35 -2095654.0000000005
36 -2094648.0000000005
37 -2093644.0000000005
38 -2092641.0000000005
39 -2091636.0000000005
40 -2090635.0000000005
41 -2089626.0000000005
42 -2088625.0000000005
43 -2087620.0000000005
44 -2086611.0000000005
45 -2085602.0000000005
46 -2084598.0000000005
47 -2083590.0000000005
48 -2082583.0000000005
49 -2081581.0000000005
50 -2080581.0000000005
51 -2079576.0000000005
52 -2078574.0000000005
53 -2077565.0000000005
54 -2076556.0000000005
55 -2075550.0000000005
56 -2074548.0000000005
57 -2073547.0000000005
58 300287.1052638497
806 300924.3371034760
1217 300973.9525155807
1275 301074.7309699381
1278 301602.7186000448
1484 301870.0585243991
1662 302252.5122375793
1673 302478.5766665566
1757 302585.6506518042
1822 302607.2587830420
1826 302828.4823178907
1834 302912.3870260601
1920 303269.8917835084
2001 303672.5127595797
2265 304128.8607208578
2499 304594.4196013280
2871 304754.4413452865
3041 304999.9043602337
3370 305530.5662080650
3560 305544.1173547216
3613 305747.5915963412
3730 305988.8820622771
4031 306100.0517377109
4396 306372.6113213836
5239 306823.6591409547
6496 306858.9882971577
7777 306910.1762721101
8196 307320.5333988275
9406 307367.8297003325
9787 307704.4723796997
10034 299388.2769246128
evaluations raw_y
1 -2122836.0000000005
3 -2121828.0000000005
4 -2120822.0000000005
5 -2119821.0000000005
6 -2118817.0000000005
7 -2117808.0000000005
8 -2116802.0000000005
9 -2115797.0000000005
10 -2114797.0000000005
11 -2113790.0000000005
12 -2112782.0000000005
13 -2111773.0000000005
14 -2110769.0000000005
15 -2109767.0000000005
16 -2108761.0000000005
17 -2107755.0000000005
18 -2106747.0000000005
19 -2105741.0000000005
20 -2104737.0000000005
21 -2103732.0000000005
22 -2102725.0000000005
23 -2101721.0000000005
24 -2100721.0000000005
25 -2099715.0000000005
26 -2098709.0000000005
27 -2097706.0000000005
28 -2096698.0000000005
29 -2095692.0000000005
30 -2094691.0000000005
31 -2093686.0000000005
32 -2092685.0000000005
33 -2091683.0000000005
34 -2090682.0000000005
35 -2089678.0000000005
36 -2088669.0000000005
37 -2087660.0000000005
38 -2086655.0000000005
39 -2085650.0000000005
40 -2084641.0000000005
41 -2083638.0000000005
42 -2082637.0000000005
43 -2081628.0000000005
44 -2080624.0000000005
45 -2079620.0000000005
46 -2078612.0000000005
47 -2077610.0000000005
48 -2076610.0000000005
49 -2075605.0000000005
50 -2074600.0000000005
51 -2073598.0000000005
52 311163.4018952392
161 311300.3408381050
162 311484.3456755013
220 311827.8675488170
328 311918.4199585963
334 312943.7384228356
469 313407.9404174597
617 313594.4334267327
792 313943.2194538375
990 313959.5497362560
995 314117.9004246378
1397 314134.3567144774
1597 314614.8793835075
2126 314995.1837894492
2547 315302.5266954451
2613 315488.6969141618
2700 315502.6316641804
2737 315918.5475059514
3350 316356.7733633288
3700 316372.3682372917
3727 316509.8790209002
3887 316811.7052972820
3931 317113.3479421333
4355 317369.0344538927
4386 317526.0965301433
4415 317656.9560871366
4501 317843.0403791851
4961 318008.3138031508
5135 318323.5520222423
5633 319145.5730054441
6210 319622.8652693070
6399 320644.5918485287
6809 320925.6452433837
6848 321331.4658998043
6951 322451.9366798174
7725 322488.3883516210
9128 322751.1644326404
9250 323513.7963892754
9636 323675.4552398403
10000 303247.9658957930
