evaluations raw_y
1 -2011.0000000000
11 -2010.0000000000
12 -2009.0000000000
14 -2008.0000000000
16 -2007.0000000000
31 -2006.0000000000
33 -2005.0000000000
56 -2004.0000000000
100 -2003.0000000000
122 -2002.0000000000
201 -1998.0000000000
202 -1997.0000000000
240 -1996.0000000000
332 -1995.0000000000
348 -1994.0000000000
382 -1992.0000000000
477 -1991.0000000000
528 -1990.0000000000
715 -1989.0000000000
819 -1987.0000000000
905 -1986.0000000000
921 -1985.0000000000
1019 -1983.0000000000
1034 -1982.0000000000
1224 -1981.0000000000
1227 -1979.0000000000
1245 -1978.0000000000
1264 -1977.0000000000
1352 -1976.0000000000
1426 -1974.0000000000
1625 -1972.0000000000
1763 -1971.0000000000
1772 -1969.0000000000
2099 -1967.0000000000
2130 -1966.0000000000
2155 -1964.0000000000
2398 -1963.0000000000
2400 -1962.0000000000
2404 -1961.0000000000
2432 -1960.0000000000
2480 -1959.0000000000
2482 -1958.0000000000
2535 -1957.0000000000
2649 -1956.0000000000
2686 -1955.0000000000
3062 -1954.0000000000
3167 -1953.0000000000
3241 -1952.0000000000
3597 -1951.0000000000
3639 -1949.0000000000
3665 -1948.0000000000
3806 -1947.0000000000
3870 -1946.0000000000
3877 -1945.0000000000
3944 -1944.0000000000
4013 -1942.0000000000
4197 -1940.0000000000
4327 -1939.0000000000
4754 -1938.0000000000
4799 -1937.0000000000
4822 -1936.0000000000
5792 -1935.0000000000
5837 -1934.0000000000
5907 -1932.0000000000
5916 -1931.0000000000
6170 -1930.0000000000
6447 -1928.0000000000
7060 -1927.0000000000
7587 -1926.0000000000
7801 -1925.0000000000
7963 -1924.0000000000
8040 -1923.0000000000
9223 -1922.0000000000
9362 -1921.0000000000
9385 -1920.0000000000
9681 -1919.0000000000
9767 -1918.0000000000
9776 -1917.0000000000
10000 -1988.0000000000
evaluations raw_y
1 -1987.0000000000
4 -1985.0000000000
7 -1984.0000000000
16 -1983.0000000000
25 -1982.0000000000
37 -1980.0000000000
115 -1978.0000000000
121 -1977.0000000000
175 -1976.0000000000
235 -1975.0000000000
236 -1973.0000000000
322 -1971.0000000000
346 -1969.0000000000
353 -1968.0000000000
597 -1967.0000000000
649 -1966.0000000000
673 -1965.0000000000
745 -1964.0000000000
771 -1963.0000000000
864 -1962.0000000000
877 -1961.0000000000
947 -1960.0000000000
961 -1959.0000000000
984 -1958.0000000000
1020 -1957.0000000000
1065 -1956.0000000000
1284 -1955.0000000000
1374 -1954.0000000000
1734 -1953.0000000000
1792 -1952.0000000000
1801 -1951.0000000000
1817 -1950.0000000000
1896 -1949.0000000000
2106 -1948.0000000000
2156 -1947.0000000000
2196 -1946.0000000000
2333 -1945.0000000000
2436 -1944.0000000000
2497 -1942.0000000000
2570 -1941.0000000000
2619 -1940.0000000000
2620 -1939.0000000000
2631 -1938.0000000000
2653 -1937.0000000000
2731 -1936.0000000000
2748 -1935.0000000000
2767 -1934.0000000000
2881 -1933.0000000000
3009 -1932.0000000000
3041 -1931.0000000000
3076 -1930.0000000000
3254 -1929.0000000000
3347 -1928.0000000000
3361 -1927.0000000000
3459 -1926.0000000000
3785 -1925.0000000000
4039 -1924.0000000000
4148 -1923.0000000000
4149 -1922.0000000000
4279 -1921.0000000000
4639 -1920.0000000000
5066 -1919.0000000000
5489 -1918.0000000000
5538 -1917.0000000000
5859 -1916.0000000000
6045 -1915.0000000000
6065 -1914.0000000000
6357 -1913.0000000000
6618 -1912.0000000000
6753 -1911.0000000000
6874 -1910.0000000000
6933 -1908.0000000000
7040 -1907.0000000000
7612 -1906.0000000000
7743 -1905.0000000000
7942 -1904.0000000000
8250 -1903.0000000000
8903 -1902.0000000000
8972 -1901.0000000000
9005 -1900.0000000000
9393 -1899.0000000000
9744 -1898.0000000000
10000 -1965.0000000000
evaluations raw_y
1 -1978.0000000000
9 -1977.0000000000
11 -1976.0000000000
12 -1973.0000000000
26 -1972.0000000000
37 -1971.0000000000
72 -1970.0000000000
116 -1968.0000000000
157 -1966.0000000000
177 -1965.0000000000
199 -1964.0000000000
256 -1963.0000000000
341 -1962.0000000000
342 -1961.0000000000
355 -1960.0000000000
376 -1959.0000000000
385 -1958.0000000000
427 -1957.0000000000
458 -1956.0000000000
580 -1954.0000000000
655 -1951.0000000000
796 -1950.0000000000
800 -1948.0000000000
822 -1944.0000000000
870 -1941.0000000000
1120 -1939.0000000000
1294 -1935.0000000000
1316 -1934.0000000000
1322 -1933.0000000000
1333 -1932.0000000000
1334 -1931.0000000000
1357 -1929.0000000000
1649 -1928.0000000000
1757 -1927.0000000000
1868 -1926.0000000000
2207 -1925.0000000000
2236 -1923.0000000000
2493 -1922.0000000000
2661 -1921.0000000000
2690 -1920.0000000000
2754 -1919.0000000000
2791 -1918.0000000000
2847 -1917.0000000000
2864 -1916.0000000000
3083 -1915.0000000000
3278 -1914.0000000000
3295 -1913.0000000000
3318 -1912.0000000000
3433 -1911.0000000000
3743 -1909.0000000000
4444 -1908.0000000000
4584 -1907.0000000000
4866 -1906.0000000000
4869 -1904.0000000000
5002 -1903.0000000000
5129 -1902.0000000000
5186 -1901.0000000000
5460 -1900.0000000000
5491 -1899.0000000000
5739 -1895.0000000000
5859 -1893.0000000000
6027 -1892.0000000000
6755 -1891.0000000000
6924 -1889.0000000000
6933 -1888.0000000000
7033 -1886.0000000000
7398 -1885.0000000000
7430 -1884.0000000000
7434 -1883.0000000000
7437 -1882.0000000000
7491 -1880.0000000000
7637 -1879.0000000000
7946 -1877.0000000000
8008 -1875.0000000000
8051 -1874.0000000000
8377 -1873.0000000000
8742 -1872.0000000000
8748 -1871.0000000000
8895 -1869.0000000000
9127 -1867.0000000000
9304 -1866.0000000000
9369 -1865.0000000000
9373 -1864.0000000000
9495 -1862.0000000000
9829 -1860.0000000000
9894 -1859.0000000000
10000 -1890.0000000000
evaluations raw_y
1 -2032.0000000000
3 -2031.0000000000
5 -2030.0000000000
31 -2028.0000000000
35 -2026.0000000000
39 -2025.0000000000
76 -2023.0000000000
149 -2022.0000000000
172 -2021.0000000000
202 -2020.0000000000
219 -2019.0000000000
283 -2018.0000000000
322 -2017.0000000000
331 -2016.0000000000
377 -2015.0000000000
381 -2014.0000000000
391 -2012.0000000000
400 -2010.0000000000
405 -2009.0000000000
416 -2008.0000000000
433 -2007.0000000000
543 -2006.0000000000
596 -2005.0000000000
599 -2004.0000000000
620 -2003.0000000000
722 -2000.0000000000
775 -1999.0000000000
826 -1998.0000000000
894 -1997.0000000000
916 -1996.0000000000
925 -1995.0000000000
940 -1994.0000000000
1156 -1993.0000000000
1207 -1992.0000000000
1209 -1991.0000000000
1362 -1989.0000000000
1645 -1988.0000000000
1756 -1987.0000000000
1934 -1986.0000000000
2244 -1985.0000000000
3003 -1983.0000000000
3061 -1982.0000000000
3227 -1980.0000000000
3568 -1979.0000000000
3593 -1978.0000000000
3658 -1976.0000000000
4184 -1975.0000000000
4334 -1973.0000000000
4835 -1972.0000000000
5060 -1971.0000000000
5118 -1970.0000000000
5422 -1969.0000000000
6471 -1968.0000000000
6591 -1967.0000000000
6777 -1966.0000000000
7048 -1964.0000000000
7058 -1963.0000000000
7285 -1962.0000000000
7581 -1961.0000000000
7596 -1959.0000000000
7615 -1957.0000000000
7978 -1956.0000000000
8124 -1955.0000000000
8181 -1953.0000000000
8369 -1951.0000000000
8583 -1950.0000000000
8591 -1949.0000000000
8809 -1948.0000000000
8852 -1945.0000000000
9071 -1944.0000000000
9489 -1943.0000000000
9822 -1942.0000000000
10000 -2017.0000000000
evaluations raw_y
1 -2075.0000000000
3 -2072.0000000000
12 -2071.0000000000
24 -2070.0000000000
33 -2067.0000000000
35 -2065.0000000000
44 -2063.0000000000
72 -2062.0000000000
95 -2061.0000000000
99 -2059.0000000000
103 -2058.0000000000
109 -2057.0000000000
132 -2056.0000000000
138 -2055.0000000000
142 -2054.0000000000
146 -2053.0000000000
171 -2052.0000000000
274 -2051.0000000000
317 -2049.0000000000
338 -2048.0000000000
459 -2047.0000000000
480 -2046.0000000000
487 -2044.0000000000
714 -2043.0000000000
735 -2042.0000000000
761 -2041.0000000000
848 -2040.0000000000
1024 -2039.0000000000
1065 -2037.0000000000
1216 -2035.0000000000
1345 -2032.0000000000
1383 -2029.0000000000
1391 -2028.0000000000
1438 -2027.0000000000
1503 -2026.0000000000
1633 -2025.0000000000
1645 -2024.0000000000
1662 -2023.0000000000
1744 -2022.0000000000
1878 -2020.0000000000
2187 -2019.0000000000
2211 -2016.0000000000
2286 -2014.0000000000
2392 -2009.0000000000
2417 -2008.0000000000
2438 -2007.0000000000
2489 -2006.0000000000
2652 -2005.0000000000
2658 -2004.0000000000
2921 -2003.0000000000
2928 -2001.0000000000
3012 -1999.0000000000
3074 -1998.0000000000
3137 -1997.0000000000
3143 -1996.0000000000
3410 -1995.0000000000
3540 -1993.0000000000
3876 -1992.0000000000
4042 -1991.0000000000
4118 -1989.0000000000
4244 -1988.0000000000
4635 -1987.0000000000
4691 -1986.0000000000
4786 -1985.0000000000
5106 -1984.0000000000
5612 -1982.0000000000
5782 -1981.0000000000
6022 -1979.0000000000
6558 -1978.0000000000
7319 -1977.0000000000
7628 -1975.0000000000
7725 -1974.0000000000
7856 -1973.0000000000
8518 -1972.0000000000
8519 -1971.0000000000
9633 -1970.0000000000
9851 -1969.0000000000
10000 -2028.0000000000
evaluations raw_y
1 -2001.0000000000
3 -2000.0000000000
5 -1999.0000000000
8 -1998.0000000000
27 -1997.0000000000
28 -1995.0000000000
35 -1994.0000000000
85 -1993.0000000000
101 -1991.0000000000
108 -1990.0000000000
154 -1987.0000000000
182 -1986.0000000000
259 -1985.0000000000
281 -1984.0000000000
420 -1983.0000000000
421 -1982.0000000000
520 -1980.0000000000
570 -1979.0000000000
590 -1978.0000000000
893 -1977.0000000000
1008 -1976.0000000000
1053 -1975.0000000000
1078 -1974.0000000000
1080 -1973.0000000000
1263 -1971.0000000000
1334 -1969.0000000000
1422 -1967.0000000000
1497 -1966.0000000000
1565 -1965.0000000000
1686 -1964.0000000000
1805 -1963.0000000000
1908 -1962.0000000000
1934 -1961.0000000000
2191 -1960.0000000000
2220 -1959.0000000000
2320 -1958.0000000000
2453 -1957.0000000000
2457 -1956.0000000000
2542 -1955.0000000000
2603 -1953.0000000000
2615 -1952.0000000000
2682 -1948.0000000000
3149 -1947.0000000000
3162 -1946.0000000000
3194 -1945.0000000000
3682 -1943.0000000000
3722 -1941.0000000000
3846 -1940.0000000000
4144 -1939.0000000000
4196 -1937.0000000000
4222 -1936.0000000000
4295 -1935.0000000000
4355 -1934.0000000000
4440 -1933.0000000000
4444 -1932.0000000000
4540 -1931.0000000000
4545 -1930.0000000000
4582 -1929.0000000000
4612 -1928.0000000000
4752 -1927.0000000000
4987 -1925.0000000000
5349 -1924.0000000000
5448 -1923.0000000000
5623 -1922.0000000000
5912 -1921.0000000000
5914 -1919.0000000000
5948 -1918.0000000000
6023 -1916.0000000000
6079 -1915.0000000000
6333 -1914.0000000000
6395 -1913.0000000000
6483 -1912.0000000000
6728 -1911.0000000000
6845 -1910.0000000000
7230 -1909.0000000000
7244 -1908.0000000000
7314 -1906.0000000000
7325 -1905.0000000000
7809 -1904.0000000000
7830 -1902.0000000000
8414 -1901.0000000000
8521 -1900.0000000000
8947 -1899.0000000000
9137 -1898.0000000000
9311 -1897.0000000000
9544 -1896.0000000000
9593 -1895.0000000000
9786 -1894.0000000000
9944 -1891.0000000000
10000 -1928.0000000000
evaluations raw_y
1 -1962.0000000000
2 -1960.0000000000
25 -1958.0000000000
51 -1956.0000000000
64 -1955.0000000000
68 -1954.0000000000
74 -1953.0000000000
94 -1950.0000000000
96 -1949.0000000000
104 -1948.0000000000
118 -1946.0000000000
143 -1945.0000000000
190 -1944.0000000000
203 -1943.0000000000
289 -1942.0000000000
293 -1941.0000000000
451 -1939.0000000000
528 -1938.0000000000
544 -1936.0000000000
575 -1935.0000000000
578 -1934.0000000000
588 -1933.0000000000
593 -1932.0000000000
634 -1931.0000000000
656 -1930.0000000000
685 -1929.0000000000
717 -1927.0000000000
868 -1926.0000000000
1072 -1925.0000000000
1324 -1924.0000000000
1417 -1923.0000000000
1487 -1922.0000000000
1521 -1921.0000000000
1688 -1920.0000000000
1759 -1918.0000000000
2056 -1917.0000000000
2196 -1915.0000000000
2481 -1914.0000000000
2511 -1913.0000000000
3051 -1911.0000000000
3157 -1910.0000000000
3242 -1909.0000000000
3421 -1907.0000000000
3434 -1906.0000000000
3836 -1905.0000000000
4645 -1904.0000000000
5050 -1903.0000000000
5081 -1902.0000000000
5159 -1901.0000000000
5451 -1900.0000000000
6259 -1898.0000000000
6284 -1897.0000000000
6424 -1896.0000000000
6606 -1894.0000000000
6627 -1893.0000000000
6724 -1892.0000000000
6735 -1891.0000000000
6787 -1890.0000000000
6964 -1889.0000000000
7119 -1888.0000000000
7188 -1887.0000000000
7385 -1886.0000000000
7396 -1885.0000000000
7401 -1884.0000000000
7554 -1883.0000000000
7655 -1882.0000000000
7740 -1881.0000000000
7743 -1880.0000000000
7886 -1879.0000000000
8051 -1878.0000000000
8450 -1877.0000000000
8673 -1875.0000000000
8767 -1874.0000000000
9035 -1873.0000000000
9194 -1872.0000000000
9638 -1871.0000000000
10000 -1890.0000000000
evaluations raw_y
1 -2058.0000000000
6 -2057.0000000000
9 -2056.0000000000
11 -2055.0000000000
24 -2054.0000000000
28 -2053.0000000000
39 -2052.0000000000
41 -2051.0000000000
52 -2050.0000000000
72 -2048.0000000000
89 -2047.0000000000
109 -2046.0000000000
155 -2045.0000000000
175 -2042.0000000000
218 -2041.0000000000
281 -2040.0000000000
430 -2038.0000000000
451 -2036.0000000000
457 -2035.0000000000
536 -2034.0000000000
541 -2033.0000000000
544 -2031.0000000000
944 -2030.0000000000
952 -2027.0000000000
997 -2026.0000000000
998 -2025.0000000000
1067 -2024.0000000000
1221 -2023.0000000000
1256 -2022.0000000000
1339 -2021.0000000000
1387 -2020.0000000000
1418 -2018.0000000000
1505 -2017.0000000000
1545 -2016.0000000000
1679 -2015.0000000000
1691 -2014.0000000000
2073 -2013.0000000000
2082 -2011.0000000000
2126 -2010.0000000000
2732 -2008.0000000000
2828 -2007.0000000000
2912 -2005.0000000000
3135 -2004.0000000000
3352 -2002.0000000000
3416 -2001.0000000000
3561 -2000.0000000000
3615 -1999.0000000000
4031 -1998.0000000000
4366 -1997.0000000000
4519 -1995.0000000000
4564 -1993.0000000000
4850 -1992.0000000000
5018 -1990.0000000000
5060 -1989.0000000000
5141 -1986.0000000000
5313 -1984.0000000000
5618 -1983.0000000000
5638 -1982.0000000000
5758 -1981.0000000000
5761 -1980.0000000000
5841 -1979.0000000000
5874 -1978.0000000000
6195 -1977.0000000000
6291 -1976.0000000000
6457 -1975.0000000000
6556 -1974.0000000000
6715 -1972.0000000000
7345 -1971.0000000000
7676 -1970.0000000000
8059 -1969.0000000000
8244 -1967.0000000000
8298 -1966.0000000000
9102 -1965.0000000000
9285 -1962.0000000000
9446 -1961.0000000000
9735 -1960.0000000000
9768 -1959.0000000000
10000 -2059.0000000000
evaluations raw_y
1 -2036.0000000000
2 -2035.0000000000
3 -2034.0000000000
5 -2033.0000000000
7 -2032.0000000000
17 -2031.0000000000
24 -2030.0000000000
38 -2029.0000000000
55 -2028.0000000000
63 -2027.0000000000
138 -2026.0000000000
148 -2025.0000000000
207 -2024.0000000000
238 -2023.0000000000
270 -2022.0000000000
290 -2020.0000000000
340 -2019.0000000000
444 -2018.0000000000
470 -2016.0000000000
789 -2014.0000000000
793 -2013.0000000000
881 -2012.0000000000
1000 -2011.0000000000
1022 -2009.0000000000
1047 -2008.0000000000
1091 -2006.0000000000
1095 -2004.0000000000
1169 -2002.0000000000
1237 -2001.0000000000
1324 -2000.0000000000
1606 -1999.0000000000
1718 -1996.0000000000
1762 -1995.0000000000
1982 -1994.0000000000
2120 -1993.0000000000
2215 -1991.0000000000
2479 -1990.0000000000
2510 -1989.0000000000
2523 -1988.0000000000
2641 -1987.0000000000
2756 -1986.0000000000
2777 -1985.0000000000
2822 -1984.0000000000
2828 -1983.0000000000
2856 -1982.0000000000
2910 -1980.0000000000
2966 -1979.0000000000
3195 -1978.0000000000
3393 -1977.0000000000
3476 -1976.0000000000
3606 -1974.0000000000
3691 -1973.0000000000
3733 -1972.0000000000
3833 -1971.0000000000
3862 -1968.0000000000
3942 -1967.0000000000
3985 -1966.0000000000
4213 -1965.0000000000
4379 -1964.0000000000
4389 -1963.0000000000
4501 -1961.0000000000
4773 -1958.0000000000
4864 -1957.0000000000
4985 -1956.0000000000
5669 -1955.0000000000
5928 -1954.0000000000
6169 -1953.0000000000
6396 -1952.0000000000
6425 -1951.0000000000
6535 -1950.0000000000
6769 -1949.0000000000
6860 -1948.0000000000
6886 -1947.0000000000
7213 -1946.0000000000
7594 -1944.0000000000
7657 -1943.0000000000
8315 -1942.0000000000
8784 -1941.0000000000
9604 -1940.0000000000
9849 -1938.0000000000
10000 -1988.0000000000
evaluations raw_y
1 -2050.0000000000
2 -2049.0000000000
25 -2048.0000000000
28 -2047.0000000000
62 -2046.0000000000
65 -2045.0000000000
66 -2044.0000000000
107 -2043.0000000000
120 -2041.0000000000
132 -2040.0000000000
139 -2039.0000000000
141 -2038.0000000000
170 -2037.0000000000
174 -2036.0000000000
188 -2035.0000000000
337 -2034.0000000000
384 -2032.0000000000
412 -2031.0000000000
551 -2030.0000000000
558 -2028.0000000000
585 -2027.0000000000
607 -2026.0000000000
782 -2024.0000000000
803 -2022.0000000000
864 -2021.0000000000
1138 -2020.0000000000
1140 -2019.0000000000
1150 -2018.0000000000
1391 -2017.0000000000
1464 -2016.0000000000
1489 -2015.0000000000
1607 -2014.0000000000
1724 -2013.0000000000
1756 -2012.0000000000
1783 -2011.0000000000
1828 -2010.0000000000
1838 -2009.0000000000
2013 -2008.0000000000
2025 -2007.0000000000
2143 -2006.0000000000
2225 -2005.0000000000
2641 -2004.0000000000
2655 -2003.0000000000
2762 -2002.0000000000
2926 -2001.0000000000
3122 -2000.0000000000
3129 -1999.0000000000
3498 -1998.0000000000
3768 -1997.0000000000
4019 -1996.0000000000
4021 -1995.0000000000
4523 -1994.0000000000
4644 -1993.0000000000
4792 -1992.0000000000
4839 -1991.0000000000
5147 -1990.0000000000
5160 -1987.0000000000
5287 -1986.0000000000
5340 -1985.0000000000
5377 -1984.0000000000
5450 -1983.0000000000
5456 -1982.0000000000
5666 -1981.0000000000
6130 -1979.0000000000
6498 -1978.0000000000
6709 -1976.0000000000
6754 -1975.0000000000
6986 -1974.0000000000
7361 -1973.0000000000
7446 -1971.0000000000
7569 -1970.0000000000
7783 -1969.0000000000
7945 -1968.0000000000
8486 -1967.0000000000
8489 -1966.0000000000
8497 -1965.0000000000
8528 -1964.0000000000
8560 -1963.0000000000
8647 -1961.0000000000
8936 -1960.0000000000
8966 -1959.0000000000
9178 -1958.0000000000
9586 -1955.0000000000
9877 -1953.0000000000
10000 -2039.0000000000
evaluations raw_y
1 -2022.0000000000
10 -2021.0000000000
13 -2020.0000000000
20 -2019.0000000000
34 -2018.0000000000
38 -2017.0000000000
50 -2016.0000000000
56 -2015.0000000000
68 -2014.0000000000
88 -2013.0000000000
121 -2012.0000000000
142 -2011.0000000000
150 -2008.0000000000
248 -2007.0000000000
282 -2006.0000000000
295 -2005.0000000000
318 -2004.0000000000
470 -2003.0000000000
477 -2002.0000000000
491 -2001.0000000000
497 -2000.0000000000
550 -1999.0000000000
591 -1998.0000000000
667 -1997.0000000000
782 -1996.0000000000
895 -1995.0000000000
1003 -1993.0000000000
1198 -1992.0000000000
1424 -1991.0000000000
1425 -1990.0000000000
1434 -1989.0000000000
1439 -1988.0000000000
1446 -1987.0000000000
1528 -1985.0000000000
1565 -1984.0000000000
1815 -1983.0000000000
1863 -1982.0000000000
1891 -1981.0000000000
2124 -1980.0000000000
2126 -1979.0000000000
2274 -1978.0000000000
2734 -1977.0000000000
3089 -1975.0000000000
3151 -1974.0000000000
3214 -1973.0000000000
3402 -1972.0000000000
3437 -1971.0000000000
3504 -1970.0000000000
3516 -1969.0000000000
3841 -1968.0000000000
3909 -1967.0000000000
3974 -1966.0000000000
4065 -1965.0000000000
4131 -1964.0000000000
4137 -1963.0000000000
4224 -1962.0000000000
4242 -1960.0000000000
4373 -1958.0000000000
4743 -1957.0000000000
4829 -1956.0000000000
5032 -1955.0000000000
5542 -1954.0000000000
5907 -1952.0000000000
6092 -1951.0000000000
6203 -1950.0000000000
6363 -1949.0000000000
6521 -1947.0000000000
6685 -1946.0000000000
6946 -1944.0000000000
7061 -1943.0000000000
7293 -1942.0000000000
7443 -1941.0000000000
7512 -1937.0000000000
7556 -1936.0000000000
7758 -1935.0000000000
8462 -1934.0000000000
9016 -1932.0000000000
9200 -1931.0000000000
9284 -1929.0000000000
9404 -1928.0000000000
9430 -1926.0000000000
9912 -1925.0000000000
10000 -1941.0000000000
evaluations raw_y
1 -2009.0000000000
4 -2008.0000000000
11 -2007.0000000000
15 -2005.0000000000
34 -2004.0000000000
80 -2003.0000000000
87 -2001.0000000000
95 -2000.0000000000
111 -1998.0000000000
143 -1997.0000000000
186 -1996.0000000000
250 -1995.0000000000
304 -1994.0000000000
368 -1993.0000000000
426 -1992.0000000000
430 -1991.0000000000
478 -1990.0000000000
542 -1989.0000000000
554 -1988.0000000000
572 -1986.0000000000
666 -1985.0000000000
689 -1984.0000000000
760 -1983.0000000000
856 -1982.0000000000
874 -1980.0000000000
937 -1979.0000000000
959 -1978.0000000000
1106 -1977.0000000000
1375 -1974.0000000000
1709 -1973.0000000000
1885 -1971.0000000000
1924 -1970.0000000000
1983 -1969.0000000000
2055 -1968.0000000000
2125 -1967.0000000000
2499 -1966.0000000000
2682 -1965.0000000000
2786 -1964.0000000000
2900 -1962.0000000000
2998 -1961.0000000000
3085 -1960.0000000000
3121 -1959.0000000000
3143 -1958.0000000000
3254 -1957.0000000000
3291 -1955.0000000000
3514 -1954.0000000000
3868 -1953.0000000000
3877 -1952.0000000000
3936 -1951.0000000000
4408 -1949.0000000000
4630 -1948.0000000000
4770 -1947.0000000000
4794 -1946.0000000000
4908 -1945.0000000000
5101 -1943.0000000000
5178 -1942.0000000000
5494 -1941.0000000000
5805 -1940.0000000000
6172 -1939.0000000000
6178 -1938.0000000000
6346 -1937.0000000000
6409 -1936.0000000000
6679 -1934.0000000000
7340 -1933.0000000000
7432 -1931.0000000000
7567 -1930.0000000000
7719 -1928.0000000000
7833 -1926.0000000000
8335 -1925.0000000000
8464 -1924.0000000000
8766 -1922.0000000000
9134 -1921.0000000000
9250 -1920.0000000000
9401 -1919.0000000000
9690 -1918.0000000000
9998 -1917.0000000000
10000 -2005.0000000000
evaluations raw_y
1 -2015.0000000000
2 -2014.0000000000
4 -2013.0000000000
5 -2012.0000000000
46 -2011.0000000000
63 -2010.0000000000
75 -2009.0000000000
91 -2008.0000000000
151 -2007.0000000000
167 -2006.0000000000
216 -2004.0000000000
229 -2003.0000000000
386 -2002.0000000000
429 -2001.0000000000
435 -1998.0000000000
437 -1997.0000000000
459 -1996.0000000000
475 -1995.0000000000
478 -1994.0000000000
572 -1993.0000000000
680 -1991.0000000000
774 -1989.0000000000
806 -1988.0000000000
903 -1983.0000000000
931 -1982.0000000000
935 -1979.0000000000
1188 -1977.0000000000
1214 -1976.0000000000
1251 -1975.0000000000
1261 -1974.0000000000
1276 -1973.0000000000
1288 -1971.0000000000
1422 -1970.0000000000
1477 -1969.0000000000
1566 -1967.0000000000
1577 -1966.0000000000
1637 -1965.0000000000
1672 -1964.0000000000
1682 -1963.0000000000
1729 -1962.0000000000
1795 -1961.0000000000
1889 -1959.0000000000
1909 -1957.0000000000
2178 -1956.0000000000
2504 -1955.0000000000
2751 -1954.0000000000
3036 -1952.0000000000
3126 -1950.0000000000
3387 -1949.0000000000
3490 -1948.0000000000
3729 -1947.0000000000
3733 -1946.0000000000
3744 -1945.0000000000
3747 -1944.0000000000
3780 -1943.0000000000
4067 -1942.0000000000
4268 -1941.0000000000
4339 -1940.0000000000
4362 -1939.0000000000
4457 -1938.0000000000
4550 -1937.0000000000
4900 -1936.0000000000
5283 -1935.0000000000
5353 -1934.0000000000
5437 -1933.0000000000
5815 -1932.0000000000
6057 -1931.0000000000
6629 -1929.0000000000
7346 -1928.0000000000
7833 -1926.0000000000
7973 -1924.0000000000
8286 -1923.0000000000
8420 -1922.0000000000
8437 -1921.0000000000
8705 -1920.0000000000
9160 -1919.0000000000
9184 -1917.0000000000
9200 -1916.0000000000
9215 -1914.0000000000
9431 -1910.0000000000
9466 -1909.0000000000
9615 -1908.0000000000
9730 -1907.0000000000
10000 -1949.0000000000
evaluations raw_y
1 -1945.0000000000
2 -1944.0000000000
3 -1943.0000000000
11 -1942.0000000000
14 -1941.0000000000
28 -1940.0000000000
47 -1939.0000000000
75 -1938.0000000000
87 -1937.0000000000
102 -1936.0000000000
128 -1935.0000000000
210 -1934.0000000000
233 -1933.0000000000
248 -1932.0000000000
300 -1930.0000000000
366 -1929.0000000000
421 -1927.0000000000
424 -1926.0000000000
444 -1925.0000000000
510 -1924.0000000000
557 -1923.0000000000
719 -1921.0000000000
813 -1919.0000000000
818 -1917.0000000000
904 -1916.0000000000
1227 -1915.0000000000
1267 -1914.0000000000
1437 -1911.0000000000
1568 -1910.0000000000
1592 -1909.0000000000
1682 -1908.0000000000
2147 -1906.0000000000
2267 -1901.0000000000
2309 -1898.0000000000
2493 -1897.0000000000
2615 -1896.0000000000
2746 -1895.0000000000
2748 -1893.0000000000
2820 -1892.0000000000
2875 -1890.0000000000
3163 -1889.0000000000
3356 -1888.0000000000
3470 -1887.0000000000
3473 -1886.0000000000
3569 -1885.0000000000
4085 -1884.0000000000
4126 -1883.0000000000
4182 -1882.0000000000
4194 -1880.0000000000
4219 -1878.0000000000
4585 -1876.0000000000
4971 -1875.0000000000
5460 -1874.0000000000
5526 -1873.0000000000
5788 -1871.0000000000
5815 -1870.0000000000
6078 -1868.0000000000
6676 -1867.0000000000
6940 -1866.0000000000
7090 -1865.0000000000
7174 -1864.0000000000
7216 -1862.0000000000
7558 -1861.0000000000
7676 -1859.0000000000
7711 -1858.0000000000
7745 -1857.0000000000
7950 -1856.0000000000
8187 -1855.0000000000
8445 -1854.0000000000
8631 -1853.0000000000
8941 -1852.0000000000
8955 -1851.0000000000
9032 -1849.0000000000
9183 -1848.0000000000
9772 -1847.0000000000
9847 -1845.0000000000
10000 -1942.0000000000
evaluations raw_y
1 -1995.0000000000
4 -1994.0000000000
17 -1992.0000000000
23 -1990.0000000000
27 -1989.0000000000
36 -1988.0000000000
78 -1987.0000000000
91 -1986.0000000000
95 -1985.0000000000
96 -1984.0000000000
102 -1982.0000000000
112 -1981.0000000000
206 -1979.0000000000
233 -1978.0000000000
294 -1977.0000000000
311 -1976.0000000000
353 -1975.0000000000
454 -1974.0000000000
456 -1973.0000000000
499 -1972.0000000000
531 -1971.0000000000
612 -1970.0000000000
628 -1968.0000000000
713 -1967.0000000000
743 -1966.0000000000
1039 -1965.0000000000
1216 -1964.0000000000
1329 -1963.0000000000
1461 -1962.0000000000
1483 -1961.0000000000
1774 -1960.0000000000
1853 -1959.0000000000
1886 -1958.0000000000
2029 -1957.0000000000
2206 -1956.0000000000
2275 -1954.0000000000
2398 -1953.0000000000
2595 -1952.0000000000
3223 -1951.0000000000
3404 -1950.0000000000
3430 -1949.0000000000
3641 -1948.0000000000
3807 -1947.0000000000
3815 -1946.0000000000
4055 -1945.0000000000
4065 -1944.0000000000
4359 -1943.0000000000
4504 -1942.0000000000
4542 -1941.0000000000
4673 -1940.0000000000
4854 -1939.0000000000
4918 -1938.0000000000
5231 -1937.0000000000
5269 -1935.0000000000
5277 -1933.0000000000
5524 -1932.0000000000
5887 -1930.0000000000
5936 -1929.0000000000
6082 -1928.0000000000
6640 -1927.0000000000
6677 -1926.0000000000
6690 -1925.0000000000
7022 -1924.0000000000
7047 -1923.0000000000
7377 -1922.0000000000
7609 -1921.0000000000
7752 -1920.0000000000
8018 -1919.0000000000
8077 -1918.0000000000
8386 -1916.0000000000
8567 -1915.0000000000
8621 -1914.0000000000
8842 -1911.0000000000
9671 -1909.0000000000
9717 -1908.0000000000
9731 -1907.0000000000
9879 -1906.0000000000
10000 -1935.0000000000
evaluations raw_y
1 -2042.0000000000
7 -2040.0000000000
9 -2039.0000000000
16 -2038.0000000000
17 -2037.0000000000
84 -2036.0000000000
113 -2035.0000000000
119 -2034.0000000000
171 -2033.0000000000
175 -2032.0000000000
212 -2031.0000000000
268 -2030.0000000000
270 -2029.0000000000
283 -2028.0000000000
321 -2025.0000000000
369 -2024.0000000000
447 -2021.0000000000
531 -2018.0000000000
588 -2017.0000000000
598 -2015.0000000000
677 -2014.0000000000
722 -2013.0000000000
804 -2012.0000000000
896 -2011.0000000000
956 -2010.0000000000
975 -2009.0000000000
1014 -2007.0000000000
1347 -2005.0000000000
1350 -2004.0000000000
1413 -2002.0000000000
1619 -2001.0000000000
1718 -1999.0000000000
1729 -1996.0000000000
1730 -1995.0000000000
1776 -1993.0000000000
1804 -1992.0000000000
1829 -1991.0000000000
1920 -1989.0000000000
1935 -1988.0000000000
1967 -1987.0000000000
2170 -1986.0000000000
2188 -1985.0000000000
2258 -1984.0000000000
2709 -1983.0000000000
2756 -1982.0000000000
3011 -1981.0000000000
3154 -1980.0000000000
3166 -1979.0000000000
3539 -1978.0000000000
3540 -1976.0000000000
3859 -1975.0000000000
4048 -1973.0000000000
4346 -1972.0000000000
4778 -1971.0000000000
5070 -1969.0000000000
5089 -1968.0000000000
5479 -1967.0000000000
5594 -1966.0000000000
5736 -1965.0000000000
5766 -1964.0000000000
6175 -1963.0000000000
6207 -1962.0000000000
6246 -1960.0000000000
6363 -1959.0000000000
6518 -1958.0000000000
6576 -1957.0000000000
6611 -1956.0000000000
6728 -1954.0000000000
6977 -1953.0000000000
7183 -1952.0000000000
7310 -1951.0000000000
7790 -1950.0000000000
8419 -1949.0000000000
8488 -1946.0000000000
9001 -1945.0000000000
9028 -1944.0000000000
9774 -1943.0000000000
9969 -1942.0000000000
10000 -2039.0000000000
evaluations raw_y
1 -1978.0000000000
3 -1977.0000000000
7 -1975.0000000000
8 -1974.0000000000
18 -1973.0000000000
59 -1972.0000000000
64 -1970.0000000000
91 -1968.0000000000
100 -1967.0000000000
141 -1966.0000000000
164 -1965.0000000000
188 -1964.0000000000
189 -1963.0000000000
262 -1962.0000000000
279 -1961.0000000000
316 -1960.0000000000
322 -1959.0000000000
350 -1958.0000000000
381 -1956.0000000000
405 -1955.0000000000
452 -1953.0000000000
557 -1951.0000000000
650 -1950.0000000000
669 -1946.0000000000
792 -1944.0000000000
803 -1942.0000000000
860 -1941.0000000000
878 -1940.0000000000
891 -1939.0000000000
906 -1938.0000000000
1019 -1937.0000000000
1054 -1936.0000000000
1153 -1935.0000000000
1168 -1934.0000000000
1286 -1932.0000000000
1350 -1931.0000000000
1505 -1930.0000000000
1603 -1929.0000000000
1617 -1928.0000000000
1876 -1927.0000000000
2343 -1926.0000000000
2355 -1925.0000000000
2373 -1924.0000000000
2482 -1923.0000000000
2520 -1921.0000000000
2909 -1920.0000000000
3228 -1919.0000000000
3248 -1918.0000000000
3409 -1917.0000000000
3428 -1916.0000000000
3572 -1915.0000000000
3667 -1913.0000000000
3808 -1912.0000000000
4692 -1910.0000000000
4785 -1907.0000000000
4915 -1906.0000000000
4956 -1905.0000000000
5072 -1904.0000000000
5224 -1903.0000000000
5615 -1902.0000000000
5659 -1901.0000000000
5689 -1900.0000000000
6009 -1899.0000000000
6300 -1898.0000000000
6644 -1897.0000000000
6713 -1896.0000000000
7509 -1895.0000000000
7642 -1894.0000000000
7814 -1892.0000000000
8030 -1891.0000000000
8271 -1890.0000000000
8648 -1888.0000000000
8864 -1886.0000000000
8903 -1885.0000000000
9470 -1884.0000000000
9778 -1883.0000000000
9872 -1882.0000000000
10000 -1975.0000000000
evaluations raw_y
1 -2034.0000000000
8 -2033.0000000000
13 -2032.0000000000
22 -2031.0000000000
45 -2030.0000000000
83 -2029.0000000000
118 -2028.0000000000
125 -2027.0000000000
204 -2026.0000000000
222 -2025.0000000000
238 -2024.0000000000
268 -2023.0000000000
276 -2022.0000000000
306 -2020.0000000000
335 -2019.0000000000
384 -2018.0000000000
387 -2017.0000000000
434 -2016.0000000000
530 -2015.0000000000
756 -2014.0000000000
776 -2013.0000000000
777 -2011.0000000000
985 -2010.0000000000
991 -2009.0000000000
1051 -2006.0000000000
1149 -2004.0000000000
1158 -2003.0000000000
1193 -2000.0000000000
1276 -1999.0000000000
1428 -1998.0000000000
1435 -1997.0000000000
1658 -1996.0000000000
1767 -1995.0000000000
1774 -1992.0000000000
2148 -1991.0000000000
2152 -1990.0000000000
2186 -1989.0000000000
2465 -1987.0000000000
2522 -1986.0000000000
2593 -1985.0000000000
2617 -1984.0000000000
2812 -1983.0000000000
2865 -1982.0000000000
2990 -1981.0000000000
2993 -1980.0000000000
3153 -1978.0000000000
3344 -1976.0000000000
3426 -1974.0000000000
3601 -1973.0000000000
3674 -1972.0000000000
3705 -1969.0000000000
3754 -1968.0000000000
4161 -1967.0000000000
4512 -1966.0000000000
4682 -1965.0000000000
5160 -1963.0000000000
5499 -1962.0000000000
5925 -1961.0000000000
5953 -1959.0000000000
6284 -1958.0000000000
6375 -1956.0000000000
6807 -1955.0000000000
6946 -1954.0000000000
6990 -1953.0000000000
7090 -1951.0000000000
7575 -1950.0000000000
8019 -1949.0000000000
8242 -1947.0000000000
8272 -1946.0000000000
8854 -1944.0000000000
8884 -1943.0000000000
9097 -1942.0000000000
9394 -1941.0000000000
9452 -1940.0000000000
9521 -1939.0000000000
9632 -1938.0000000000
9659 -1936.0000000000
9869 -1935.0000000000
9949 -1934.0000000000
10000 -1978.0000000000
evaluations raw_y
1 -2039.0000000000
3 -2038.0000000000
4 -2037.0000000000
5 -2036.0000000000
28 -2035.0000000000
33 -2034.0000000000
34 -2033.0000000000
53 -2032.0000000000
60 -2030.0000000000
82 -2028.0000000000
85 -2027.0000000000
103 -2026.0000000000
133 -2025.0000000000
160 -2024.0000000000
180 -2023.0000000000
191 -2022.0000000000
202 -2021.0000000000
208 -2020.0000000000
311 -2019.0000000000
356 -2018.0000000000
448 -2016.0000000000
452 -2015.0000000000
460 -2014.0000000000
494 -2013.0000000000
524 -2012.0000000000
735 -2011.0000000000
818 -2009.0000000000
935 -2008.0000000000
1151 -2007.0000000000
1182 -2006.0000000000
1192 -2005.0000000000
1368 -2004.0000000000
1496 -2002.0000000000
1868 -2001.0000000000
1958 -2000.0000000000
2083 -1999.0000000000
2173 -1998.0000000000
2178 -1997.0000000000
2445 -1996.0000000000
2490 -1995.0000000000
2608 -1994.0000000000
2633 -1993.0000000000
2856 -1991.0000000000
3135 -1990.0000000000
3228 -1989.0000000000
3306 -1988.0000000000
3388 -1987.0000000000
3402 -1985.0000000000
3606 -1984.0000000000
3633 -1983.0000000000
3678 -1981.0000000000
3710 -1980.0000000000
3839 -1979.0000000000
3911 -1978.0000000000
4032 -1977.0000000000
4450 -1976.0000000000
4567 -1975.0000000000
4606 -1974.0000000000
4706 -1973.0000000000
5113 -1972.0000000000
5272 -1971.0000000000
5326 -1968.0000000000
5402 -1967.0000000000
5602 -1965.0000000000
6160 -1963.0000000000
6177 -1962.0000000000
6207 -1961.0000000000
6458 -1960.0000000000
6597 -1959.0000000000
6639 -1958.0000000000
6986 -1957.0000000000
7124 -1956.0000000000
7151 -1954.0000000000
7301 -1953.0000000000
7434 -1952.0000000000
7480 -1951.0000000000
7587 -1949.0000000000
7624 -1948.0000000000
7962 -1947.0000000000
8466 -1946.0000000000
8581 -1945.0000000000
8910 -1944.0000000000
9454 -1943.0000000000
9579 -1941.0000000000
9883 -1940.0000000000
10000 -1968.0000000000
evaluations raw_y
1 -2020.0000000000
7 -2019.0000000000
9 -2018.0000000000
18 -2015.0000000000
19 -2014.0000000000
22 -2013.0000000000
23 -2011.0000000000
48 -2010.0000000000
53 -2009.0000000000
89 -2007.0000000000
111 -2006.0000000000
146 -2005.0000000000
164 -2003.0000000000
166 -2002.0000000000
181 -2001.0000000000
230 -2000.0000000000
243 -1999.0000000000
254 -1998.0000000000
272 -1997.0000000000
299 -1996.0000000000
309 -1995.0000000000
362 -1992.0000000000
942 -1991.0000000000
1065 -1990.0000000000
1075 -1989.0000000000
1128 -1988.0000000000
1194 -1987.0000000000
1251 -1986.0000000000
1346 -1985.0000000000
1347 -1984.0000000000
1416 -1983.0000000000
1422 -1982.0000000000
1678 -1981.0000000000
1733 -1980.0000000000
2224 -1979.0000000000
2231 -1978.0000000000
2361 -1977.0000000000
2461 -1976.0000000000
2598 -1975.0000000000
2808 -1974.0000000000
3178 -1973.0000000000
3553 -1972.0000000000
3631 -1971.0000000000
3678 -1970.0000000000
3736 -1968.0000000000
3810 -1967.0000000000
3933 -1966.0000000000
3974 -1965.0000000000
4139 -1964.0000000000
4276 -1963.0000000000
4390 -1962.0000000000
4460 -1961.0000000000
4655 -1960.0000000000
4661 -1959.0000000000
4761 -1958.0000000000
4787 -1957.0000000000
4798 -1956.0000000000
5221 -1955.0000000000
5520 -1954.0000000000
5827 -1952.0000000000
5902 -1950.0000000000
5940 -1949.0000000000
6235 -1948.0000000000
6347 -1946.0000000000
6388 -1945.0000000000
6483 -1944.0000000000
6697 -1943.0000000000
6810 -1942.0000000000
7176 -1941.0000000000
7425 -1940.0000000000
7661 -1939.0000000000
8166 -1938.0000000000
8248 -1937.0000000000
8771 -1936.0000000000
8976 -1935.0000000000
8993 -1933.0000000000
9035 -1929.0000000000
9634 -1928.0000000000
9767 -1927.0000000000
10000 -1964.0000000000
evaluations raw_y
1 -2085.0000000000
2 -2083.0000000000
4 -2082.0000000000
32 -2081.0000000000
45 -2080.0000000000
58 -2079.0000000000
76 -2078.0000000000
80 -2077.0000000000
122 -2076.0000000000
125 -2075.0000000000
173 -2074.0000000000
200 -2073.0000000000
226 -2072.0000000000
264 -2070.0000000000
285 -2069.0000000000
288 -2068.0000000000
332 -2066.0000000000
370 -2065.0000000000
410 -2063.0000000000
417 -2062.0000000000
434 -2061.0000000000
511 -2060.0000000000
525 -2058.0000000000
586 -2057.0000000000
597 -2056.0000000000
654 -2055.0000000000
728 -2054.0000000000
788 -2052.0000000000
878 -2051.0000000000
1052 -2049.0000000000
1219 -2048.0000000000
1454 -2046.0000000000
1507 -2045.0000000000
1514 -2044.0000000000
1574 -2043.0000000000
1737 -2041.0000000000
1766 -2040.0000000000
1813 -2039.0000000000
1825 -2038.0000000000
1882 -2037.0000000000
1998 -2034.0000000000
2216 -2033.0000000000
2272 -2032.0000000000
2425 -2031.0000000000
2692 -2030.0000000000
3390 -2029.0000000000
3435 -2028.0000000000
3439 -2027.0000000000
3451 -2026.0000000000
3661 -2025.0000000000
3766 -2024.0000000000
3908 -2023.0000000000
4463 -2022.0000000000
4574 -2020.0000000000
4617 -2019.0000000000
4683 -2018.0000000000
4701 -2017.0000000000
4755 -2016.0000000000
4901 -2015.0000000000
4929 -2014.0000000000
5056 -2012.0000000000
5160 -2010.0000000000
5263 -2008.0000000000
5644 -2007.0000000000
5883 -2006.0000000000
5894 -2005.0000000000
6256 -2004.0000000000
6444 -2003.0000000000
6652 -2002.0000000000
7521 -2001.0000000000
7899 -2000.0000000000
7962 -1998.0000000000
8030 -1997.0000000000
8182 -1996.0000000000
8422 -1995.0000000000
8745 -1993.0000000000
8795 -1991.0000000000
8839 -1990.0000000000
8923 -1988.0000000000
9182 -1987.0000000000
9256 -1986.0000000000
9306 -1985.0000000000
10000 -1994.0000000000
evaluations raw_y
1 -1952.0000000000
8 -1951.0000000000
9 -1950.0000000000
12 -1949.0000000000
20 -1948.0000000000
152 -1946.0000000000
187 -1945.0000000000
197 -1944.0000000000
247 -1943.0000000000
322 -1942.0000000000
387 -1941.0000000000
407 -1939.0000000000
432 -1938.0000000000
453 -1937.0000000000
455 -1936.0000000000
484 -1935.0000000000
526 -1934.0000000000
539 -1933.0000000000
550 -1932.0000000000
586 -1931.0000000000
596 -1930.0000000000
608 -1929.0000000000
609 -1928.0000000000
615 -1927.0000000000
677 -1926.0000000000
815 -1925.0000000000
928 -1923.0000000000
1093 -1922.0000000000
1132 -1921.0000000000
1152 -1920.0000000000
1536 -1917.0000000000
1626 -1915.0000000000
1680 -1914.0000000000
1764 -1913.0000000000
1932 -1912.0000000000
2005 -1911.0000000000
2041 -1909.0000000000
2133 -1908.0000000000
2155 -1907.0000000000
2322 -1906.0000000000
2331 -1905.0000000000
2539 -1904.0000000000
2647 -1903.0000000000
3476 -1902.0000000000
3531 -1901.0000000000
4051 -1900.0000000000
4091 -1897.0000000000
4159 -1896.0000000000
4225 -1895.0000000000
4408 -1894.0000000000
4479 -1893.0000000000
4768 -1891.0000000000
4781 -1889.0000000000
5104 -1887.0000000000
5920 -1886.0000000000
5949 -1885.0000000000
6165 -1884.0000000000
6697 -1883.0000000000
6778 -1882.0000000000
6871 -1881.0000000000
7128 -1880.0000000000
7172 -1879.0000000000
7260 -1878.0000000000
8065 -1877.0000000000
8244 -1876.0000000000
8553 -1875.0000000000
8615 -1874.0000000000
8689 -1873.0000000000
8961 -1871.0000000000
9099 -1869.0000000000
9412 -1868.0000000000
9480 -1867.0000000000
9557 -1866.0000000000
9594 -1864.0000000000
9633 -1862.0000000000
9882 -1861.0000000000
9899 -1860.0000000000
9970 -1859.0000000000
10000 -1863.0000000000
evaluations raw_y
1 -2046.0000000000
4 -2045.0000000000
19 -2044.0000000000
29 -2043.0000000000
33 -2042.0000000000
36 -2041.0000000000
38 -2039.0000000000
61 -2037.0000000000
110 -2036.0000000000
116 -2035.0000000000
175 -2034.0000000000
270 -2033.0000000000
302 -2032.0000000000
350 -2031.0000000000
358 -2029.0000000000
379 -2028.0000000000
418 -2027.0000000000
501 -2026.0000000000
548 -2024.0000000000
551 -2023.0000000000
555 -2022.0000000000
767 -2021.0000000000
838 -2018.0000000000
897 -2017.0000000000
910 -2016.0000000000
991 -2014.0000000000
1035 -2013.0000000000
1106 -2012.0000000000
1154 -2011.0000000000
1178 -2010.0000000000
1266 -2009.0000000000
1375 -2008.0000000000
1449 -2007.0000000000
1624 -2006.0000000000
1630 -2004.0000000000
2166 -2003.0000000000
2312 -2002.0000000000
2326 -2001.0000000000
2460 -2000.0000000000
2546 -1998.0000000000
2565 -1997.0000000000
2626 -1994.0000000000
3152 -1992.0000000000
3266 -1991.0000000000
3751 -1990.0000000000
3904 -1989.0000000000
4061 -1988.0000000000
4104 -1987.0000000000
4337 -1986.0000000000
4428 -1985.0000000000
4532 -1983.0000000000
4631 -1982.0000000000
4654 -1981.0000000000
4741 -1980.0000000000
4792 -1977.0000000000
4837 -1976.0000000000
4967 -1975.0000000000
5086 -1974.0000000000
5398 -1973.0000000000
5929 -1972.0000000000
6254 -1971.0000000000
6451 -1969.0000000000
6655 -1968.0000000000
6690 -1967.0000000000
7072 -1966.0000000000
7533 -1964.0000000000
7563 -1963.0000000000
7959 -1962.0000000000
8564 -1960.0000000000
8659 -1959.0000000000
8791 -1958.0000000000
8974 -1957.0000000000
9030 -1956.0000000000
9382 -1955.0000000000
9786 -1954.0000000000
10000 -2009.0000000000
evaluations raw_y
1 -1985.0000000000
22 -1983.0000000000
26 -1982.0000000000
38 -1981.0000000000
52 -1980.0000000000
61 -1979.0000000000
85 -1977.0000000000
159 -1975.0000000000
174 -1974.0000000000
194 -1973.0000000000
224 -1972.0000000000
235 -1971.0000000000
245 -1970.0000000000
269 -1969.0000000000
370 -1968.0000000000
503 -1967.0000000000
512 -1966.0000000000
543 -1965.0000000000
550 -1964.0000000000
559 -1962.0000000000
603 -1960.0000000000
704 -1959.0000000000
896 -1957.0000000000
931 -1955.0000000000
1045 -1954.0000000000
1102 -1953.0000000000
1218 -1951.0000000000
1338 -1950.0000000000
1407 -1949.0000000000
1428 -1948.0000000000
1543 -1947.0000000000
1555 -1946.0000000000
1659 -1945.0000000000
1859 -1944.0000000000
2026 -1942.0000000000
2095 -1941.0000000000
2289 -1939.0000000000
2668 -1938.0000000000
2729 -1937.0000000000
2987 -1935.0000000000
3280 -1934.0000000000
4010 -1933.0000000000
4051 -1931.0000000000
4288 -1930.0000000000
4509 -1929.0000000000
4557 -1928.0000000000
4630 -1927.0000000000
4870 -1926.0000000000
4909 -1925.0000000000
5121 -1924.0000000000
5308 -1923.0000000000
5382 -1922.0000000000
5507 -1921.0000000000
5590 -1920.0000000000
5600 -1919.0000000000
6102 -1917.0000000000
6296 -1916.0000000000
6403 -1915.0000000000
6425 -1914.0000000000
6584 -1913.0000000000
6599 -1912.0000000000
6721 -1911.0000000000
6738 -1910.0000000000
6987 -1909.0000000000
7676 -1908.0000000000
7704 -1907.0000000000
7762 -1905.0000000000
7950 -1904.0000000000
8138 -1903.0000000000
8159 -1902.0000000000
8160 -1901.0000000000
8247 -1900.0000000000
8522 -1899.0000000000
8584 -1898.0000000000
9943 -1897.0000000000
10000 -1961.0000000000
evaluations raw_y
1 -2008.0000000000
5 -2007.0000000000
12 -2006.0000000000
20 -2004.0000000000
21 -2003.0000000000
22 -2002.0000000000
44 -2001.0000000000
57 -1999.0000000000
63 -1998.0000000000
66 -1997.0000000000
121 -1996.0000000000
134 -1994.0000000000
153 -1993.0000000000
165 -1992.0000000000
253 -1991.0000000000
262 -1990.0000000000
367 -1986.0000000000
516 -1984.0000000000
517 -1983.0000000000
542 -1982.0000000000
556 -1981.0000000000
639 -1980.0000000000
909 -1979.0000000000
923 -1978.0000000000
946 -1977.0000000000
1009 -1976.0000000000
1175 -1974.0000000000
1195 -1973.0000000000
1232 -1971.0000000000
1560 -1970.0000000000
1715 -1969.0000000000
1738 -1968.0000000000
1923 -1967.0000000000
1974 -1966.0000000000
2023 -1965.0000000000
2024 -1963.0000000000
2116 -1962.0000000000
2142 -1961.0000000000
2190 -1960.0000000000
2242 -1959.0000000000
2356 -1958.0000000000
2361 -1956.0000000000
2604 -1955.0000000000
2853 -1954.0000000000
2895 -1952.0000000000
2949 -1951.0000000000
3285 -1950.0000000000
3339 -1949.0000000000
3526 -1948.0000000000
3557 -1947.0000000000
3713 -1946.0000000000
3871 -1945.0000000000
3976 -1944.0000000000
4096 -1943.0000000000
4124 -1942.0000000000
4256 -1940.0000000000
4317 -1939.0000000000
4573 -1938.0000000000
4756 -1936.0000000000
4923 -1935.0000000000
5220 -1934.0000000000
5303 -1933.0000000000
5683 -1932.0000000000
5772 -1931.0000000000
6139 -1930.0000000000
6709 -1929.0000000000
6749 -1928.0000000000
7066 -1927.0000000000
7403 -1925.0000000000
7836 -1924.0000000000
8070 -1923.0000000000
8451 -1922.0000000000
8521 -1920.0000000000
8574 -1919.0000000000
8864 -1918.0000000000
9090 -1917.0000000000
9280 -1915.0000000000
9693 -1914.0000000000
10000 -1931.0000000000
evaluations raw_y
1 -1959.0000000000
4 -1958.0000000000
10 -1957.0000000000
14 -1956.0000000000
20 -1955.0000000000
43 -1954.0000000000
48 -1953.0000000000
57 -1952.0000000000
78 -1951.0000000000
88 -1949.0000000000
218 -1948.0000000000
295 -1947.0000000000
530 -1945.0000000000
543 -1944.0000000000
612 -1943.0000000000
650 -1942.0000000000
670 -1941.0000000000
689 -1940.0000000000
694 -1939.0000000000
839 -1937.0000000000
845 -1936.0000000000
1002 -1935.0000000000
1068 -1934.0000000000
1255 -1932.0000000000
1516 -1931.0000000000
1578 -1930.0000000000
1584 -1929.0000000000
1756 -1928.0000000000
1779 -1927.0000000000
1827 -1925.0000000000
1916 -1924.0000000000
1943 -1923.0000000000
2079 -1922.0000000000
2349 -1921.0000000000
2442 -1920.0000000000
2489 -1918.0000000000
2573 -1917.0000000000
2727 -1916.0000000000
3323 -1915.0000000000
3518 -1914.0000000000
4038 -1912.0000000000
4074 -1911.0000000000
4173 -1909.0000000000
4438 -1908.0000000000
4734 -1907.0000000000
4740 -1906.0000000000
4741 -1905.0000000000
4773 -1904.0000000000
4897 -1903.0000000000
4999 -1902.0000000000
5109 -1900.0000000000
5395 -1899.0000000000
5660 -1898.0000000000
5839 -1897.0000000000
5897 -1896.0000000000
6146 -1894.0000000000
6216 -1893.0000000000
6404 -1892.0000000000
6810 -1891.0000000000
6885 -1890.0000000000
6971 -1889.0000000000
7195 -1888.0000000000
7289 -1886.0000000000
7820 -1885.0000000000
7888 -1883.0000000000
8128 -1882.0000000000
8847 -1881.0000000000
8972 -1880.0000000000
9060 -1879.0000000000
9157 -1878.0000000000
9162 -1877.0000000000
9167 -1876.0000000000
9187 -1874.0000000000
10000 -1940.0000000000
evaluations raw_y
1 -1984.0000000000
5 -1983.0000000000
6 -1982.0000000000
14 -1981.0000000000
40 -1980.0000000000
50 -1978.0000000000
62 -1977.0000000000
97 -1976.0000000000
220 -1975.0000000000
279 -1974.0000000000
285 -1973.0000000000
322 -1971.0000000000
398 -1969.0000000000
447 -1968.0000000000
491 -1966.0000000000
765 -1964.0000000000
970 -1963.0000000000
1002 -1961.0000000000
1113 -1960.0000000000
1205 -1959.0000000000
1395 -1958.0000000000
1573 -1956.0000000000
1679 -1955.0000000000
1686 -1953.0000000000
1688 -1952.0000000000
1725 -1951.0000000000
1737 -1950.0000000000
1757 -1949.0000000000
1808 -1947.0000000000
2490 -1945.0000000000
2613 -1944.0000000000
2659 -1942.0000000000
2662 -1939.0000000000
2712 -1938.0000000000
2822 -1937.0000000000
2934 -1936.0000000000
2985 -1934.0000000000
3124 -1933.0000000000
3147 -1931.0000000000
3148 -1930.0000000000
3208 -1928.0000000000
3329 -1927.0000000000
3451 -1925.0000000000
3520 -1923.0000000000
4167 -1922.0000000000
4320 -1921.0000000000
4327 -1918.0000000000
4505 -1917.0000000000
4617 -1916.0000000000
4638 -1915.0000000000
4880 -1914.0000000000
5075 -1913.0000000000
5247 -1912.0000000000
5301 -1911.0000000000
5351 -1910.0000000000
5391 -1909.0000000000
5452 -1907.0000000000
5517 -1906.0000000000
5823 -1905.0000000000
5858 -1904.0000000000
5909 -1903.0000000000
5922 -1901.0000000000
6110 -1900.0000000000
6386 -1899.0000000000
6698 -1898.0000000000
6876 -1897.0000000000
7500 -1896.0000000000
7702 -1895.0000000000
7772 -1894.0000000000
7919 -1893.0000000000
8057 -1892.0000000000
8070 -1891.0000000000
8385 -1889.0000000000
8409 -1888.0000000000
8647 -1887.0000000000
8945 -1885.0000000000
9298 -1884.0000000000
9477 -1882.0000000000
9547 -1881.0000000000
10000 -1947.0000000000
evaluations raw_y
1 -2052.0000000000
3 -2051.0000000000
8 -2050.0000000000
21 -2049.0000000000
26 -2047.0000000000
46 -2045.0000000000
48 -2043.0000000000
64 -2042.0000000000
81 -2041.0000000000
136 -2040.0000000000
139 -2039.0000000000
174 -2038.0000000000
175 -2037.0000000000
179 -2036.0000000000
205 -2035.0000000000
250 -2034.0000000000
257 -2033.0000000000
259 -2032.0000000000
265 -2029.0000000000
444 -2027.0000000000
500 -2025.0000000000
534 -2024.0000000000
630 -2022.0000000000
739 -2021.0000000000
752 -2020.0000000000
845 -2019.0000000000
860 -2018.0000000000
876 -2017.0000000000
894 -2016.0000000000
1128 -2015.0000000000
1266 -2014.0000000000
1287 -2013.0000000000
1306 -2011.0000000000
1420 -2010.0000000000
1477 -2008.0000000000
1539 -2007.0000000000
1676 -2006.0000000000
1756 -2005.0000000000
1832 -2004.0000000000
1889 -2003.0000000000
1960 -2002.0000000000
1988 -2001.0000000000
2038 -2000.0000000000
2186 -1999.0000000000
2280 -1996.0000000000
2286 -1995.0000000000
2315 -1994.0000000000
2560 -1992.0000000000
2662 -1991.0000000000
2717 -1990.0000000000
2764 -1989.0000000000
2981 -1988.0000000000
3173 -1987.0000000000
3353 -1985.0000000000
3428 -1983.0000000000
3433 -1982.0000000000
3632 -1981.0000000000
3638 -1980.0000000000
3839 -1979.0000000000
3971 -1978.0000000000
4028 -1977.0000000000
4081 -1976.0000000000
4217 -1975.0000000000
4801 -1974.0000000000
5306 -1972.0000000000
5387 -1971.0000000000
5673 -1970.0000000000
6193 -1969.0000000000
6462 -1968.0000000000
6693 -1966.0000000000
6849 -1962.0000000000
7037 -1961.0000000000
7175 -1960.0000000000
7246 -1959.0000000000
7364 -1958.0000000000
7430 -1957.0000000000
7436 -1956.0000000000
7638 -1955.0000000000
7884 -1954.0000000000
8059 -1953.0000000000
8307 -1952.0000000000
8398 -1950.0000000000
8441 -1949.0000000000
8871 -1948.0000000000
8990 -1947.0000000000
9187 -1946.0000000000
9505 -1945.0000000000
9869 -1944.0000000000
10000 -2003.0000000000
evaluations raw_y
1 -1965.0000000000
4 -1964.0000000000
17 -1963.0000000000
18 -1961.0000000000
21 -1960.0000000000
49 -1958.0000000000
89 -1957.0000000000
109 -1956.0000000000
145 -1955.0000000000
157 -1953.0000000000
178 -1952.0000000000
182 -1951.0000000000
189 -1950.0000000000
222 -1947.0000000000
281 -1946.0000000000
305 -1945.0000000000
386 -1944.0000000000
433 -1943.0000000000
438 -1942.0000000000
475 -1941.0000000000
481 -1940.0000000000
490 -1939.0000000000
493 -1938.0000000000
512 -1937.0000000000
584 -1936.0000000000
652 -1932.0000000000
714 -1930.0000000000
736 -1929.0000000000
810 -1928.0000000000
881 -1927.0000000000
916 -1926.0000000000
934 -1925.0000000000
973 -1924.0000000000
1048 -1923.0000000000
1053 -1922.0000000000
1075 -1920.0000000000
1219 -1918.0000000000
1370 -1917.0000000000
1506 -1916.0000000000
1717 -1915.0000000000
1770 -1914.0000000000
1890 -1913.0000000000
1941 -1912.0000000000
2151 -1911.0000000000
2181 -1910.0000000000
2402 -1908.0000000000
2406 -1907.0000000000
2527 -1905.0000000000
2906 -1904.0000000000
2907 -1903.0000000000
2924 -1902.0000000000
3054 -1901.0000000000
3175 -1899.0000000000
3661 -1898.0000000000
3867 -1897.0000000000
3889 -1896.0000000000
4034 -1895.0000000000
4103 -1894.0000000000
4282 -1893.0000000000
4451 -1891.0000000000
5129 -1890.0000000000
5238 -1889.0000000000
5371 -1888.0000000000
5410 -1887.0000000000
5431 -1885.0000000000
5735 -1884.0000000000
5895 -1883.0000000000
6303 -1881.0000000000
6382 -1878.0000000000
6657 -1877.0000000000
6696 -1875.0000000000
7222 -1874.0000000000
7272 -1873.0000000000
7332 -1870.0000000000
7699 -1869.0000000000
7807 -1868.0000000000
8036 -1867.0000000000
8230 -1866.0000000000
8250 -1864.0000000000
8377 -1863.0000000000
8883 -1862.0000000000
9600 -1861.0000000000
9807 -1860.0000000000
10000 -1903.0000000000
evaluations raw_y
1 -1982.0000000000
3 -1980.0000000000
17 -1979.0000000000
36 -1978.0000000000
40 -1976.0000000000
61 -1975.0000000000
63 -1974.0000000000
72 -1973.0000000000
128 -1972.0000000000
131 -1969.0000000000
141 -1967.0000000000
160 -1966.0000000000
178 -1965.0000000000
179 -1964.0000000000
192 -1962.0000000000
214 -1961.0000000000
220 -1960.0000000000
336 -1959.0000000000
350 -1958.0000000000
421 -1957.0000000000
422 -1956.0000000000
432 -1955.0000000000
451 -1953.0000000000
465 -1952.0000000000
489 -1951.0000000000
516 -1950.0000000000
592 -1947.0000000000
890 -1945.0000000000
922 -1942.0000000000
1027 -1941.0000000000
1210 -1939.0000000000
1349 -1938.0000000000
1366 -1937.0000000000
1411 -1936.0000000000
1476 -1935.0000000000
1558 -1934.0000000000
1600 -1933.0000000000
1661 -1932.0000000000
1684 -1931.0000000000
1734 -1930.0000000000
1735 -1929.0000000000
1859 -1927.0000000000
2219 -1926.0000000000
2258 -1925.0000000000
2310 -1924.0000000000
2376 -1923.0000000000
2585 -1922.0000000000
2593 -1921.0000000000
2607 -1919.0000000000
2618 -1918.0000000000
2799 -1917.0000000000
3511 -1916.0000000000
3849 -1915.0000000000
3930 -1914.0000000000
4045 -1913.0000000000
4171 -1911.0000000000
4383 -1910.0000000000
4472 -1909.0000000000
4511 -1908.0000000000
4639 -1907.0000000000
5073 -1906.0000000000
5176 -1905.0000000000
5369 -1904.0000000000
5544 -1903.0000000000
5592 -1902.0000000000
5875 -1901.0000000000
6410 -1900.0000000000
7633 -1899.0000000000
7681 -1898.0000000000
7782 -1897.0000000000
7789 -1895.0000000000
8053 -1894.0000000000
8886 -1893.0000000000
8987 -1892.0000000000
9139 -1891.0000000000
9389 -1889.0000000000
10000 -1932.0000000000
