evaluations raw_y
1 -2117767.0000000005
2 -2116764.0000000005
7 -2115756.0000000005
13 -2114754.0000000005
14 -2113754.0000000005
16 -2112751.0000000005
18 -2111750.0000000005
20 -2110742.0000000005
21 -2109737.0000000005
22 -2108734.0000000005
23 -2107725.0000000005
24 -2106717.0000000005
25 -2105712.0000000005
29 -2104704.0000000005
32 -2103704.0000000005
33 -2102698.0000000005
35 -2101697.0000000005
37 -2100691.0000000005
38 -2099687.0000000005
48 -2098679.0000000005
49 -2097674.0000000005
50 -2096674.0000000005
51 -2095667.0000000005
54 -2094664.0000000005
55 -2093656.0000000005
56 -2092652.0000000005
59 -2091647.0000000005
60 -2090645.0000000005
62 -2089639.0000000005
63 -2088634.0000000005
64 -2087628.0000000005
65 -2086623.0000000005
66 -2085622.0000000005
68 -2084622.0000000005
71 -2083621.0000000005
72 -2082618.0000000005
73 -2081617.0000000005
74 -2080617.0000000005
75 -2079609.0000000005
80 -2078600.0000000005
83 -2077596.0000000005
84 -2076594.0000000005
85 -2075587.0000000005
87 -2074586.0000000005
90 -2073586.0000000005
92 304628.6956191129
141 304647.4276608274
142 304681.1205883201
143 305043.9738787042
145 305352.0051022061
211 305365.0830906505
215 306119.4456395137
274 306157.4170381314
275 306801.2647076082
324 306810.8786253415
326 307632.3794284235
339 307633.2124434336
340 307648.5726493910
347 307668.7111468408
349 308577.2597042315
525 308612.6608476319
529 308661.6608049015
655 308673.1168241623
657 308930.9597064065
766 308945.7519945099
767 309199.1125432669
1163 309205.2438406119
1164 310115.4508736738
1455 310118.6985451255
1459 310402.3378969253
1687 310417.6480111023
1688 310746.7783906372
1931 310782.5600425327
1932 311050.1315338167
2077 311058.6796245115
2080 311511.8898820723
4388 311526.6744592618
4391 312152.7512738716
10001 311695.5308791151
evaluations raw_y
1 -2141937.0000000005
2 -2140930.0000000005
3 -2139928.0000000005
5 -2138923.0000000005
6 -2137921.0000000005
7 -2136921.0000000005
8 -2135915.0000000005
11 -2134908.0000000005
16 -2133907.0000000005
17 -2132903.0000000005
19 -2131895.0000000005
20 -2130895.0000000005
23 -2129895.0000000005
28 -2128894.0000000005
32 -2127892.0000000005
33 -2126885.0000000005
34 -2125878.0000000005
36 -2124873.0000000005
37 -2123866.0000000005
39 -2122857.0000000005
40 -2121851.0000000005
41 -2120844.0000000005
47 -2119842.0000000005
48 -2118833.0000000005
50 -2117827.0000000005
52 -2116826.0000000005
53 -2115817.0000000005
54 -2114817.0000000005
56 -2113811.0000000005
58 -2112806.0000000005
61 -2111806.0000000005
62 -2110801.0000000005
63 -2109798.0000000005
66 -2108792.0000000005
70 -2107783.0000000005
72 -2106775.0000000005
78 -2105767.0000000005
82 -2104765.0000000005
92 -2103764.0000000005
93 -2102758.0000000005
96 -2101753.0000000005
98 -2100750.0000000005
99 -2099745.0000000005
102 -2098738.0000000005
104 -2097735.0000000005
105 -2096729.0000000005
108 -2095724.0000000005
110 -2094717.0000000005
113 -2093716.0000000005
114 -2092709.0000000005
115 -2091700.0000000005
117 -2090692.0000000005
118 -2089683.0000000005
121 -2088680.0000000005
123 -2087680.0000000005
124 -2086674.0000000005
125 -2085670.0000000005
126 -2084662.0000000005
128 -2083656.0000000005
129 -2082649.0000000005
131 -2081648.0000000005
132 -2080645.0000000005
133 -2079640.0000000005
138 -2078635.0000000005
142 -2077627.0000000005
144 -2076622.0000000005
146 -2075615.0000000005
147 -2074607.0000000005
148 -2073600.0000000005
150 302617.9897382567
166 302636.2439094045
167 302820.6064492941
456 302849.7299791471
458 303113.8758174902
531 303135.5628756426
533 303977.8315493359
596 303994.6186875268
597 304735.0893376637
1047 304746.4243739762
1048 304750.9435314142
1205 304765.7915119232
1209 304856.3939341596
1373 304872.5122262907
1374 305622.1680192857
1428 305664.7069162275
1430 306602.2217507598
1584 306638.4840031068
1585 306865.6403206994
1821 306881.6345467867
1825 307094.4569922197
1944 307104.9103654267
1947 308002.9301173890
2471 308030.3960810743
2472 308710.5435057689
2647 308712.4547980206
2648 308829.4044810808
2791 308862.3484657703
2792 309575.6187439950
2968 309580.0860881737
2969 309631.5080436442
3126 309651.1193089832
3127 309819.0724717535
3191 309835.0874345701
3194 310495.0037716692
5044 310508.9849461200
5045 310686.9590210314
5959 310723.0804378248
5960 310801.7264103699
10001 -2073616.0000000005
evaluations raw_y
1 -2134901.0000000005
4 -2133892.0000000005
6 -2132884.0000000005
8 -2131884.0000000005
12 -2130881.0000000005
14 -2129876.0000000005
15 -2128874.0000000005
16 -2127871.0000000005
17 -2126866.0000000005
23 -2125860.0000000005
24 -2124851.0000000005
26 -2123843.0000000005
27 -2122839.0000000005
28 -2121833.0000000005
30 -2120828.0000000005
31 -2119824.0000000005
32 -2118824.0000000005
34 -2117818.0000000005
36 -2116815.0000000005
37 -2115807.0000000005
38 -2114807.0000000005
39 -2113803.0000000005
42 -2112798.0000000005
44 -2111791.0000000005
46 -2110791.0000000005
50 -2109784.0000000005
51 -2108780.0000000005
52 -2107772.0000000005
53 -2106767.0000000005
54 -2105760.0000000005
55 -2104755.0000000005
57 -2103754.0000000005
59 -2102750.0000000005
60 -2101743.0000000005
62 -2100734.0000000005
66 -2099726.0000000005
67 -2098719.0000000005
69 -2097717.0000000005
70 -2096708.0000000005
72 -2095701.0000000005
73 -2094693.0000000005
74 -2093691.0000000005
75 -2092685.0000000005
85 -2091678.0000000005
87 -2090674.0000000005
91 -2089671.0000000005
92 -2088666.0000000005
93 -2087661.0000000005
96 -2086660.0000000005
97 -2085659.0000000005
99 -2084654.0000000005
101 -2083652.0000000005
102 -2082650.0000000005
103 -2081643.0000000005
108 -2080638.0000000005
109 -2079633.0000000005
110 -2078624.0000000005
111 -2077624.0000000005
112 -2076622.0000000005
119 -2075613.0000000005
121 -2074607.0000000005
122 -2073604.0000000005
123 302411.3410911489
163 302426.4074602285
165 302960.4087903147
168 302969.8014779525
170 303496.3438206353
304 303515.7016671892
308 304197.6678249576
361 304220.5021076602
362 304405.7259434840
487 304425.6311041854
490 305031.9177032426
525 305032.4745409941
529 305446.9364345896
624 305447.1628460111
625 306346.6382429012
645 306381.0562945348
648 307228.2477698589
732 307265.3196317006
733 307339.8326865439
895 307362.5670853925
896 308070.0696280887
985 308077.4375707984
986 308127.9835236804
1085 308140.0342981686
1086 308486.2940681336
1365 308502.6848451457
1368 308667.7108848100
2255 308678.6307354580
2256 308831.4372809989
4955 308831.8868155822
4956 309311.7995206645
10001 308798.2249254541
evaluations raw_y
1 -2102747.0000000005
2 -2101738.0000000005
3 -2100736.0000000005
8 -2099728.0000000005
9 -2098723.0000000005
12 -2097714.0000000005
14 -2096712.0000000005
15 -2095706.0000000005
18 -2094703.0000000005
19 -2093699.0000000005
22 -2092699.0000000005
25 -2091698.0000000005
26 -2090692.0000000005
30 -2089691.0000000005
32 -2088683.0000000005
35 -2087677.0000000005
39 -2086668.0000000005
40 -2085666.0000000005
42 -2084657.0000000005
47 -2083649.0000000005
52 -2082641.0000000005
54 -2081633.0000000005
55 -2080626.0000000005
56 -2079622.0000000005
58 -2078617.0000000005
61 -2077616.0000000005
62 -2076611.0000000005
63 -2075609.0000000005
64 -2074602.0000000005
69 -2073595.0000000005
70 302669.9861758029
84 302712.6026697917
85 303240.8091430028
105 303279.6475880814
110 303732.4765517350
115 303739.8323959225
116 304533.0118215290
166 304534.9863021778
167 304663.1855319918
192 304678.1590249062
193 304736.1881283621
228 304771.1948450052
230 305671.5688797255
457 305684.0158571323
460 306353.6212593553
468 306364.5678102585
469 306506.6158651075
495 306520.4548119114
499 307338.4438746801
501 307339.8917701202
503 307807.1884715065
661 307836.4115599496
662 308290.0091718225
978 308291.6649069939
979 309227.8238419007
1195 309246.2590872459
1196 309978.6989539021
1279 309995.1516302310
1280 310031.8645691873
1463 310042.2262819167
1464 310347.5242216944
1507 310349.6945421927
1508 310951.2658862483
1945 310962.7627806073
1946 311802.2002203983
2533 311822.2946513459
2534 312337.6329237988
2980 312365.4332139881
2982 313046.2573762210
3201 313051.1100030653
3208 313242.5825852221
5530 313264.1302751321
5533 314102.2779965514
10001 313497.9846976726
evaluations raw_y
1 -2197204.0000000005
3 -2196195.0000000005
4 -2195186.0000000005
6 -2194178.0000000005
8 -2193172.0000000005
9 -2192169.0000000005
10 -2191165.0000000005
11 -2190159.0000000005
13 -2189153.0000000005
18 -2188151.0000000005
19 -2187142.0000000005
20 -2186138.0000000005
25 -2185135.0000000005
30 -2184127.0000000005
31 -2183123.0000000005
33 -2182114.0000000005
34 -2181112.0000000005
37 -2180107.0000000005
41 -2179099.0000000005
42 -2178090.0000000005
43 -2177082.0000000005
45 -2176079.0000000005
46 -2175079.0000000005
48 -2174078.0000000005
49 -2173077.0000000005
50 -2172069.0000000005
51 -2171069.0000000005
52 -2170069.0000000005
54 -2169068.0000000005
55 -2168064.0000000005
56 -2167056.0000000005
59 -2166051.0000000005
60 -2165051.0000000005
61 -2164042.0000000005
62 -2163040.0000000005
63 -2162032.0000000005
67 -2161029.0000000005
68 -2160026.0000000005
69 -2159020.0000000005
71 -2158013.0000000005
72 -2157005.0000000005
73 -2155998.0000000005
75 -2154994.0000000005
78 -2153988.0000000005
80 -2152981.0000000005
81 -2151974.0000000005
82 -2150968.0000000005
83 -2149967.0000000005
85 -2148958.0000000005
86 -2147952.0000000005
87 -2146945.0000000005
89 -2145938.0000000005
92 -2144929.0000000005
96 -2143920.0000000005
97 -2142920.0000000005
100 -2141919.0000000005
101 -2140913.0000000005
103 -2139913.0000000005
104 -2138905.0000000005
106 -2137901.0000000005
107 -2136896.0000000005
110 -2135888.0000000005
112 -2134879.0000000005
116 -2133878.0000000005
117 -2132878.0000000005
120 -2131869.0000000005
121 -2130860.0000000005
124 -2129852.0000000005
127 -2128850.0000000005
128 -2127843.0000000005
129 -2126840.0000000005
130 -2125834.0000000005
134 -2124825.0000000005
136 -2123816.0000000005
138 -2122816.0000000005
140 -2121815.0000000005
141 -2120809.0000000005
142 -2119800.0000000005
144 -2118797.0000000005
146 -2117794.0000000005
149 -2116786.0000000005
150 -2115785.0000000005
151 -2114783.0000000005
154 -2113776.0000000005
156 -2112776.0000000005
158 -2111767.0000000005
163 -2110759.0000000005
165 -2109752.0000000005
166 -2108743.0000000005
167 -2107743.0000000005
169 -2106742.0000000005
173 -2105734.0000000005
176 -2104732.0000000005
179 -2103723.0000000005
181 -2102720.0000000005
184 -2101711.0000000005
186 -2100703.0000000005
187 -2099697.0000000005
188 -2098697.0000000005
189 -2097697.0000000005
191 -2096692.0000000005
192 -2095690.0000000005
194 -2094687.0000000005
196 -2093685.0000000005
197 -2092684.0000000005
198 -2091679.0000000005
199 -2090671.0000000005
201 -2089665.0000000005
203 -2088665.0000000005
211 -2087659.0000000005
212 -2086653.0000000005
216 -2085648.0000000005
217 -2084639.0000000005
218 -2083631.0000000005
219 -2082622.0000000005
221 -2081621.0000000005
224 -2080616.0000000005
229 -2079615.0000000005
234 -2078611.0000000005
236 -2077603.0000000005
237 -2076598.0000000005
240 -2075591.0000000005
241 -2074588.0000000005
242 -2073582.0000000005
243 312424.0691718605
328 312439.7854352506
329 312799.4246436137
374 312825.0487516712
380 312958.2053035233
441 312961.7038398387
444 313573.4449559771
465 313590.9692799854
471 313633.4477455220
525 313655.3383856940
526 314387.9931908296
565 314408.3959502464
566 314538.1289225693
601 314541.2242951679
602 314644.9521264004
650 314678.4673307195
651 315497.3967016169
700 315508.9702409400
701 316246.4275480293
850 316256.7393276345
853 317204.9878024337
910 317221.1900983013
913 317373.2218775289
1113 317409.2167918092
1116 317912.4122039904
1217 317929.2818615913
1219 318520.1484719143
1278 318538.2954761747
1280 319388.4337294881
1338 319414.0159001244
1339 320094.5778580817
1383 320119.3492967428
1385 320486.9629338836
1410 320526.0279949630
1411 321357.9163810142
1537 321369.6996797047
1538 322137.1349163971
1994 322144.6708090155
1995 322444.1966253962
2303 322458.2976639174
2305 322717.9560103941
3218 322739.7667985442
3220 323708.9369724314
10001 323053.1331859003
evaluations raw_y
1 -2144820.0000000005
2 -2143814.0000000005
3 -2142806.0000000005
4 -2141803.0000000005
7 -2140795.0000000005
8 -2139791.0000000005
9 -2138784.0000000005
10 -2137780.0000000005
12 -2136771.0000000005
14 -2135762.0000000005
15 -2134760.0000000005
20 -2133757.0000000005
23 -2132752.0000000005
24 -2131744.0000000005
25 -2130738.0000000005
28 -2129731.0000000005
29 -2128723.0000000005
31 -2127715.0000000005
32 -2126708.0000000005
36 -2125708.0000000005
39 -2124699.0000000005
41 -2123691.0000000005
44 -2122682.0000000005
46 -2121677.0000000005
52 -2120669.0000000005
53 -2119663.0000000005
54 -2118657.0000000005
56 -2117654.0000000005
57 -2116652.0000000005
58 -2115645.0000000005
62 -2114639.0000000005
64 -2113632.0000000005
65 -2112629.0000000005
66 -2111622.0000000005
68 -2110616.0000000005
69 -2109610.0000000005
70 -2108609.0000000005
71 -2107606.0000000005
72 -2106598.0000000005
73 -2105598.0000000005
74 -2104590.0000000005
75 -2103584.0000000005
76 -2102579.0000000005
77 -2101576.0000000005
79 -2100569.0000000005
80 -2099568.0000000005
81 -2098567.0000000005
82 -2097564.0000000005
85 -2096558.0000000005
86 -2095555.0000000005
88 -2094548.0000000005
89 -2093539.0000000005
91 -2092533.0000000005
92 -2091530.0000000005
97 -2090530.0000000005
98 -2089522.0000000005
102 -2088518.0000000005
103 -2087510.0000000005
104 -2086505.0000000005
106 -2085499.0000000005
107 -2084493.0000000005
108 -2083486.0000000005
110 -2082483.0000000005
112 -2081481.0000000005
113 -2080472.0000000005
116 -2079466.0000000005
122 -2078459.0000000005
125 -2077451.0000000005
127 -2076446.0000000005
129 -2075440.0000000005
131 -2074440.0000000005
133 -2073436.0000000005
135 300265.9032401646
144 300281.9960829963
145 300921.2851936108
159 300937.3178318893
160 301750.6923236215
1056 301770.1835708087
1057 302243.3248796814
1156 302260.0200436462
1157 302363.0128631556
1181 302389.6349478664
1182 302469.4915881957
1208 302471.9215363205
1210 302774.6498880985
1383 302787.2125639899
1386 303058.1722922105
1430 303097.1439814938
1431 303806.8670703475
1667 303844.1009687081
1669 304142.8116765890
1672 304167.2283345242
1677 304360.1803046394
2747 304394.9474876826
2750 304484.4597633756
3929 304488.8223280076
3930 305271.1761306213
4735 305272.8852283919
4737 305511.9476046867
5236 305533.2903508650
5237 305643.2451070180
10001 -2073424.0000000005
evaluations raw_y
1 -2133905.0000000005
3 -2132896.0000000005
8 -2131891.0000000005
9 -2130885.0000000005
10 -2129880.0000000005
13 -2128880.0000000005
16 -2127874.0000000005
18 -2126870.0000000005
19 -2125863.0000000005
23 -2124856.0000000005
24 -2123853.0000000005
26 -2122852.0000000005
28 -2121851.0000000005
30 -2120843.0000000005
31 -2119841.0000000005
35 -2118833.0000000005
38 -2117826.0000000005
40 -2116820.0000000005
42 -2115820.0000000005
43 -2114815.0000000005
44 -2113812.0000000005
46 -2112803.0000000005
49 -2111803.0000000005
51 -2110796.0000000005
52 -2109788.0000000005
53 -2108783.0000000005
55 -2107781.0000000005
56 -2106778.0000000005
58 -2105771.0000000005
60 -2104768.0000000005
61 -2103762.0000000005
62 -2102755.0000000005
64 -2101748.0000000005
65 -2100743.0000000005
68 -2099736.0000000005
69 -2098736.0000000005
71 -2097731.0000000005
72 -2096723.0000000005
75 -2095722.0000000005
76 -2094715.0000000005
77 -2093709.0000000005
78 -2092704.0000000005
79 -2091702.0000000005
86 -2090694.0000000005
87 -2089688.0000000005
91 -2088680.0000000005
98 -2087680.0000000005
99 -2086674.0000000005
100 -2085670.0000000005
102 -2084661.0000000005
106 -2083654.0000000005
107 -2082649.0000000005
108 -2081649.0000000005
109 -2080644.0000000005
114 -2079635.0000000005
115 -2078632.0000000005
117 -2077628.0000000005
118 -2076620.0000000005
121 -2075612.0000000005
124 -2074607.0000000005
125 -2073600.0000000005
126 308045.5727027335
208 308056.1678170708
212 308487.5947790490
214 308529.4330493810
216 308947.7692203685
247 308954.2147283517
248 309306.4583011724
327 309317.1683890801
328 309591.6003720993
398 309595.1633207560
401 310386.3113953198
431 310409.8095569935
432 311077.4270734385
485 311077.5002691158
486 311419.5926815082
500 311454.9762924068
504 311750.7572157407
518 311763.6566909981
520 311784.8927008747
660 311809.3357043929
661 311825.7991334664
684 311826.6787322112
687 312060.8747652001
709 312088.6638199175
710 312341.0249609152
1233 312341.3080533227
1237 312361.1090978727
1587 312370.9146149138
1590 313300.5582975015
1785 313334.2590822848
1791 314110.0214051259
1901 314122.4015350966
1902 314903.5252108686
1981 314909.3850291172
1983 315381.7854356556
1993 315405.4875162760
1997 316047.0923306742
2046 316062.2681907697
2047 316619.0531665651
4101 316639.8448466468
4103 317494.5656018349
4741 317529.7764625219
4750 317638.5545382622
5783 317639.6259067466
5787 317906.9630185905
10001 -2073605.0000000005
evaluations raw_y
1 -2173071.0000000005
2 -2172062.0000000005
3 -2171053.0000000005
6 -2170053.0000000005
9 -2169053.0000000005
10 -2168047.0000000005
11 -2167043.0000000005
12 -2166042.0000000005
14 -2165040.0000000005
15 -2164031.0000000005
16 -2163025.0000000005
19 -2162020.0000000005
20 -2161017.0000000005
25 -2160011.0000000005
27 -2159006.0000000005
28 -2157997.0000000005
30 -2156994.0000000005
34 -2155987.0000000005
36 -2154985.0000000005
37 -2153985.0000000005
42 -2152982.0000000005
43 -2151980.0000000005
44 -2150978.0000000005
45 -2149971.0000000005
46 -2148967.0000000005
47 -2147963.0000000005
48 -2146960.0000000005
50 -2145954.0000000005
51 -2144951.0000000005
55 -2143946.0000000005
56 -2142937.0000000005
58 -2141929.0000000005
61 -2140921.0000000005
62 -2139915.0000000005
63 -2138909.0000000005
67 -2137903.0000000005
70 -2136900.0000000005
71 -2135896.0000000005
73 -2134893.0000000005
74 -2133888.0000000005
79 -2132882.0000000005
82 -2131882.0000000005
86 -2130878.0000000005
92 -2129872.0000000005
93 -2128863.0000000005
94 -2127854.0000000005
95 -2126848.0000000005
97 -2125847.0000000005
98 -2124842.0000000005
101 -2123840.0000000005
105 -2122831.0000000005
106 -2121828.0000000005
107 -2120828.0000000005
109 -2119828.0000000005
110 -2118828.0000000005
116 -2117822.0000000005
119 -2116813.0000000005
120 -2115809.0000000005
121 -2114809.0000000005
122 -2113807.0000000005
125 -2112806.0000000005
126 -2111802.0000000005
127 -2110799.0000000005
130 -2109790.0000000005
135 -2108782.0000000005
140 -2107777.0000000005
143 -2106775.0000000005
144 -2105773.0000000005
145 -2104767.0000000005
147 -2103758.0000000005
149 -2102758.0000000005
150 -2101752.0000000005
151 -2100749.0000000005
152 -2099740.0000000005
153 -2098740.0000000005
154 -2097739.0000000005
156 -2096730.0000000005
159 -2095727.0000000005
160 -2094719.0000000005
161 -2093714.0000000005
162 -2092714.0000000005
164 -2091705.0000000005
165 -2090696.0000000005
166 -2089694.0000000005
169 -2088689.0000000005
170 -2087689.0000000005
171 -2086680.0000000005
172 -2085680.0000000005
173 -2084678.0000000005
174 -2083676.0000000005
175 -2082668.0000000005
177 -2081666.0000000005
180 -2080665.0000000005
181 -2079659.0000000005
182 -2078653.0000000005
185 -2077652.0000000005
188 -2076646.0000000005
193 -2075646.0000000005
194 -2074645.0000000005
197 -2073642.0000000005
199 312684.2404183918
259 312708.5914789403
260 313156.5789315361
310 313186.6333161933
313 313864.1396058070
318 313866.7967044890
321 314153.6186291572
323 314165.4953297366
325 314982.3394167792
329 315020.9746199249
331 315332.8495973109
337 315353.6044918800
339 316010.9910051270
367 316033.4707602338
368 316579.0941579897
437 316606.4557624867
439 316879.1478450611
458 316893.3360758437
463 317766.8825113716
518 317785.7451974644
519 318743.6517317006
959 318782.6408926199
960 319045.7457643032
1356 319077.5237518636
1357 319775.5898186532
2190 319815.5006018936
2191 319849.6651562466
2545 319871.0649762334
2546 320001.6112127336
2968 320011.8673553138
2970 320289.2680115156
4057 320328.8739656964
4058 320836.2207415726
4321 320852.9900883354
4322 321753.8149699251
8588 321777.3508134184
8589 322647.4902075499
10001 321676.5451354773
evaluations raw_y
1 -2130861.0000000005
2 -2129860.0000000005
3 -2128855.0000000005
4 -2127855.0000000005
5 -2126855.0000000005
6 -2125855.0000000005
7 -2124850.0000000005
8 -2123849.0000000005
9 -2122849.0000000005
10 -2121849.0000000005
11 -2120848.0000000005
12 -2119841.0000000005
14 -2118839.0000000005
15 -2117830.0000000005
17 -2116827.0000000005
19 -2115822.0000000005
20 -2114817.0000000005
21 -2113808.0000000005
23 -2112802.0000000005
28 -2111798.0000000005
29 -2110793.0000000005
30 -2109787.0000000005
36 -2108782.0000000005
38 -2107776.0000000005
40 -2106774.0000000005
41 -2105765.0000000005
42 -2104765.0000000005
46 -2103757.0000000005
47 -2102751.0000000005
50 -2101745.0000000005
52 -2100744.0000000005
54 -2099740.0000000005
56 -2098740.0000000005
58 -2097738.0000000005
59 -2096730.0000000005
64 -2095728.0000000005
72 -2094720.0000000005
74 -2093719.0000000005
75 -2092712.0000000005
76 -2091704.0000000005
78 -2090700.0000000005
81 -2089696.0000000005
83 -2088695.0000000005
86 -2087686.0000000005
90 -2086685.0000000005
93 -2085683.0000000005
96 -2084674.0000000005
97 -2083672.0000000005
99 -2082664.0000000005
100 -2081656.0000000005
102 -2080649.0000000005
108 -2079643.0000000005
114 -2078642.0000000005
118 -2077638.0000000005
121 -2076636.0000000005
122 -2075631.0000000005
125 -2074631.0000000005
126 -2073630.0000000005
127 307515.6444168545
152 307542.3025947454
155 308370.4567453293
260 308398.6450026834
261 309250.7214618027
284 309260.7838621704
285 309287.6075726456
405 309297.2604665620
406 309556.8280449901
442 309558.1359093151
444 309908.3306958702
463 309909.2380462686
465 310687.2183387605
509 310699.8736983214
514 311637.5734363001
585 311652.4043539593
586 312182.8766652393
817 312183.6348506520
819 312717.1772947693
836 312732.2353443756
837 313059.5559277107
1128 313083.9193170877
1129 313525.5000796752
1192 313561.2632148980
1193 313759.9094296831
1220 313797.3789597849
1224 314612.5785585134
1332 314621.1770850701
1333 315551.8019521608
1541 315575.6687882104
1542 316369.4786472699
1956 316384.8094501884
1957 317127.5230476188
2752 317146.0852112056
2753 317507.1823637207
3036 317542.1983126128
3038 318394.3128533398
10001 317613.1413781577
evaluations raw_y
1 -2124853.0000000005
5 -2123853.0000000005
6 -2122844.0000000005
7 -2121837.0000000005
9 -2120832.0000000005
11 -2119831.0000000005
14 -2118825.0000000005
18 -2117816.0000000005
21 -2116814.0000000005
22 -2115807.0000000005
27 -2114801.0000000005
29 -2113797.0000000005
33 -2112796.0000000005
34 -2111790.0000000005
35 -2110782.0000000005
36 -2109773.0000000005
38 -2108768.0000000005
40 -2107762.0000000005
42 -2106756.0000000005
43 -2105756.0000000005
49 -2104755.0000000005
50 -2103749.0000000005
52 -2102743.0000000005
55 -2101738.0000000005
56 -2100733.0000000005
64 -2099727.0000000005
65 -2098720.0000000005
67 -2097711.0000000005
68 -2096704.0000000005
69 -2095696.0000000005
74 -2094691.0000000005
75 -2093685.0000000005
77 -2092680.0000000005
79 -2091678.0000000005
80 -2090671.0000000005
81 -2089669.0000000005
83 -2088661.0000000005
84 -2087652.0000000005
85 -2086652.0000000005
86 -2085648.0000000005
91 -2084645.0000000005
93 -2083639.0000000005
94 -2082635.0000000005
97 -2081634.0000000005
99 -2080625.0000000005
107 -2079623.0000000005
109 -2078618.0000000005
110 -2077618.0000000005
111 -2076613.0000000005
115 -2075606.0000000005
117 -2074597.0000000005
120 -2073588.0000000005
124 312120.6157539074
133 312143.4804805793
134 312558.1229446360
316 312595.5815800366
319 313176.5369625824
345 313188.3900165659
347 314038.6061366053
348 314039.6352486653
349 314199.5766569625
448 314212.3902595084
449 314404.9753007267
705 314415.1539905338
706 314984.1905229902
999 315024.2258391377
1000 315494.1395552315
1129 315520.6953208845
1130 315618.4988657904
1259 315655.4580399167
1263 315672.6312448492
1264 316622.8536667223
1265 316767.7337194947
1405 316792.4412017430
1406 317271.1160926129
1883 317276.3023222613
1885 317458.9835515926
1977 317471.9864052307
1978 318134.5816087184
2099 318148.8143903908
2100 318692.0092008507
2525 318707.1836313152
2528 319239.4188135157
2687 319264.5592900275
2693 319532.2490929453
2851 319567.8263597747
2853 320398.2908674573
3290 320427.9266871079
3291 320898.5587251610
3950 320917.1960544413
3951 321277.0750572431
10001 -2073587.0000000005
evaluations raw_y
1 -2156971.0000000005
4 -2155966.0000000005
5 -2154965.0000000005
6 -2153963.0000000005
7 -2152963.0000000005
8 -2151962.0000000005
9 -2150962.0000000005
10 -2149956.0000000005
12 -2148956.0000000005
13 -2147952.0000000005
18 -2146951.0000000005
20 -2145950.0000000005
21 -2144948.0000000005
23 -2143944.0000000005
24 -2142944.0000000005
25 -2141938.0000000005
27 -2140936.0000000005
33 -2139929.0000000005
34 -2138924.0000000005
39 -2137923.0000000005
42 -2136923.0000000005
43 -2135921.0000000005
44 -2134921.0000000005
45 -2133921.0000000005
47 -2132914.0000000005
48 -2131908.0000000005
49 -2130906.0000000005
52 -2129897.0000000005
53 -2128895.0000000005
54 -2127894.0000000005
55 -2126885.0000000005
56 -2125885.0000000005
57 -2124884.0000000005
58 -2123879.0000000005
62 -2122876.0000000005
63 -2121875.0000000005
64 -2120873.0000000005
65 -2119866.0000000005
69 -2118860.0000000005
70 -2117860.0000000005
72 -2116857.0000000005
73 -2115857.0000000005
75 -2114854.0000000005
76 -2113850.0000000005
77 -2112849.0000000005
78 -2111841.0000000005
83 -2110832.0000000005
84 -2109827.0000000005
87 -2108819.0000000005
89 -2107813.0000000005
90 -2106812.0000000005
91 -2105807.0000000005
92 -2104804.0000000005
96 -2103796.0000000005
98 -2102796.0000000005
100 -2101796.0000000005
102 -2100792.0000000005
103 -2099789.0000000005
107 -2098780.0000000005
108 -2097780.0000000005
109 -2096774.0000000005
112 -2095766.0000000005
113 -2094758.0000000005
115 -2093755.0000000005
116 -2092752.0000000005
117 -2091752.0000000005
118 -2090748.0000000005
119 -2089740.0000000005
121 -2088732.0000000005
123 -2087723.0000000005
124 -2086723.0000000005
130 -2085719.0000000005
131 -2084710.0000000005
136 -2083704.0000000005
142 -2082697.0000000005
143 -2081691.0000000005
144 -2080683.0000000005
150 -2079679.0000000005
151 -2078674.0000000005
153 -2077672.0000000005
155 -2076666.0000000005
157 -2075666.0000000005
160 -2074661.0000000005
169 -2073658.0000000005
170 316786.0924849705
440 316794.8513834075
441 317109.8203131978
473 317111.0789905463
476 317810.4530445427
527 317829.8557978663
528 318142.6380407258
566 318169.3733819122
567 318186.0171296016
568 318804.5032031914
571 319417.6035104013
660 319418.6846340059
661 319426.8234566470
770 319463.3666016002
772 319495.4447905601
811 319517.9344420779
813 319626.8672319737
825 319665.0181817877
828 320445.1125416250
846 320463.1569303357
847 321058.7430896417
1110 321070.7834158060
1111 321259.2800996922
1406 321270.2772791484
1407 321826.2669295677
1779 321841.2719969065
1780 322693.6628673755
2515 322737.1083447295
2522 323188.8529362202
2720 323205.7909825355
2721 323753.0122079793
2760 323786.9150359581
2761 324216.7423562907
3169 324229.2776224439
3171 324531.3444598609
10001 324377.4504471677
evaluations raw_y
1 -2145938.0000000005
2 -2144937.0000000005
4 -2143936.0000000005
6 -2142927.0000000005
7 -2141923.0000000005
8 -2140920.0000000005
12 -2139913.0000000005
13 -2138913.0000000005
14 -2137912.0000000005
15 -2136908.0000000005
16 -2135904.0000000005
18 -2134903.0000000005
20 -2133895.0000000005
24 -2132887.0000000005
25 -2131887.0000000005
26 -2130885.0000000005
27 -2129885.0000000005
28 -2128876.0000000005
29 -2127875.0000000005
30 -2126874.0000000005
33 -2125874.0000000005
34 -2124874.0000000005
36 -2123870.0000000005
37 -2122865.0000000005
40 -2121862.0000000005
41 -2120856.0000000005
43 -2119855.0000000005
45 -2118852.0000000005
46 -2117850.0000000005
47 -2116843.0000000005
48 -2115836.0000000005
50 -2114828.0000000005
51 -2113820.0000000005
56 -2112818.0000000005
57 -2111815.0000000005
59 -2110808.0000000005
62 -2109799.0000000005
64 -2108790.0000000005
65 -2107789.0000000005
66 -2106783.0000000005
70 -2105777.0000000005
71 -2104771.0000000005
73 -2103768.0000000005
74 -2102759.0000000005
77 -2101759.0000000005
79 -2100756.0000000005
80 -2099756.0000000005
83 -2098752.0000000005
87 -2097751.0000000005
90 -2096743.0000000005
91 -2095741.0000000005
93 -2094732.0000000005
95 -2093730.0000000005
97 -2092728.0000000005
98 -2091726.0000000005
99 -2090720.0000000005
100 -2089714.0000000005
103 -2088708.0000000005
104 -2087703.0000000005
107 -2086702.0000000005
110 -2085697.0000000005
111 -2084697.0000000005
120 -2083696.0000000005
124 -2082687.0000000005
129 -2081683.0000000005
132 -2080676.0000000005
137 -2079675.0000000005
138 -2078667.0000000005
141 -2077667.0000000005
142 -2076666.0000000005
145 -2075660.0000000005
147 -2074656.0000000005
148 -2073655.0000000005
149 314090.1794939770
186 314125.3062439882
189 314907.6195306504
393 314908.0123116322
399 315020.9418917433
504 315057.1607934178
505 315424.8752884129
611 315430.8504048602
613 315899.1768350382
790 315923.0495399009
791 316138.0888456368
960 316151.7926697413
962 316934.3760283971
974 316945.8759004109
975 317026.4383505053
1393 317039.1187139475
1395 317381.8835015709
1592 317413.8936479724
1593 318348.5073062082
1815 318363.4323072698
1816 319024.5867750969
2049 319059.8906734066
2050 319494.3020314123
2903 319502.3472455679
2904 319863.7910574963
2955 319874.0883743635
2956 320806.1803354446
2996 320815.3362489184
2998 320908.0064180992
3583 320908.7776634763
3584 321626.5002376121
4853 321626.5397427329
4855 322295.6002797639
10001 -2073654.0000000005
evaluations raw_y
1 -2130870.0000000005
3 -2129861.0000000005
6 -2128861.0000000005
9 -2127852.0000000005
13 -2126847.0000000005
15 -2125838.0000000005
19 -2124838.0000000005
20 -2123831.0000000005
24 -2122828.0000000005
25 -2121828.0000000005
26 -2120823.0000000005
27 -2119820.0000000005
29 -2118814.0000000005
30 -2117808.0000000005
33 -2116806.0000000005
34 -2115799.0000000005
38 -2114791.0000000005
39 -2113789.0000000005
40 -2112780.0000000005
42 -2111772.0000000005
44 -2110771.0000000005
47 -2109766.0000000005
49 -2108758.0000000005
51 -2107754.0000000005
52 -2106749.0000000005
53 -2105747.0000000005
55 -2104741.0000000005
58 -2103741.0000000005
59 -2102736.0000000005
60 -2101730.0000000005
68 -2100724.0000000005
69 -2099721.0000000005
72 -2098713.0000000005
74 -2097705.0000000005
76 -2096700.0000000005
77 -2095700.0000000005
81 -2094696.0000000005
82 -2093687.0000000005
84 -2092680.0000000005
85 -2091672.0000000005
87 -2090665.0000000005
90 -2089659.0000000005
91 -2088652.0000000005
94 -2087649.0000000005
101 -2086648.0000000005
110 -2085642.0000000005
111 -2084639.0000000005
112 -2083632.0000000005
114 -2082627.0000000005
120 -2081620.0000000005
123 -2080612.0000000005
126 -2079610.0000000005
127 -2078601.0000000005
128 -2077592.0000000005
132 -2076583.0000000005
134 -2075575.0000000005
136 -2074574.0000000005
137 -2073569.0000000005
138 322022.6533876642
246 322054.2597597013
248 322768.1523169212
265 322787.8366271980
266 323071.6865523526
532 323091.8069125052
536 323672.9906690157
654 323682.7501397285
656 324626.9407408840
786 324664.1583076612
787 324738.5887676241
1489 324752.9295357132
1492 325062.5234857552
1606 325086.3366838178
1607 326037.8529575926
1862 326072.3208263654
1864 326923.7627815466
1885 326958.7515195827
1886 327429.7893122949
1957 327443.4046821514
1960 328235.0932105966
2189 328242.2989913611
2190 328525.9532771289
2676 328534.2460829596
2677 329430.7519619637
2821 329464.7386923133
2822 329517.6051520508
3103 329520.0111457115
3104 330378.4476483890
4178 330405.3508747613
4180 330786.0643880378
5743 330818.8571663300
5744 331705.8750659856
10001 -2073559.0000000005
evaluations raw_y
1 -2135820.0000000005
3 -2134815.0000000005
4 -2133814.0000000005
5 -2132807.0000000005
7 -2131802.0000000005
8 -2130795.0000000005
12 -2129790.0000000005
13 -2128784.0000000005
14 -2127781.0000000005
17 -2126781.0000000005
18 -2125773.0000000005
19 -2124764.0000000005
20 -2123755.0000000005
21 -2122748.0000000005
22 -2121746.0000000005
23 -2120738.0000000005
24 -2119729.0000000005
28 -2118728.0000000005
30 -2117724.0000000005
32 -2116715.0000000005
33 -2115712.0000000005
35 -2114706.0000000005
43 -2113699.0000000005
44 -2112694.0000000005
47 -2111693.0000000005
48 -2110690.0000000005
53 -2109685.0000000005
54 -2108678.0000000005
56 -2107674.0000000005
57 -2106672.0000000005
58 -2105666.0000000005
59 -2104661.0000000005
60 -2103658.0000000005
65 -2102649.0000000005
67 -2101649.0000000005
68 -2100647.0000000005
74 -2099639.0000000005
75 -2098630.0000000005
78 -2097629.0000000005
86 -2096620.0000000005
91 -2095613.0000000005
95 -2094612.0000000005
98 -2093605.0000000005
102 -2092600.0000000005
103 -2091592.0000000005
106 -2090591.0000000005
107 -2089590.0000000005
108 -2088587.0000000005
112 -2087578.0000000005
113 -2086577.0000000005
114 -2085577.0000000005
116 -2084568.0000000005
117 -2083566.0000000005
120 -2082557.0000000005
122 -2081551.0000000005
123 -2080549.0000000005
124 -2079543.0000000005
127 -2078539.0000000005
128 -2077534.0000000005
130 -2076534.0000000005
133 -2075533.0000000005
134 -2074525.0000000005
135 -2073519.0000000005
136 305003.5854662664
148 305016.6090526173
150 305644.3406869714
324 305683.3644957696
325 306198.0348923840
456 306206.1691543100
458 306389.1981877392
523 306418.8908685564
525 307038.4322671370
709 307051.8206840332
714 307318.1462256602
798 307324.1583792781
799 307516.1370103539
842 307548.7837849463
844 307726.7614808247
895 307739.5542913986
896 307767.3370040754
909 307801.2187743573
910 308564.3938136875
995 308596.1698860587
996 308964.8138925070
1002 308990.6007335501
1003 309110.2728492842
1049 309115.9349618971
1051 309939.7341790223
1251 309957.7444560449
1252 309959.5302790521
1344 309967.4072323286
1345 310899.9396326315
1987 310907.5567372634
1990 311025.8758502034
2384 311038.1944538308
2389 311206.7014262643
2676 311240.1026690109
2677 311821.8743013992
10001 311230.4120880175
evaluations raw_y
1 -2130883.0000000005
9 -2129880.0000000005
13 -2128878.0000000005
16 -2127869.0000000005
18 -2126860.0000000005
19 -2125851.0000000005
21 -2124845.0000000005
22 -2123839.0000000005
26 -2122838.0000000005
27 -2121836.0000000005
29 -2120829.0000000005
36 -2119826.0000000005
38 -2118818.0000000005
39 -2117811.0000000005
40 -2116807.0000000005
41 -2115801.0000000005
42 -2114793.0000000005
43 -2113792.0000000005
44 -2112789.0000000005
45 -2111782.0000000005
46 -2110773.0000000005
47 -2109768.0000000005
48 -2108768.0000000005
49 -2107760.0000000005
51 -2106753.0000000005
52 -2105747.0000000005
53 -2104743.0000000005
55 -2103742.0000000005
56 -2102733.0000000005
57 -2101726.0000000005
58 -2100718.0000000005
60 -2099713.0000000005
61 -2098710.0000000005
64 -2097703.0000000005
66 -2096697.0000000005
69 -2095688.0000000005
70 -2094679.0000000005
72 -2093674.0000000005
73 -2092665.0000000005
77 -2091659.0000000005
78 -2090652.0000000005
79 -2089652.0000000005
83 -2088650.0000000005
84 -2087649.0000000005
86 -2086640.0000000005
87 -2085636.0000000005
89 -2084631.0000000005
90 -2083625.0000000005
93 -2082620.0000000005
97 -2081614.0000000005
100 -2080608.0000000005
102 -2079603.0000000005
103 -2078594.0000000005
105 -2077586.0000000005
106 -2076577.0000000005
107 -2075571.0000000005
108 -2074562.0000000005
110 -2073555.0000000005
111 313011.7970133241
139 313048.8892847644
140 313489.8756813601
257 313505.7995070780
258 314257.9983873668
296 314283.9924811590
298 315169.0077065572
320 315207.1665600769
323 315962.7171109807
405 316006.5659536889
408 316246.8403370004
451 316249.6943399520
452 316660.7134781074
515 316686.1625183035
517 316902.8234887533
728 316939.8622577554
730 317127.9227505650
818 317148.3434846845
819 317812.5266430753
1078 317834.6045217906
1080 318330.0464883448
1274 318344.5709857687
1277 318687.3468065095
1532 318705.9383506294
1533 319025.4809591553
2006 319041.9587633828
2010 319331.0239701525
2029 319347.6132462568
2034 319590.5620880918
2450 319593.0284036158
2451 319661.3887311349
2480 319663.7779197341
2483 320254.8510901375
3018 320282.6924634991
3020 320784.0709881298
3060 320784.3903500898
3061 321093.4323569462
3196 321126.8262091157
3198 322058.5269401845
10001 -2073564.0000000005
evaluations raw_y
1 -2137892.0000000005
2 -2136888.0000000005
4 -2135887.0000000005
7 -2134884.0000000005
8 -2133883.0000000005
9 -2132881.0000000005
11 -2131873.0000000005
14 -2130865.0000000005
15 -2129861.0000000005
17 -2128852.0000000005
18 -2127846.0000000005
20 -2126840.0000000005
21 -2125839.0000000005
22 -2124838.0000000005
24 -2123829.0000000005
28 -2122826.0000000005
29 -2121819.0000000005
30 -2120813.0000000005
32 -2119805.0000000005
34 -2118804.0000000005
35 -2117802.0000000005
37 -2116801.0000000005
38 -2115801.0000000005
42 -2114797.0000000005
44 -2113792.0000000005
45 -2112790.0000000005
46 -2111782.0000000005
48 -2110776.0000000005
49 -2109769.0000000005
50 -2108765.0000000005
51 -2107763.0000000005
53 -2106757.0000000005
54 -2105748.0000000005
56 -2104739.0000000005
57 -2103738.0000000005
61 -2102737.0000000005
62 -2101729.0000000005
63 -2100729.0000000005
65 -2099728.0000000005
67 -2098724.0000000005
69 -2097724.0000000005
71 -2096724.0000000005
72 -2095719.0000000005
76 -2094717.0000000005
77 -2093709.0000000005
78 -2092701.0000000005
82 -2091696.0000000005
85 -2090691.0000000005
87 -2089684.0000000005
88 -2088681.0000000005
90 -2087679.0000000005
91 -2086672.0000000005
93 -2085665.0000000005
97 -2084659.0000000005
98 -2083655.0000000005
100 -2082652.0000000005
103 -2081651.0000000005
106 -2080646.0000000005
109 -2079643.0000000005
111 -2078643.0000000005
112 -2077642.0000000005
114 -2076635.0000000005
116 -2075634.0000000005
124 -2074629.0000000005
126 -2073623.0000000005
131 305053.4632797378
223 305082.1174870787
225 305794.7728325180
230 305827.3785323814
232 306037.8982599574
294 306055.6048035153
295 306655.1820139861
421 306663.8486194532
423 307571.3384754981
456 307581.6017527108
457 307737.1864029433
478 307738.7492295687
479 308426.5183168366
594 308442.0923196573
595 308571.9860983550
766 308606.3735302403
767 309153.6195180719
939 309154.1724680963
941 309610.2022467666
1530 309626.5062458525
1531 310204.4423621258
1891 310240.2246386227
1893 310855.0838427944
2120 310856.5914471500
2121 311687.9323987239
2292 311689.7957921499
2293 311943.4354721709
2372 311962.1197941382
2373 312234.8753768669
3107 312270.9032585316
3109 312527.2472008073
5348 312533.9297836692
5349 313334.9665879760
5793 313335.7411319044
5794 313979.9234129612
10001 313917.0536287022
evaluations raw_y
1 -2122906.0000000005
3 -2121902.0000000005
4 -2120900.0000000005
5 -2119891.0000000005
6 -2118884.0000000005
7 -2117880.0000000005
8 -2116873.0000000005
9 -2115869.0000000005
10 -2114864.0000000005
11 -2113856.0000000005
14 -2112850.0000000005
16 -2111844.0000000005
19 -2110838.0000000005
20 -2109837.0000000005
25 -2108833.0000000005
28 -2107830.0000000005
29 -2106821.0000000005
30 -2105820.0000000005
31 -2104815.0000000005
35 -2103806.0000000005
36 -2102801.0000000005
42 -2101800.0000000005
43 -2100795.0000000005
44 -2099793.0000000005
46 -2098785.0000000005
47 -2097784.0000000005
49 -2096775.0000000005
54 -2095771.0000000005
57 -2094771.0000000005
59 -2093766.0000000005
67 -2092759.0000000005
68 -2091752.0000000005
70 -2090747.0000000005
75 -2089738.0000000005
76 -2088735.0000000005
78 -2087729.0000000005
80 -2086721.0000000005
82 -2085719.0000000005
85 -2084715.0000000005
87 -2083706.0000000005
88 -2082699.0000000005
89 -2081695.0000000005
92 -2080692.0000000005
93 -2079692.0000000005
94 -2078690.0000000005
97 -2077687.0000000005
99 -2076683.0000000005
101 -2075675.0000000005
102 -2074669.0000000005
103 -2073669.0000000005
104 311379.2804484986
368 311393.4271449392
369 312336.1673577652
548 312381.0511666371
549 312850.4874603242
713 312891.7051516151
714 313297.1879264757
728 313309.4095696018
730 313363.9964341295
770 313402.0373429022
772 313522.8737353085
820 313526.6372816176
821 313812.2883767576
923 313825.8663389179
924 314660.7142860323
992 314678.9041621023
993 314716.7937518593
1118 314721.1096063471
1121 315021.6796501681
1253 315022.1086009248
1255 315711.0120233478
2671 315715.2423482766
2675 315735.5000227220
2921 315766.2781343005
2922 316046.0817181584
3155 316058.4703143067
3156 316305.9813193946
3361 316344.0025948013
3363 317023.1976092496
3572 317038.6080588527
3592 317956.8160262008
5534 317957.0071195446
5536 318687.9627594509
10001 318577.8075081323
evaluations raw_y
1 -2135880.0000000005
4 -2134871.0000000005
5 -2133866.0000000005
6 -2132862.0000000005
8 -2131857.0000000005
9 -2130856.0000000005
10 -2129849.0000000005
11 -2128841.0000000005
12 -2127836.0000000005
13 -2126835.0000000005
14 -2125835.0000000005
16 -2124834.0000000005
17 -2123826.0000000005
22 -2122819.0000000005
27 -2121813.0000000005
29 -2120805.0000000005
32 -2119800.0000000005
34 -2118799.0000000005
36 -2117799.0000000005
37 -2116795.0000000005
38 -2115795.0000000005
41 -2114794.0000000005
43 -2113787.0000000005
50 -2112780.0000000005
54 -2111776.0000000005
55 -2110767.0000000005
57 -2109764.0000000005
65 -2108756.0000000005
66 -2107756.0000000005
69 -2106756.0000000005
70 -2105748.0000000005
71 -2104744.0000000005
77 -2103743.0000000005
78 -2102741.0000000005
79 -2101737.0000000005
80 -2100732.0000000005
81 -2099727.0000000005
82 -2098726.0000000005
83 -2097723.0000000005
84 -2096718.0000000005
85 -2095711.0000000005
87 -2094709.0000000005
92 -2093705.0000000005
93 -2092697.0000000005
94 -2091689.0000000005
95 -2090683.0000000005
97 -2089676.0000000005
99 -2088667.0000000005
100 -2087662.0000000005
101 -2086654.0000000005
102 -2085645.0000000005
104 -2084637.0000000005
105 -2083628.0000000005
110 -2082627.0000000005
111 -2081621.0000000005
113 -2080617.0000000005
116 -2079615.0000000005
117 -2078611.0000000005
119 -2077606.0000000005
123 -2076606.0000000005
125 -2075605.0000000005
128 -2074600.0000000005
134 -2073595.0000000005
136 306640.9812748500
275 306662.7168570775
280 306717.9401238181
311 306720.5337553358
312 306899.5124693091
332 306936.3068289240
333 307615.2853488815
456 307637.4820182566
457 307715.0477281761
625 307726.7708195377
626 308372.6111579356
650 308408.0681458645
651 308972.8871950712
663 309010.4445646082
665 309268.5904213773
711 309270.5378457883
712 309785.8532679981
834 309805.9722382845
835 309917.3506341797
982 309919.6882822650
989 310814.2551742277
1225 310830.5750407249
1227 311233.2939824993
1467 311246.0316888777
1468 311826.8477894446
1479 311863.8099647068
1481 312295.2093927082
1927 312297.8186835888
1928 313234.5590539813
2081 313260.3033156639
2082 313562.5307317520
2349 313563.3972381741
2352 313664.4084301218
2654 313678.7764676394
2655 314457.4701659071
2801 314474.7352686209
2802 314699.5048883804
2953 314713.7196185974
2957 314739.4697633510
3938 314749.9955820094
3939 315258.1098923315
4857 315269.3955633696
4859 315812.7804897749
5420 315840.3942756253
5421 316361.4201070461
10001 315698.7012702720
evaluations raw_y
1 -2166027.0000000005
2 -2165025.0000000005
3 -2164016.0000000005
5 -2163010.0000000005
7 -2162006.0000000005
8 -2161005.0000000005
9 -2160003.0000000005
11 -2159002.0000000005
12 -2157999.0000000005
17 -2156993.0000000005
18 -2155991.0000000005
21 -2154986.0000000005
22 -2153977.0000000005
27 -2152975.0000000005
28 -2151969.0000000005
33 -2150961.0000000005
34 -2149958.0000000005
37 -2148956.0000000005
38 -2147950.0000000005
40 -2146942.0000000005
44 -2145942.0000000005
46 -2144934.0000000005
47 -2143934.0000000005
48 -2142928.0000000005
49 -2141925.0000000005
50 -2140918.0000000005
52 -2139917.0000000005
53 -2138914.0000000005
55 -2137905.0000000005
57 -2136899.0000000005
62 -2135898.0000000005
64 -2134891.0000000005
68 -2133889.0000000005
69 -2132884.0000000005
71 -2131878.0000000005
73 -2130871.0000000005
75 -2129871.0000000005
76 -2128865.0000000005
77 -2127863.0000000005
78 -2126861.0000000005
80 -2125852.0000000005
82 -2124847.0000000005
84 -2123839.0000000005
88 -2122833.0000000005
89 -2121830.0000000005
90 -2120829.0000000005
91 -2119829.0000000005
93 -2118822.0000000005
94 -2117821.0000000005
96 -2116815.0000000005
100 -2115808.0000000005
101 -2114807.0000000005
105 -2113800.0000000005
106 -2112792.0000000005
107 -2111783.0000000005
108 -2110783.0000000005
109 -2109782.0000000005
113 -2108775.0000000005
114 -2107769.0000000005
117 -2106763.0000000005
118 -2105757.0000000005
121 -2104751.0000000005
127 -2103744.0000000005
130 -2102736.0000000005
133 -2101730.0000000005
135 -2100726.0000000005
136 -2099718.0000000005
137 -2098718.0000000005
139 -2097712.0000000005
140 -2096706.0000000005
143 -2095701.0000000005
144 -2094693.0000000005
151 -2093686.0000000005
152 -2092686.0000000005
153 -2091679.0000000005
155 -2090679.0000000005
156 -2089671.0000000005
160 -2088663.0000000005
164 -2087658.0000000005
166 -2086652.0000000005
167 -2085648.0000000005
168 -2084644.0000000005
170 -2083641.0000000005
171 -2082634.0000000005
173 -2081627.0000000005
174 -2080625.0000000005
175 -2079623.0000000005
176 -2078620.0000000005
179 -2077612.0000000005
185 -2076612.0000000005
186 -2075606.0000000005
189 -2074601.0000000005
192 -2073600.0000000005
197 303929.6083025323
240 303960.8855297546
242 303992.3572728016
360 304001.1465108448
362 304539.9971720378
446 304568.1052803427
448 304889.0119883028
710 304905.6309539403
714 305137.6610565060
783 305143.6382652676
784 305366.1712003993
895 305371.7760575724
896 305635.4531769768
986 305658.6586591201
987 306150.8006131166
1000 306164.4450468314
1001 306620.3582828987
1003 306635.2760475332
1006 306999.0496119285
1523 307031.2202569102
1524 307327.3967621883
1562 307351.4565156548
1563 307875.1828034707
1744 307891.3695617168
1746 308821.8925925526
2159 308833.0762672423
2160 309094.2633223347
2413 309105.8247029918
2414 309162.5112228674
3286 309171.8050560454
3287 309611.3263960385
4234 309644.9978092642
4236 309969.1374905715
4516 309972.9881903259
4518 310771.2692313445
10001 -2073602.0000000005
evaluations raw_y
1 -2124758.0000000005
2 -2123752.0000000005
3 -2122743.0000000005
6 -2121739.0000000005
7 -2120732.0000000005
8 -2119725.0000000005
9 -2118725.0000000005
11 -2117722.0000000005
12 -2116717.0000000005
13 -2115716.0000000005
15 -2114716.0000000005
17 -2113710.0000000005
21 -2112701.0000000005
22 -2111699.0000000005
23 -2110695.0000000005
25 -2109688.0000000005
26 -2108681.0000000005
28 -2107678.0000000005
30 -2106674.0000000005
31 -2105667.0000000005
34 -2104659.0000000005
35 -2103653.0000000005
37 -2102646.0000000005
39 -2101646.0000000005
44 -2100642.0000000005
46 -2099636.0000000005
47 -2098631.0000000005
50 -2097623.0000000005
54 -2096619.0000000005
57 -2095615.0000000005
64 -2094614.0000000005
65 -2093608.0000000005
66 -2092599.0000000005
67 -2091597.0000000005
70 -2090591.0000000005
75 -2089584.0000000005
82 -2088580.0000000005
87 -2087573.0000000005
88 -2086569.0000000005
92 -2085561.0000000005
94 -2084556.0000000005
95 -2083547.0000000005
98 -2082543.0000000005
99 -2081536.0000000005
100 -2080532.0000000005
102 -2079528.0000000005
106 -2078523.0000000005
109 -2077522.0000000005
110 -2076515.0000000005
117 -2075510.0000000005
118 -2074508.0000000005
119 -2073503.0000000005
121 309378.1298294381
158 309401.6863069439
159 309723.9979518697
203 309740.1546580343
205 310014.4538642009
260 310023.4453049693
261 310925.4591904404
302 310958.1927489096
304 311385.2686623939
357 311402.8673384387
360 311629.8049542074
419 311641.4200907821
422 311675.0638983437
970 311689.6567753787
972 311823.0983205392
1158 311848.3602331211
1160 312493.4849757614
1282 312529.5449645403
1286 312807.4262828614
1702 312824.6949356510
1704 313146.3512347176
1924 313168.2339849459
1925 314001.1065061839
2116 314034.0244874933
2118 314277.9394555460
2179 314287.5783565961
2184 314849.2343894732
3968 314855.2906975238
3969 315256.4307793124
10001 -2073504.0000000005
evaluations raw_y
1 -2167978.0000000005
2 -2166975.0000000005
3 -2165973.0000000005
5 -2164973.0000000005
6 -2163971.0000000005
7 -2162971.0000000005
11 -2161963.0000000005
12 -2160957.0000000005
13 -2159951.0000000005
14 -2158946.0000000005
16 -2157937.0000000005
17 -2156931.0000000005
22 -2155923.0000000005
23 -2154918.0000000005
28 -2153917.0000000005
32 -2152910.0000000005
33 -2151901.0000000005
34 -2150893.0000000005
36 -2149890.0000000005
37 -2148890.0000000005
38 -2147888.0000000005
41 -2146882.0000000005
42 -2145874.0000000005
46 -2144872.0000000005
48 -2143869.0000000005
49 -2142861.0000000005
50 -2141852.0000000005
52 -2140849.0000000005
58 -2139845.0000000005
62 -2138838.0000000005
64 -2137831.0000000005
67 -2136827.0000000005
68 -2135822.0000000005
69 -2134820.0000000005
70 -2133818.0000000005
71 -2132813.0000000005
72 -2131807.0000000005
73 -2130799.0000000005
78 -2129796.0000000005
80 -2128795.0000000005
85 -2127791.0000000005
86 -2126786.0000000005
87 -2125778.0000000005
88 -2124773.0000000005
90 -2123765.0000000005
92 -2122757.0000000005
95 -2121751.0000000005
99 -2120751.0000000005
100 -2119751.0000000005
102 -2118749.0000000005
103 -2117742.0000000005
108 -2116734.0000000005
109 -2115733.0000000005
111 -2114727.0000000005
112 -2113718.0000000005
114 -2112709.0000000005
115 -2111701.0000000005
118 -2110701.0000000005
124 -2109693.0000000005
125 -2108688.0000000005
126 -2107684.0000000005
127 -2106678.0000000005
128 -2105669.0000000005
130 -2104660.0000000005
133 -2103659.0000000005
134 -2102650.0000000005
137 -2101649.0000000005
142 -2100643.0000000005
147 -2099640.0000000005
149 -2098632.0000000005
151 -2097624.0000000005
153 -2096615.0000000005
154 -2095609.0000000005
159 -2094608.0000000005
160 -2093602.0000000005
161 -2092597.0000000005
162 -2091589.0000000005
164 -2090585.0000000005
165 -2089579.0000000005
166 -2088573.0000000005
167 -2087573.0000000005
168 -2086572.0000000005
169 -2085567.0000000005
171 -2084565.0000000005
179 -2083558.0000000005
181 -2082553.0000000005
184 -2081549.0000000005
187 -2080544.0000000005
188 -2079540.0000000005
189 -2078540.0000000005
190 -2077539.0000000005
193 -2076537.0000000005
199 -2075528.0000000005
200 -2074522.0000000005
202 -2073516.0000000005
204 303902.5093153424
271 303915.5259976690
273 304706.6982932749
333 304724.5887993927
334 305288.6217234959
557 305304.9101447035
559 305776.3175182116
806 305779.1348282135
807 306186.3725706990
921 306219.5834150349
922 307118.9805964549
962 307154.3356521223
964 307987.4619477069
1027 307999.6187364167
1031 308190.0815662059
1091 308199.3091546961
1093 308465.3140812783
1117 308475.1734499158
1118 309040.3103972390
1133 309048.4513573959
1136 309376.5671258777
1171 309395.7857639776
1172 309788.3406610989
1272 309800.1744995351
1273 309814.0241214611
1402 309844.9971125923
1403 310054.4249839663
1650 310054.5041030353
1651 311011.7913825759
1938 311046.2043363802
1939 311827.4310406320
2674 311827.5991159642
2679 312549.8070633356
3239 312575.4399431587
3241 313285.1870612358
3717 313308.4893789762
3718 313334.2845866698
9698 313340.0736964896
9702 313982.4466033890
10001 313902.2046503047
evaluations raw_y
1 -2167045.0000000005
2 -2166042.0000000005
3 -2165038.0000000005
4 -2164032.0000000005
5 -2163030.0000000005
6 -2162027.0000000005
7 -2161027.0000000005
8 -2160021.0000000005
9 -2159014.0000000005
10 -2158008.0000000005
12 -2157002.0000000005
13 -2155996.0000000005
15 -2154996.0000000005
16 -2153995.0000000005
17 -2152989.0000000005
18 -2151984.0000000005
20 -2150977.0000000005
21 -2149970.0000000005
22 -2148967.0000000005
23 -2147960.0000000005
29 -2146951.0000000005
32 -2145947.0000000005
36 -2144942.0000000005
37 -2143941.0000000005
38 -2142932.0000000005
39 -2141924.0000000005
41 -2140920.0000000005
44 -2139913.0000000005
45 -2138912.0000000005
46 -2137910.0000000005
47 -2136909.0000000005
48 -2135904.0000000005
50 -2134898.0000000005
51 -2133891.0000000005
52 -2132886.0000000005
54 -2131877.0000000005
55 -2130876.0000000005
56 -2129867.0000000005
57 -2128861.0000000005
58 -2127857.0000000005
59 -2126849.0000000005
62 -2125840.0000000005
65 -2124837.0000000005
66 -2123835.0000000005
69 -2122834.0000000005
70 -2121826.0000000005
75 -2120822.0000000005
78 -2119822.0000000005
80 -2118822.0000000005
83 -2117822.0000000005
84 -2116820.0000000005
86 -2115819.0000000005
87 -2114817.0000000005
88 -2113817.0000000005
89 -2112810.0000000005
91 -2111805.0000000005
92 -2110798.0000000005
93 -2109797.0000000005
94 -2108797.0000000005
99 -2107790.0000000005
100 -2106783.0000000005
101 -2105777.0000000005
102 -2104775.0000000005
105 -2103775.0000000005
106 -2102770.0000000005
108 -2101765.0000000005
109 -2100759.0000000005
110 -2099757.0000000005
111 -2098753.0000000005
118 -2097745.0000000005
120 -2096742.0000000005
121 -2095736.0000000005
125 -2094735.0000000005
126 -2093734.0000000005
129 -2092727.0000000005
130 -2091723.0000000005
132 -2090716.0000000005
138 -2089707.0000000005
142 -2088700.0000000005
143 -2087696.0000000005
144 -2086690.0000000005
146 -2085682.0000000005
148 -2084673.0000000005
152 -2083672.0000000005
153 -2082664.0000000005
155 -2081657.0000000005
157 -2080652.0000000005
158 -2079651.0000000005
160 -2078643.0000000005
162 -2077640.0000000005
163 -2076632.0000000005
164 -2075632.0000000005
166 -2074624.0000000005
170 -2073624.0000000005
173 309521.6602704525
177 309532.7794756768
179 310316.8328764673
183 310330.8364939234
184 310889.1266081373
199 310906.2209538683
200 311857.2868531782
353 311860.0616751738
355 312187.6494345244
494 312199.1552761745
495 312935.1656914232
781 312942.9992218374
782 313541.8800384035
798 313563.9403885019
800 314065.8200595941
927 314102.4381229033
928 314533.6659475751
1264 314563.0909283396
1266 314671.3705278731
1838 314708.7604364078
1839 314883.8394162055
1950 314919.0556642850
1951 315560.2055372159
2411 315572.0760219286
2412 316070.7439081179
3212 316072.9202520618
3213 316228.5113741853
3624 316253.2047356773
3626 316548.0788745135
4727 316559.4392260683
4729 317003.5238286971
7443 317023.2364719081
7444 317196.0329086274
10001 -2073617.0000000005
evaluations raw_y
1 -2131832.0000000005
2 -2130826.0000000005
3 -2129826.0000000005
5 -2128820.0000000005
7 -2127814.0000000005
9 -2126811.0000000005
11 -2125804.0000000005
13 -2124804.0000000005
15 -2123804.0000000005
16 -2122795.0000000005
17 -2121794.0000000005
18 -2120788.0000000005
19 -2119787.0000000005
23 -2118782.0000000005
25 -2117774.0000000005
26 -2116768.0000000005
27 -2115768.0000000005
28 -2114762.0000000005
29 -2113761.0000000005
30 -2112754.0000000005
33 -2111746.0000000005
36 -2110743.0000000005
37 -2109735.0000000005
38 -2108730.0000000005
40 -2107730.0000000005
41 -2106725.0000000005
42 -2105722.0000000005
43 -2104721.0000000005
45 -2103714.0000000005
46 -2102707.0000000005
47 -2101701.0000000005
49 -2100698.0000000005
51 -2099695.0000000005
52 -2098687.0000000005
54 -2097685.0000000005
57 -2096679.0000000005
59 -2095672.0000000005
60 -2094665.0000000005
61 -2093656.0000000005
64 -2092655.0000000005
66 -2091653.0000000005
69 -2090652.0000000005
74 -2089646.0000000005
75 -2088642.0000000005
81 -2087637.0000000005
83 -2086632.0000000005
88 -2085628.0000000005
89 -2084622.0000000005
90 -2083621.0000000005
92 -2082620.0000000005
94 -2081618.0000000005
95 -2080612.0000000005
96 -2079608.0000000005
97 -2078601.0000000005
104 -2077592.0000000005
106 -2076587.0000000005
108 -2075585.0000000005
109 -2074585.0000000005
111 -2073579.0000000005
113 302769.4679340033
150 302795.4364514786
151 303096.4137093222
184 303133.9920487297
186 303183.6846339873
233 303219.9392802924
234 303797.4202982289
388 303813.5948681553
389 304267.2955202949
419 304303.5347682529
420 304370.1875635852
578 304372.2300254912
579 304881.0054552382
808 304902.6531657970
809 305640.3068149827
851 305658.5216420800
852 306479.9312090390
1066 306496.7061046203
1067 307202.5300366168
1275 307226.9837481235
1276 307461.7348297687
1693 307489.3717044666
1695 307523.6172225756
1728 307532.5071549499
1729 307894.2770021444
1769 307895.6817279837
1770 308014.6395054494
2208 308051.0659028897
2209 308103.6396234005
2263 308113.9664160105
2264 309064.7063143265
2415 309080.2985895919
2416 310027.8263388287
2723 310037.5383151578
2727 310939.9249808803
2914 310960.7467303799
2916 311171.2773901847
3153 311184.6973407925
3154 311468.8926215533
8738 311487.9023411692
8740 311825.5436699775
10001 311464.9737594999
evaluations raw_y
1 -2149883.0000000005
2 -2148883.0000000005
3 -2147881.0000000005
5 -2146874.0000000005
6 -2145866.0000000005
9 -2144862.0000000005
10 -2143860.0000000005
13 -2142859.0000000005
14 -2141858.0000000005
20 -2140851.0000000005
21 -2139842.0000000005
22 -2138836.0000000005
25 -2137835.0000000005
27 -2136833.0000000005
28 -2135826.0000000005
32 -2134826.0000000005
36 -2133826.0000000005
41 -2132818.0000000005
43 -2131811.0000000005
45 -2130810.0000000005
46 -2129804.0000000005
47 -2128795.0000000005
51 -2127790.0000000005
58 -2126790.0000000005
59 -2125786.0000000005
61 -2124778.0000000005
62 -2123775.0000000005
63 -2122772.0000000005
64 -2121771.0000000005
67 -2120771.0000000005
71 -2119764.0000000005
75 -2118756.0000000005
77 -2117753.0000000005
78 -2116749.0000000005
81 -2115743.0000000005
83 -2114742.0000000005
88 -2113738.0000000005
90 -2112731.0000000005
92 -2111730.0000000005
93 -2110730.0000000005
96 -2109723.0000000005
98 -2108715.0000000005
100 -2107713.0000000005
101 -2106709.0000000005
102 -2105707.0000000005
103 -2104706.0000000005
106 -2103699.0000000005
108 -2102695.0000000005
109 -2101691.0000000005
111 -2100683.0000000005
112 -2099678.0000000005
113 -2098672.0000000005
115 -2097672.0000000005
119 -2096669.0000000005
121 -2095669.0000000005
122 -2094662.0000000005
124 -2093659.0000000005
130 -2092655.0000000005
132 -2091648.0000000005
133 -2090639.0000000005
135 -2089632.0000000005
139 -2088626.0000000005
140 -2087624.0000000005
142 -2086617.0000000005
143 -2085610.0000000005
146 -2084609.0000000005
154 -2083601.0000000005
155 -2082599.0000000005
158 -2081592.0000000005
159 -2080589.0000000005
160 -2079588.0000000005
163 -2078587.0000000005
165 -2077581.0000000005
166 -2076573.0000000005
167 -2075567.0000000005
169 -2074565.0000000005
170 -2073557.0000000005
178 306564.7530974784
206 306584.3931312088
207 307039.5554331511
273 307049.0366419635
274 307923.7179472026
366 307960.3908008319
369 308033.3326537975
455 308045.0432455482
459 308691.3663815504
474 308716.1486745063
475 308798.0179679794
647 308805.6959838159
648 308918.2801298142
1554 308936.1489086325
1555 309448.8943081566
1680 309465.7123630412
1681 310341.6924036682
1820 310374.8864621014
1823 310626.7175331232
2406 310664.2991114199
2407 311561.1771745495
2557 311575.0158868807
2558 312215.9603414370
2827 312226.1281714333
2828 312281.4493168620
3563 312288.0605092636
3564 312364.5385410419
10001 -2073548.0000000005
evaluations raw_y
1 -2146975.0000000005
5 -2145974.0000000005
10 -2144966.0000000005
13 -2143959.0000000005
16 -2142953.0000000005
20 -2141951.0000000005
22 -2140943.0000000005
23 -2139936.0000000005
25 -2138931.0000000005
26 -2137930.0000000005
27 -2136926.0000000005
28 -2135921.0000000005
32 -2134918.0000000005
37 -2133911.0000000005
38 -2132905.0000000005
39 -2131898.0000000005
40 -2130890.0000000005
42 -2129884.0000000005
43 -2128880.0000000005
44 -2127875.0000000005
46 -2126872.0000000005
49 -2125866.0000000005
51 -2124859.0000000005
52 -2123856.0000000005
55 -2122850.0000000005
59 -2121842.0000000005
62 -2120834.0000000005
64 -2119832.0000000005
67 -2118823.0000000005
70 -2117823.0000000005
71 -2116818.0000000005
72 -2115812.0000000005
73 -2114805.0000000005
75 -2113805.0000000005
76 -2112804.0000000005
77 -2111803.0000000005
78 -2110801.0000000005
80 -2109792.0000000005
81 -2108786.0000000005
83 -2107781.0000000005
85 -2106779.0000000005
90 -2105773.0000000005
91 -2104772.0000000005
94 -2103771.0000000005
99 -2102770.0000000005
100 -2101770.0000000005
101 -2100766.0000000005
102 -2099764.0000000005
104 -2098759.0000000005
105 -2097755.0000000005
109 -2096755.0000000005
112 -2095751.0000000005
114 -2094746.0000000005
117 -2093739.0000000005
119 -2092737.0000000005
121 -2091734.0000000005
124 -2090732.0000000005
128 -2089732.0000000005
131 -2088723.0000000005
134 -2087721.0000000005
135 -2086716.0000000005
139 -2085711.0000000005
143 -2084705.0000000005
145 -2083704.0000000005
146 -2082698.0000000005
149 -2081695.0000000005
150 -2080688.0000000005
152 -2079681.0000000005
154 -2078680.0000000005
158 -2077673.0000000005
163 -2076668.0000000005
164 -2075668.0000000005
165 -2074662.0000000005
168 -2073655.0000000005
171 305656.0491077344
342 305667.4149843736
345 305915.1260197498
520 305943.1322947248
521 305945.2023919444
522 306027.5579290190
526 306303.6266643350
578 306328.6854102130
580 306945.8951108434
643 306956.4498752825
644 307774.6378315187
763 307810.1367199039
765 308419.2727393796
885 308444.3780575735
887 309283.4062953668
974 309286.0679460590
975 310235.3632669231
991 310235.9972679751
993 310891.2179207591
1029 310909.9789302054
1031 310949.0527257578
1053 310986.0078481138
1054 311932.6955927545
1070 311940.8003576420
1071 312267.0400705709
1241 312304.4566943085
1242 312534.3182500935
1309 312571.1985565152
1311 313249.9330554176
1319 313261.2473998279
1320 314113.8674154953
1480 314129.1119922083
1481 314474.2286031129
1840 314487.3042055472
1842 314608.6459258671
1894 314609.1871153999
1895 315357.1019966298
2286 315371.8373281515
2288 315687.0141606733
2883 315709.3518136210
2891 316260.0646325024
4646 316262.7119816223
4648 317010.2821754868
4761 317021.9635166444
4763 317194.0090406179
10001 316372.7699847915
evaluations raw_y
1 -2160992.0000000005
2 -2159989.0000000005
3 -2158986.0000000005
4 -2157983.0000000005
5 -2156978.0000000005
6 -2155969.0000000005
7 -2154962.0000000005
8 -2153953.0000000005
10 -2152948.0000000005
11 -2151943.0000000005
14 -2150935.0000000005
17 -2149933.0000000005
21 -2148930.0000000005
23 -2147928.0000000005
27 -2146919.0000000005
31 -2145915.0000000005
33 -2144910.0000000005
34 -2143908.0000000005
36 -2142901.0000000005
37 -2141893.0000000005
38 -2140890.0000000005
39 -2139886.0000000005
41 -2138883.0000000005
42 -2137877.0000000005
43 -2136869.0000000005
46 -2135869.0000000005
48 -2134869.0000000005
49 -2133868.0000000005
51 -2132862.0000000005
52 -2131859.0000000005
56 -2130858.0000000005
60 -2129855.0000000005
61 -2128853.0000000005
63 -2127848.0000000005
67 -2126841.0000000005
70 -2125832.0000000005
75 -2124827.0000000005
76 -2123826.0000000005
77 -2122819.0000000005
78 -2121812.0000000005
80 -2120803.0000000005
81 -2119795.0000000005
87 -2118788.0000000005
90 -2117788.0000000005
91 -2116783.0000000005
93 -2115783.0000000005
94 -2114782.0000000005
98 -2113774.0000000005
103 -2112766.0000000005
106 -2111761.0000000005
108 -2110752.0000000005
110 -2109747.0000000005
111 -2108746.0000000005
114 -2107741.0000000005
115 -2106740.0000000005
116 -2105739.0000000005
118 -2104738.0000000005
121 -2103734.0000000005
126 -2102725.0000000005
128 -2101718.0000000005
130 -2100718.0000000005
133 -2099714.0000000005
134 -2098710.0000000005
136 -2097708.0000000005
137 -2096702.0000000005
141 -2095697.0000000005
143 -2094695.0000000005
144 -2093692.0000000005
145 -2092692.0000000005
146 -2091692.0000000005
147 -2090688.0000000005
151 -2089683.0000000005
152 -2088679.0000000005
159 -2087675.0000000005
160 -2086675.0000000005
162 -2085667.0000000005
163 -2084658.0000000005
164 -2083655.0000000005
166 -2082652.0000000005
168 -2081646.0000000005
171 -2080640.0000000005
172 -2079635.0000000005
173 -2078627.0000000005
175 -2077625.0000000005
176 -2076623.0000000005
177 -2075618.0000000005
178 -2074618.0000000005
180 -2073609.0000000005
181 305869.6827244753
283 305882.0744618283
286 306210.0121762279
401 306227.7476478686
402 306991.4059457845
470 307029.3819057346
471 307287.4941503816
482 307302.9667059345
483 307630.7804057788
678 307651.3545657120
681 308259.7632790303
858 308266.5287096659
859 309064.4167159605
945 309103.4627983145
946 309632.4761358951
1033 309649.0741475921
1035 309655.9658431669
1258 309674.3221933263
1259 310324.9534485019
1275 310329.3047937685
1279 310731.5546673383
1441 310735.4073133959
1442 310953.6874967721
1533 310985.0464150698
1534 311436.2868478222
1667 311481.0810636933
1668 312363.1625980719
1889 312376.6811232411
1890 313107.3999147124
2152 313123.5650177424
2155 313496.2814819583
2217 313497.0987707960
2218 314122.9987120919
2511 314143.1710747803
2512 314160.7461066026
4470 314162.9225908029
4471 314318.3503646664
9444 314353.8006198431
9445 314515.6224899193
10001 -2073595.0000000005
evaluations raw_y
1 -2107771.0000000005
2 -2106762.0000000005
3 -2105762.0000000005
5 -2104761.0000000005
6 -2103754.0000000005
8 -2102746.0000000005
9 -2101737.0000000005
10 -2100733.0000000005
11 -2099726.0000000005
13 -2098725.0000000005
14 -2097717.0000000005
18 -2096710.0000000005
19 -2095707.0000000005
21 -2094704.0000000005
23 -2093699.0000000005
29 -2092690.0000000005
32 -2091685.0000000005
33 -2090679.0000000005
35 -2089670.0000000005
36 -2088670.0000000005
38 -2087665.0000000005
39 -2086663.0000000005
40 -2085654.0000000005
41 -2084648.0000000005
43 -2083648.0000000005
45 -2082641.0000000005
51 -2081638.0000000005
52 -2080629.0000000005
53 -2079628.0000000005
54 -2078619.0000000005
55 -2077613.0000000005
56 -2076611.0000000005
58 -2075609.0000000005
59 -2074604.0000000005
61 -2073604.0000000005
65 301906.4587905146
100 301906.9891544205
101 302173.3148819710
163 302192.6448711042
164 302370.6609968540
165 302386.1281360917
166 302974.7121183957
174 302978.4899560776
175 303581.3597556265
194 303599.0925157430
195 304122.5451192595
234 304149.2089558166
235 304792.4375048121
303 304809.7885879515
304 305003.5706855727
323 305033.9277033291
328 305953.5811215249
354 305956.3749068485
355 306263.6427576806
377 306300.6969330754
380 306399.9863619161
462 306422.8846419915
463 306658.4247892714
524 306673.4651752911
525 307527.2638809192
785 307546.7270516252
786 307771.1733653201
789 307772.0244812103
791 308596.1474686656
828 308633.2003027715
830 309433.3599664017
929 309444.8057155029
932 309524.0696273562
1632 309567.4040539686
1634 309834.1466105712
1730 309836.9064772903
1731 310044.1066004239
2241 310082.0557193443
2244 311006.7622514591
3094 311020.0612327553
3095 311034.2008028424
3476 311051.6889361489
3477 311871.3911979268
3892 311908.7296257604
3893 312226.7836785880
5888 312234.7560920913
5891 312671.1195908431
10001 -2073605.0000000005
evaluations raw_y
1 -2127858.0000000005
2 -2126849.0000000005
3 -2125840.0000000005
4 -2124836.0000000005
6 -2123836.0000000005
7 -2122829.0000000005
8 -2121827.0000000005
10 -2120818.0000000005
12 -2119814.0000000005
13 -2118812.0000000005
14 -2117803.0000000005
20 -2116794.0000000005
26 -2115785.0000000005
27 -2114780.0000000005
30 -2113780.0000000005
33 -2112777.0000000005
34 -2111769.0000000005
38 -2110769.0000000005
40 -2109763.0000000005
41 -2108759.0000000005
43 -2107759.0000000005
44 -2106750.0000000005
45 -2105741.0000000005
47 -2104733.0000000005
48 -2103733.0000000005
50 -2102728.0000000005
52 -2101720.0000000005
53 -2100714.0000000005
54 -2099710.0000000005
56 -2098705.0000000005
61 -2097704.0000000005
63 -2096695.0000000005
65 -2095691.0000000005
68 -2094684.0000000005
71 -2093678.0000000005
76 -2092678.0000000005
79 -2091678.0000000005
80 -2090674.0000000005
81 -2089669.0000000005
82 -2088661.0000000005
84 -2087655.0000000005
87 -2086654.0000000005
89 -2085647.0000000005
91 -2084645.0000000005
93 -2083644.0000000005
96 -2082640.0000000005
97 -2081638.0000000005
100 -2080631.0000000005
104 -2079631.0000000005
106 -2078624.0000000005
107 -2077619.0000000005
108 -2076611.0000000005
113 -2075611.0000000005
116 -2074604.0000000005
117 -2073602.0000000005
118 310309.1135069579
179 310321.2982790233
181 310708.4722827199
246 310713.5762924488
248 311419.5801753231
501 311427.4381895283
506 312210.4190473547
670 312247.1114963096
674 312298.9820085724
745 312319.2562231519
748 312327.8609028400
1045 312361.2350424921
1049 313204.5400911933
1266 313243.6275099494
1267 313676.0081669865
1294 313701.7437849439
1295 314494.6534565202
1492 314514.0019817416
1493 314758.8389916022
1563 314777.3790468494
1564 315426.5605078378
1636 315440.7888620005
1637 315763.5069072028
2286 315772.9414590295
2288 316323.0881322470
3246 316323.5043098171
3247 316452.6892049748
3432 316454.5396542463
3433 317166.7918988012
4405 317202.8511573403
4411 317739.7785759213
9422 317764.6241618810
9423 317926.8860146922
10001 317660.1689770991
evaluations raw_y
1 -2128881.0000000005
3 -2127873.0000000005
7 -2126865.0000000005
8 -2125857.0000000005
10 -2124855.0000000005
15 -2123848.0000000005
17 -2122846.0000000005
19 -2121840.0000000005
22 -2120840.0000000005
24 -2119840.0000000005
27 -2118832.0000000005
30 -2117825.0000000005
32 -2116821.0000000005
34 -2115818.0000000005
35 -2114814.0000000005
36 -2113807.0000000005
37 -2112801.0000000005
39 -2111800.0000000005
41 -2110792.0000000005
45 -2109787.0000000005
49 -2108782.0000000005
50 -2107782.0000000005
51 -2106774.0000000005
55 -2105769.0000000005
56 -2104761.0000000005
57 -2103759.0000000005
59 -2102753.0000000005
60 -2101747.0000000005
64 -2100741.0000000005
66 -2099737.0000000005
69 -2098732.0000000005
70 -2097731.0000000005
72 -2096731.0000000005
73 -2095723.0000000005
77 -2094716.0000000005
79 -2093714.0000000005
89 -2092711.0000000005
91 -2091703.0000000005
92 -2090695.0000000005
94 -2089691.0000000005
96 -2088683.0000000005
100 -2087680.0000000005
102 -2086676.0000000005
104 -2085673.0000000005
108 -2084664.0000000005
109 -2083657.0000000005
112 -2082654.0000000005
119 -2081646.0000000005
120 -2080641.0000000005
123 -2079640.0000000005
125 -2078634.0000000005
126 -2077625.0000000005
129 -2076616.0000000005
130 -2075610.0000000005
131 -2074609.0000000005
132 -2073601.0000000005
133 309339.4926999226
220 309355.8637441788
221 309640.7479815989
277 309677.8876041046
281 310405.4049455333
348 310417.4387044889
349 310649.6372624547
404 310661.0068074011
407 311498.9878760289
460 311532.3228595911
462 311986.5387983742
689 311988.8009399278
690 312054.8676347687
757 312090.8620525751
758 312236.4547498011
776 312244.0339226975
777 313037.9754249476
802 313056.2435717875
803 313439.9094264825
823 313454.1470342146
824 314335.6833284934
1045 314337.9252714390
1046 315053.8996526800
1119 315073.1181539599
1120 315143.4410423585
1399 315146.0974075104
1400 315421.2009253650
1647 315436.0612543498
1648 315645.1152070780
1669 315656.1976654696
1670 315817.1099492257
1821 315833.5995299214
1823 316596.8192599342
2324 316613.9426395615
2325 317301.6710405425
2954 317323.7591490793
2956 317503.7820377888
3361 317517.8997456539
3362 317587.1739604314
5128 317623.8811236435
5130 317639.6547424854
10001 317041.0255409590
evaluations raw_y
1 -2143833.0000000005
2 -2142827.0000000005
5 -2141822.0000000005
6 -2140819.0000000005
7 -2139817.0000000005
8 -2138812.0000000005
9 -2137807.0000000005
10 -2136801.0000000005
13 -2135799.0000000005
14 -2134793.0000000005
15 -2133793.0000000005
17 -2132792.0000000005
20 -2131783.0000000005
21 -2130775.0000000005
22 -2129775.0000000005
29 -2128773.0000000005
30 -2127765.0000000005
33 -2126762.0000000005
34 -2125754.0000000005
37 -2124748.0000000005
39 -2123740.0000000005
41 -2122734.0000000005
42 -2121729.0000000005
43 -2120725.0000000005
44 -2119724.0000000005
46 -2118719.0000000005
48 -2117710.0000000005
49 -2116710.0000000005
51 -2115702.0000000005
54 -2114698.0000000005
55 -2113695.0000000005
59 -2112691.0000000005
63 -2111690.0000000005
64 -2110689.0000000005
69 -2109680.0000000005
70 -2108680.0000000005
74 -2107676.0000000005
76 -2106669.0000000005
77 -2105668.0000000005
79 -2104665.0000000005
80 -2103665.0000000005
84 -2102659.0000000005
86 -2101653.0000000005
91 -2100644.0000000005
93 -2099637.0000000005
94 -2098636.0000000005
95 -2097634.0000000005
96 -2096631.0000000005
110 -2095630.0000000005
111 -2094629.0000000005
113 -2093620.0000000005
114 -2092616.0000000005
115 -2091615.0000000005
116 -2090613.0000000005
118 -2089606.0000000005
122 -2088602.0000000005
124 -2087596.0000000005
126 -2086589.0000000005
127 -2085585.0000000005
128 -2084584.0000000005
129 -2083580.0000000005
130 -2082573.0000000005
133 -2081570.0000000005
137 -2080564.0000000005
142 -2079556.0000000005
144 -2078551.0000000005
148 -2077547.0000000005
149 -2076539.0000000005
150 -2075531.0000000005
151 -2074529.0000000005
152 -2073526.0000000005
156 307416.6992263370
236 307434.3820053624
238 308363.1391232304
387 308378.8031871316
389 309119.6868594469
400 309130.3401153414
401 310074.1295117129
596 310087.6787714455
600 310266.1135938491
603 310276.8849060283
604 310558.2796968662
704 310593.5738561203
705 311289.4324494890
744 311290.8459125939
745 311342.9247118467
816 311344.7113154831
820 311961.2176627651
1131 311985.2435733710
1132 312824.3244907514
1292 312825.7543611528
1294 313237.1541430305
1719 313261.6009651982
1720 313397.2182922967
1735 313412.9880784038
1736 313778.8295653600
2129 313785.3134384767
2130 314733.0146840418
3313 314741.3407710311
3314 314831.3347585893
3399 314832.1790939822
3401 314961.1484673724
3996 314995.4176912673
3999 315315.1458756358
4399 315330.5610493386
4401 315563.7040277941
10001 -2073540.0000000005
