evaluations raw_y
1 -284997.1000000000
2 -284771.1000000000
7 -283809.1000000000
9 -281229.1000000000
11 -279157.1000000000
15 -278507.1000000000
28 -278085.1000000000
45 -277763.1000000000
81 -275503.1000000000
123 -272553.1000000000
127 -272313.1000000000
136 -271448.1000000000
146 -270260.1000000000
167 -270164.1000000000
192 -269582.1000000000
250 -268969.1000000000
278 -268771.1000000000
299 -268279.1000000000
318 -267866.1000000000
352 -266226.1000000000
383 -266148.1000000000
411 -265458.1000000000
421 -264398.1000000000
431 -263117.1000000000
474 -262995.1000000000
477 -262246.1000000000
559 -262058.1000000000
583 -261786.1000000000
600 -259802.1000000000
656 -259116.1000000000
674 -258384.1000000000
702 -258263.1000000000
710 -257588.1000000000
717 -256813.1000000000
743 -256186.1000000000
753 -255861.1000000000
777 -255738.1000000000
785 -255093.1000000000
813 -254116.1000000000
856 -252564.1000000000
889 -251660.1000000000
982 -249808.1000000000
1092 -248324.1000000000
1156 -247549.1000000000
1199 -247234.1000000000
1311 -246597.1000000000
1377 -246371.1000000000
1421 -246089.1000000000
1422 -245609.1000000000
1479 -245145.1000000000
1509 -244557.1000000000
1631 -244369.1000000000
1731 -244332.1000000000
1753 -243414.1000000000
1800 -241904.1000000000
1804 -241403.1000000000
1852 -240010.1000000000
1906 -239773.1000000000
2070 -238964.1000000000
2095 -236260.1000000000
2252 -234686.1000000000
2432 -233996.1000000000
2476 -233314.1000000000
2540 -231937.1000000000
2577 -230435.1000000000
2803 -230372.1000000000
2862 -229033.1000000000
2936 -226432.1000000000
3216 -219768.1000000000
3668 -218128.1000000000
3685 -218070.1000000000
3858 -217655.1000000000
3882 -217490.1000000000
3910 -217358.1000000000
3969 -217058.1000000000
3985 -216154.1000000000
4129 -215403.1000000000
4495 -215271.1000000000
4562 -214686.1000000000
4578 -214006.1000000000
4775 -210693.1000000000
4818 -210202.1000000000
4823 -209832.1000000000
4874 -209613.1000000000
4880 -208868.1000000000
5176 -207756.1000000000
5421 -207568.1000000000
5595 -207012.1000000000
5646 -206808.1000000000
5717 -206290.1000000000
5789 -205657.1000000000
6306 -205604.1000000000
6494 -204667.1000000000
6736 -203621.1000000000
7294 -203487.1000000000
7324 -202547.1000000000
7822 -201101.1000000000
8369 -200899.1000000000
8442 -200286.1000000000
8703 -199510.1000000000
8830 -198801.1000000000
9203 -198348.1000000000
9389 -197874.1000000000
9607 -197507.1000000000
9722 -197274.1000000000
10000 -259802.1000000000
evaluations raw_y
1 -291694.1000000000
5 -290820.1000000000
10 -290117.1000000000
14 -289318.1000000000
18 -288346.1000000000
28 -284257.1000000000
30 -283509.1000000000
33 -282751.1000000000
36 -281566.1000000000
49 -279868.1000000000
97 -278730.1000000000
109 -278085.1000000000
123 -277472.1000000000
163 -273092.1000000000
191 -272767.1000000000
192 -271265.1000000000
201 -271259.1000000000
210 -270287.1000000000
220 -268405.1000000000
278 -268102.1000000000
315 -266364.1000000000
424 -266175.1000000000
456 -265808.1000000000
471 -263139.1000000000
633 -261574.1000000000
667 -259214.1000000000
710 -258439.1000000000
802 -257496.1000000000
852 -257249.1000000000
938 -253501.1000000000
1011 -253389.1000000000
1035 -252671.1000000000
1058 -252338.1000000000
1129 -251518.1000000000
1147 -251395.1000000000
1190 -248071.1000000000
1213 -247138.1000000000
1323 -246138.1000000000
1437 -245824.1000000000
1463 -245048.1000000000
1570 -245008.1000000000
1571 -243202.1000000000
1604 -241749.1000000000
1624 -241548.1000000000
1627 -241197.1000000000
1718 -240695.1000000000
1731 -240133.1000000000
1741 -238716.1000000000
1908 -238243.1000000000
2082 -238149.1000000000
2117 -237501.1000000000
2180 -235733.1000000000
2481 -235731.1000000000
2730 -234253.1000000000
2864 -232409.1000000000
3085 -231987.1000000000
3265 -230889.1000000000
3516 -229815.1000000000
3709 -227097.1000000000
3978 -226664.1000000000
4774 -225841.1000000000
5388 -223677.1000000000
5500 -223575.1000000000
5761 -223539.1000000000
5764 -222647.1000000000
6005 -221642.1000000000
6343 -220951.1000000000
6456 -220435.1000000000
6489 -218828.1000000000
6620 -218665.1000000000
6890 -217885.1000000000
7000 -217697.1000000000
7022 -217338.1000000000
7042 -216863.1000000000
7065 -216378.1000000000
7215 -214719.1000000000
7320 -214286.1000000000
7547 -214142.1000000000
7615 -213314.1000000000
7629 -212954.1000000000
7670 -211018.1000000000
8165 -210841.1000000000
8293 -210121.1000000000
8782 -210027.1000000000
8833 -209774.1000000000
8865 -209305.1000000000
8868 -207322.1000000000
9259 -205847.1000000000
9406 -205751.1000000000
9521 -205049.1000000000
9707 -203795.1000000000
9840 -201853.1000000000
9946 -201219.1000000000
10000 -284297.1000000000
evaluations raw_y
1 -274818.1000000000
3 -273881.1000000000
6 -273004.1000000000
7 -270426.1000000000
9 -269426.1000000000
11 -265509.1000000000
24 -264733.1000000000
31 -263623.1000000000
36 -262942.1000000000
38 -261246.1000000000
58 -260613.1000000000
60 -259912.1000000000
62 -257668.1000000000
65 -255947.1000000000
70 -255725.1000000000
82 -254523.1000000000
137 -251687.1000000000
139 -248684.1000000000
277 -248194.1000000000
280 -247933.1000000000
283 -247191.1000000000
290 -246840.1000000000
349 -246387.1000000000
359 -245131.1000000000
387 -244958.1000000000
399 -243189.1000000000
400 -243158.1000000000
401 -243040.1000000000
436 -241366.1000000000
448 -240338.1000000000
481 -240120.1000000000
526 -239291.1000000000
554 -238733.1000000000
605 -237829.1000000000
647 -234442.1000000000
682 -233349.1000000000
687 -233024.1000000000
731 -232357.1000000000
744 -231385.1000000000
783 -230457.1000000000
953 -229723.1000000000
967 -229362.1000000000
1010 -229022.1000000000
1063 -228271.1000000000
1074 -228042.1000000000
1076 -227213.1000000000
1092 -225244.1000000000
1325 -225242.1000000000
1329 -224906.1000000000
1341 -222257.1000000000
1447 -219674.1000000000
1450 -219165.1000000000
1465 -217613.1000000000
1500 -215769.1000000000
1676 -215391.1000000000
1704 -214725.1000000000
1760 -213888.1000000000
1805 -212662.1000000000
1966 -212608.1000000000
2029 -210987.1000000000
2068 -210595.1000000000
2122 -209863.1000000000
2185 -209745.1000000000
2248 -209337.1000000000
2692 -207239.1000000000
2842 -206488.1000000000
2867 -204860.1000000000
3171 -202290.1000000000
3352 -202151.1000000000
3501 -200511.1000000000
3724 -199257.1000000000
4021 -198893.1000000000
4059 -198556.1000000000
4188 -196638.1000000000
4300 -195384.1000000000
4579 -194994.1000000000
4811 -194307.1000000000
4877 -193848.1000000000
5040 -193817.1000000000
5218 -192973.1000000000
5347 -192896.1000000000
5431 -192430.1000000000
5489 -192374.1000000000
5560 -191817.1000000000
5649 -191041.1000000000
5776 -190360.1000000000
6073 -189681.1000000000
6085 -189276.1000000000
6326 -188640.1000000000
6647 -188068.1000000000
7138 -186057.1000000000
7155 -185776.1000000000
7298 -185654.1000000000
7498 -184006.1000000000
7874 -183512.1000000000
8173 -182162.1000000000
9066 -181568.1000000000
9070 -181225.1000000000
9122 -181212.1000000000
9594 -180400.1000000000
10000 -188068.1000000000
evaluations raw_y
1 -276102.1000000000
4 -274986.1000000000
8 -274810.1000000000
30 -274439.1000000000
34 -273578.1000000000
35 -271205.1000000000
36 -269994.1000000000
41 -268816.1000000000
45 -268104.1000000000
53 -266678.1000000000
59 -266140.1000000000
84 -264225.1000000000
85 -263637.1000000000
118 -261940.1000000000
141 -260096.1000000000
194 -259892.1000000000
199 -259750.1000000000
203 -259307.1000000000
216 -259242.1000000000
218 -258062.1000000000
239 -257376.1000000000
248 -253318.1000000000
275 -249347.1000000000
296 -248734.1000000000
368 -248572.1000000000
371 -247301.1000000000
376 -246541.1000000000
382 -246536.1000000000
440 -246531.1000000000
443 -245905.1000000000
453 -245231.1000000000
500 -244618.1000000000
530 -243081.1000000000
560 -242754.1000000000
594 -242744.1000000000
624 -240470.1000000000
669 -240205.1000000000
724 -236698.1000000000
834 -235352.1000000000
1322 -234512.1000000000
1436 -231761.1000000000
1494 -231601.1000000000
1630 -228597.1000000000
1732 -227409.1000000000
1766 -227167.1000000000
1786 -224935.1000000000
1811 -224747.1000000000
1925 -224512.1000000000
2008 -223165.1000000000
2130 -222635.1000000000
2156 -222335.1000000000
2368 -220543.1000000000
2560 -219436.1000000000
2936 -218127.1000000000
2950 -217436.1000000000
2955 -216375.1000000000
3337 -214677.1000000000
3424 -212086.1000000000
3557 -211611.1000000000
3579 -211153.1000000000
3593 -211074.1000000000
3716 -210329.1000000000
3889 -210129.1000000000
3940 -207867.1000000000
3986 -207330.1000000000
4049 -206641.1000000000
4116 -201540.1000000000
4178 -200162.1000000000
4833 -199240.1000000000
5097 -199014.1000000000
5100 -198754.1000000000
5177 -193971.1000000000
5635 -193955.1000000000
5745 -193800.1000000000
5765 -193798.1000000000
5948 -193288.1000000000
6046 -191277.1000000000
7457 -191131.1000000000
7507 -188239.1000000000
7912 -188098.1000000000
9045 -186761.1000000000
9496 -186394.1000000000
10000 -247601.1000000000
evaluations raw_y
1 -268983.1000000000
18 -268129.1000000000
20 -267807.1000000000
27 -266870.1000000000
28 -262440.1000000000
44 -260381.1000000000
82 -260048.1000000000
98 -260013.1000000000
100 -258692.1000000000
119 -258554.1000000000
160 -256440.1000000000
161 -255519.1000000000
164 -253435.1000000000
173 -253298.1000000000
210 -250046.1000000000
253 -248746.1000000000
260 -248558.1000000000
277 -247978.1000000000
289 -246498.1000000000
349 -245198.1000000000
373 -243972.1000000000
385 -242871.1000000000
419 -242338.1000000000
460 -242128.1000000000
505 -241413.1000000000
609 -240794.1000000000
644 -239262.1000000000
659 -238342.1000000000
669 -237608.1000000000
748 -236690.1000000000
758 -235688.1000000000
798 -235396.1000000000
806 -234136.1000000000
860 -233549.1000000000
1111 -232445.1000000000
1246 -231529.1000000000
1278 -230754.1000000000
1450 -229635.1000000000
1479 -228071.1000000000
1486 -226817.1000000000
1529 -226164.1000000000
1695 -225380.1000000000
1747 -224087.1000000000
2001 -223287.1000000000
2077 -222913.1000000000
2086 -220542.1000000000
2231 -220481.1000000000
2298 -217743.1000000000
2332 -216968.1000000000
2387 -216933.1000000000
2503 -216669.1000000000
2677 -214979.1000000000
2697 -214973.1000000000
2735 -214319.1000000000
2807 -212873.1000000000
2846 -212799.1000000000
3087 -211212.1000000000
3277 -211001.1000000000
3325 -210882.1000000000
3734 -208250.1000000000
4093 -206983.1000000000
4172 -205693.1000000000
4235 -203121.1000000000
4564 -201675.1000000000
5075 -201545.1000000000
5118 -201343.1000000000
5274 -200102.1000000000
5352 -199339.1000000000
5717 -199230.1000000000
5799 -198621.1000000000
5899 -198423.1000000000
5900 -197191.1000000000
6054 -196090.1000000000
6289 -195888.1000000000
6309 -194914.1000000000
6322 -194756.1000000000
6453 -191879.1000000000
7156 -191744.1000000000
7178 -191742.1000000000
7249 -190792.1000000000
7298 -189538.1000000000
7460 -188489.1000000000
7621 -188334.1000000000
7702 -186454.1000000000
7970 -186031.1000000000
9207 -185010.1000000000
9450 -184905.1000000000
9458 -183061.1000000000
10000 -216761.1000000000
evaluations raw_y
1 -263542.1000000000
9 -262163.1000000000
16 -261220.1000000000
17 -260898.1000000000
25 -259018.1000000000
35 -257372.1000000000
40 -255520.1000000000
69 -254332.1000000000
105 -254220.1000000000
128 -252615.1000000000
139 -251720.1000000000
150 -250677.1000000000
221 -249780.1000000000
230 -248833.1000000000
255 -246160.1000000000
296 -246030.1000000000
298 -243816.1000000000
355 -242921.1000000000
356 -240659.1000000000
459 -239147.1000000000
499 -238537.1000000000
565 -237095.1000000000
619 -236777.1000000000
636 -234538.1000000000
639 -233353.1000000000
743 -232857.1000000000
830 -232791.1000000000
846 -232383.1000000000
851 -231462.1000000000
867 -229025.1000000000
900 -228196.1000000000
966 -227891.1000000000
974 -227151.1000000000
1003 -225773.1000000000
1081 -224173.1000000000
1219 -223312.1000000000
1293 -223155.1000000000
1347 -221703.1000000000
1598 -217865.1000000000
1652 -217809.1000000000
1857 -216890.1000000000
1960 -216080.1000000000
2442 -214014.1000000000
2551 -213451.1000000000
2591 -211264.1000000000
3017 -211059.1000000000
3404 -210441.1000000000
3967 -208933.1000000000
4017 -208029.1000000000
4132 -207018.1000000000
4252 -206137.1000000000
4442 -205482.1000000000
4474 -205042.1000000000
4503 -204973.1000000000
4582 -204337.1000000000
4644 -204287.1000000000
4898 -203527.1000000000
5628 -203229.1000000000
5670 -202475.1000000000
5690 -201586.1000000000
5868 -198983.1000000000
6245 -198094.1000000000
6565 -196590.1000000000
6775 -195406.1000000000
6985 -194874.1000000000
7144 -193039.1000000000
7146 -192346.1000000000
7270 -189900.1000000000
7651 -188764.1000000000
7817 -187586.1000000000
7993 -186398.1000000000
8042 -185611.1000000000
8100 -185423.1000000000
8455 -184630.1000000000
8462 -184274.1000000000
9125 -184273.1000000000
9372 -183660.1000000000
9483 -182438.1000000000
9727 -181844.1000000000
9837 -181748.1000000000
10000 -184273.1000000000
evaluations raw_y
1 -274874.1000000000
6 -269735.1000000000
14 -267488.1000000000
27 -266847.1000000000
28 -265085.1000000000
39 -263909.1000000000
40 -263563.1000000000
47 -262740.1000000000
60 -262229.1000000000
68 -261647.1000000000
80 -261568.1000000000
93 -260675.1000000000
111 -258129.1000000000
191 -257621.1000000000
239 -257320.1000000000
252 -257289.1000000000
272 -257124.1000000000
278 -256994.1000000000
294 -256424.1000000000
309 -252577.1000000000
328 -250504.1000000000
374 -249430.1000000000
402 -248820.1000000000
406 -248640.1000000000
474 -247634.1000000000
502 -245051.1000000000
520 -243549.1000000000
637 -242649.1000000000
677 -242239.1000000000
731 -242110.1000000000
747 -241614.1000000000
769 -240026.1000000000
838 -239437.1000000000
981 -239326.1000000000
998 -238257.1000000000
1023 -237953.1000000000
1075 -237671.1000000000
1111 -236767.1000000000
1155 -236681.1000000000
1250 -235620.1000000000
1265 -233519.1000000000
1291 -233311.1000000000
1357 -233292.1000000000
1498 -232629.1000000000
1519 -230318.1000000000
1651 -229629.1000000000
1677 -227859.1000000000
1956 -227593.1000000000
2026 -226844.1000000000
2074 -225784.1000000000
2088 -225690.1000000000
2160 -225398.1000000000
2182 -224623.1000000000
2192 -224522.1000000000
2236 -223854.1000000000
2251 -223078.1000000000
2655 -221180.1000000000
2775 -220901.1000000000
2905 -218102.1000000000
2986 -217961.1000000000
3005 -217321.1000000000
3112 -216727.1000000000
3134 -216615.1000000000
3204 -216254.1000000000
3308 -215368.1000000000
3311 -214431.1000000000
3364 -213402.1000000000
3434 -211956.1000000000
3498 -210274.1000000000
3750 -209806.1000000000
3858 -209324.1000000000
4138 -208838.1000000000
4155 -207240.1000000000
4561 -204611.1000000000
5514 -203802.1000000000
5594 -202374.1000000000
5733 -198134.1000000000
5817 -197260.1000000000
6120 -196707.1000000000
6235 -196405.1000000000
6369 -194782.1000000000
6782 -194253.1000000000
6988 -193256.1000000000
7196 -192182.1000000000
8121 -191788.1000000000
8546 -191366.1000000000
8640 -190907.1000000000
8904 -190221.1000000000
9011 -189756.1000000000
9064 -189431.1000000000
9260 -188798.1000000000
9701 -188199.1000000000
10000 -255344.1000000000
evaluations raw_y
1 -280495.1000000000
2 -280105.1000000000
6 -279516.1000000000
10 -275803.1000000000
13 -274856.1000000000
15 -268790.1000000000
25 -268056.1000000000
29 -267994.1000000000
40 -267627.1000000000
41 -267527.1000000000
57 -267140.1000000000
61 -266330.1000000000
80 -266058.1000000000
100 -265745.1000000000
123 -265681.1000000000
124 -264924.1000000000
127 -263303.1000000000
213 -262528.1000000000
223 -261389.1000000000
240 -261214.1000000000
269 -261194.1000000000
279 -260020.1000000000
312 -259424.1000000000
315 -258524.1000000000
374 -258004.1000000000
392 -257108.1000000000
394 -256317.1000000000
404 -255595.1000000000
412 -255203.1000000000
443 -253149.1000000000
510 -252326.1000000000
620 -249677.1000000000
767 -248912.1000000000
778 -246101.1000000000
789 -245608.1000000000
923 -245229.1000000000
1049 -244875.1000000000
1056 -243120.1000000000
1195 -242577.1000000000
1271 -240888.1000000000
1489 -238308.1000000000
1742 -237354.1000000000
1767 -233354.1000000000
1815 -232531.1000000000
1928 -231906.1000000000
2080 -228759.1000000000
2122 -227230.1000000000
2141 -226942.1000000000
2270 -225462.1000000000
2475 -225115.1000000000
2516 -224038.1000000000
2570 -223158.1000000000
2588 -222714.1000000000
2654 -221298.1000000000
2742 -220993.1000000000
2769 -220802.1000000000
2850 -219830.1000000000
3031 -219778.1000000000
3045 -218254.1000000000
3129 -217918.1000000000
3196 -214255.1000000000
3304 -211326.1000000000
3511 -210846.1000000000
3592 -209700.1000000000
3695 -209354.1000000000
4261 -208417.1000000000
4367 -207708.1000000000
4662 -207506.1000000000
4782 -206062.1000000000
4821 -205860.1000000000
5276 -204903.1000000000
5311 -203344.1000000000
5443 -202724.1000000000
5588 -202218.1000000000
5998 -200962.1000000000
6002 -200889.1000000000
6518 -199901.1000000000
6526 -199421.1000000000
6630 -198788.1000000000
6642 -197612.1000000000
6791 -197518.1000000000
7189 -197266.1000000000
7270 -196843.1000000000
7335 -196748.1000000000
7464 -195976.1000000000
7682 -195471.1000000000
7957 -194382.1000000000
8261 -193393.1000000000
8993 -192639.1000000000
9206 -192421.1000000000
9227 -190375.1000000000
9759 -189501.1000000000
9935 -188281.1000000000
10000 -226544.1000000000
evaluations raw_y
1 -263278.1000000000
4 -261810.1000000000
5 -260870.1000000000
7 -260448.1000000000
24 -260233.1000000000
30 -259585.1000000000
43 -259130.1000000000
56 -258376.1000000000
69 -257684.1000000000
74 -257338.1000000000
84 -256362.1000000000
88 -256283.1000000000
100 -256229.1000000000
103 -255810.1000000000
105 -254711.1000000000
130 -251419.1000000000
151 -250129.1000000000
206 -249917.1000000000
252 -249230.1000000000
266 -247040.1000000000
271 -246350.1000000000
302 -245486.1000000000
321 -245286.1000000000
328 -243462.1000000000
352 -242874.1000000000
354 -242402.1000000000
358 -240075.1000000000
372 -239214.1000000000
388 -237746.1000000000
418 -237004.1000000000
457 -233476.1000000000
542 -232881.1000000000
573 -232787.1000000000
577 -230601.1000000000
717 -230011.1000000000
913 -227863.1000000000
1038 -227790.1000000000
1042 -227354.1000000000
1272 -225874.1000000000
1449 -225436.1000000000
1532 -223078.1000000000
1580 -222984.1000000000
1670 -221598.1000000000
1673 -220970.1000000000
1756 -219970.1000000000
1936 -218511.1000000000
2048 -218119.1000000000
2062 -217915.1000000000
2097 -216978.1000000000
2169 -216106.1000000000
2316 -215811.1000000000
2360 -214687.1000000000
2405 -214660.1000000000
2550 -213461.1000000000
2735 -211744.1000000000
2905 -211427.1000000000
2948 -211320.1000000000
3061 -210880.1000000000
3144 -210462.1000000000
3196 -209236.1000000000
3498 -208786.1000000000
3562 -208293.1000000000
3566 -208237.1000000000
3774 -207983.1000000000
4012 -207154.1000000000
4055 -206379.1000000000
4183 -206074.1000000000
4195 -205737.1000000000
4361 -205710.1000000000
4362 -205250.1000000000
4375 -203590.1000000000
4456 -200954.1000000000
4699 -200813.1000000000
4746 -199620.1000000000
4793 -199070.1000000000
4897 -196618.1000000000
4943 -196281.1000000000
5011 -194061.1000000000
5366 -193140.1000000000
5507 -192718.1000000000
5633 -192276.1000000000
5861 -191492.1000000000
6202 -190832.1000000000
6505 -190003.1000000000
6805 -188126.1000000000
7088 -187297.1000000000
7424 -186731.1000000000
7598 -186474.1000000000
7768 -186401.1000000000
7865 -186107.1000000000
8013 -185774.1000000000
8295 -185727.1000000000
8418 -185442.1000000000
8512 -184820.1000000000
8527 -184118.1000000000
8645 -183981.1000000000
9179 -182187.1000000000
9199 -181987.1000000000
9270 -181579.1000000000
9367 -181015.1000000000
10000 -213678.1000000000
evaluations raw_y
1 -279888.1000000000
3 -279400.1000000000
4 -278118.1000000000
7 -276650.1000000000
12 -274628.1000000000
29 -274488.1000000000
31 -272980.1000000000
37 -272738.1000000000
39 -272150.1000000000
41 -271160.1000000000
45 -270784.1000000000
48 -269923.1000000000
57 -269212.1000000000
74 -267878.1000000000
92 -264869.1000000000
133 -264446.1000000000
182 -262126.1000000000
209 -260896.1000000000
236 -256142.1000000000
311 -253250.1000000000
378 -252894.1000000000
382 -252413.1000000000
427 -250967.1000000000
596 -250756.1000000000
615 -250720.1000000000
625 -249262.1000000000
663 -248936.1000000000
675 -248746.1000000000
794 -247753.1000000000
850 -245310.1000000000
909 -244954.1000000000
961 -243774.1000000000
1010 -243161.1000000000
1119 -240659.1000000000
1202 -239099.1000000000
1225 -237441.1000000000
1321 -237171.1000000000
1364 -236847.1000000000
1469 -236761.1000000000
1677 -236151.1000000000
1748 -234711.1000000000
1779 -234267.1000000000
1816 -233963.1000000000
1845 -233637.1000000000
1847 -232662.1000000000
1930 -232171.1000000000
2001 -228914.1000000000
2055 -228054.1000000000
2088 -227832.1000000000
2161 -226968.1000000000
2231 -224385.1000000000
2442 -221933.1000000000
2490 -221549.1000000000
2757 -220647.1000000000
2813 -219596.1000000000
2908 -219095.1000000000
2918 -218820.1000000000
3067 -217970.1000000000
3252 -217220.1000000000
3329 -216607.1000000000
3362 -215296.1000000000
3568 -214646.1000000000
3681 -213144.1000000000
4237 -213032.1000000000
4322 -211692.1000000000
4772 -211661.1000000000
4832 -211539.1000000000
4920 -210946.1000000000
4980 -210487.1000000000
5056 -210030.1000000000
5059 -209842.1000000000
5118 -209270.1000000000
5727 -208536.1000000000
5956 -207106.1000000000
6519 -206512.1000000000
7049 -204705.1000000000
7080 -203327.1000000000
7158 -202129.1000000000
7270 -199902.1000000000
7805 -199069.1000000000
8271 -197815.1000000000
8496 -197693.1000000000
8736 -196755.1000000000
8774 -196388.1000000000
8964 -195785.1000000000
9139 -195643.1000000000
9179 -193851.1000000000
9198 -193739.1000000000
9554 -193197.1000000000
9568 -191639.1000000000
9625 -190423.1000000000
10000 -190894.1000000000
evaluations raw_y
1 -266673.1000000000
3 -265442.1000000000
5 -264865.1000000000
7 -264328.1000000000
9 -262860.1000000000
11 -260767.1000000000
43 -257661.1000000000
130 -256324.1000000000
142 -255957.1000000000
153 -254821.1000000000
160 -253871.1000000000
163 -253522.1000000000
167 -252751.1000000000
175 -252706.1000000000
179 -251706.1000000000
189 -250877.1000000000
272 -250510.1000000000
393 -250154.1000000000
405 -248302.1000000000
504 -248192.1000000000
525 -246463.1000000000
584 -244350.1000000000
626 -244271.1000000000
678 -244113.1000000000
724 -243957.1000000000
772 -243761.1000000000
809 -241594.1000000000
825 -240647.1000000000
975 -240287.1000000000
1014 -240224.1000000000
1027 -237644.1000000000
1090 -237591.1000000000
1097 -237170.1000000000
1133 -236654.1000000000
1141 -236553.1000000000
1169 -233522.1000000000
1311 -233200.1000000000
1583 -232302.1000000000
1704 -232098.1000000000
1721 -231212.1000000000
1886 -229270.1000000000
1941 -228298.1000000000
1952 -228014.1000000000
1961 -227795.1000000000
1986 -225458.1000000000
2095 -224871.1000000000
2162 -224006.1000000000
2325 -223509.1000000000
2370 -222257.1000000000
2403 -221319.1000000000
2526 -219811.1000000000
2897 -219101.1000000000
2921 -217240.1000000000
2986 -215366.1000000000
3009 -214588.1000000000
3220 -213999.1000000000
3455 -213170.1000000000
3705 -212916.1000000000
3886 -212329.1000000000
3909 -211876.1000000000
4025 -211249.1000000000
4188 -209878.1000000000
4301 -209144.1000000000
4542 -208707.1000000000
4633 -207592.1000000000
4717 -207236.1000000000
4808 -207169.1000000000
5127 -206848.1000000000
5409 -206255.1000000000
5413 -206114.1000000000
5429 -203247.1000000000
5441 -201957.1000000000
5544 -201755.1000000000
5562 -201351.1000000000
5565 -201197.1000000000
5568 -200246.1000000000
5968 -198779.1000000000
5997 -197861.1000000000
6497 -197022.1000000000
6719 -196299.1000000000
6820 -195784.1000000000
7023 -195332.1000000000
7029 -194909.1000000000
7152 -194771.1000000000
7203 -194327.1000000000
7444 -192973.1000000000
7485 -191516.1000000000
7509 -191108.1000000000
7521 -190794.1000000000
7559 -189190.1000000000
7799 -188768.1000000000
7897 -188449.1000000000
8027 -186679.1000000000
8093 -186589.1000000000
8106 -185515.1000000000
8248 -185056.1000000000
8645 -184283.1000000000
8674 -183671.1000000000
9623 -182119.1000000000
9916 -181671.1000000000
10000 -255957.1000000000
evaluations raw_y
1 -294569.1000000000
2 -293153.1000000000
3 -292657.1000000000
5 -292431.1000000000
11 -290843.1000000000
21 -290336.1000000000
30 -289389.1000000000
33 -287001.1000000000
37 -284221.1000000000
59 -281136.1000000000
63 -280900.1000000000
94 -277584.1000000000
97 -276183.1000000000
137 -274957.1000000000
141 -271457.1000000000
184 -270269.1000000000
288 -269322.1000000000
301 -269000.1000000000
331 -268633.1000000000
332 -267633.1000000000
354 -265958.1000000000
386 -265660.1000000000
400 -265066.1000000000
425 -264712.1000000000
431 -263420.1000000000
444 -262502.1000000000
662 -260868.1000000000
793 -260589.1000000000
795 -260078.1000000000
860 -259896.1000000000
873 -259145.1000000000
877 -257753.1000000000
906 -254176.1000000000
1127 -253724.1000000000
1223 -250946.1000000000
1245 -250916.1000000000
1319 -250391.1000000000
1368 -248598.1000000000
1471 -248154.1000000000
1495 -246274.1000000000
1503 -245822.1000000000
1603 -243822.1000000000
1906 -242830.1000000000
1911 -242630.1000000000
1952 -241865.1000000000
2127 -241064.1000000000
2248 -240302.1000000000
2272 -239876.1000000000
2340 -236292.1000000000
2671 -235705.1000000000
2740 -235234.1000000000
2775 -234294.1000000000
2874 -233649.1000000000
2949 -233604.1000000000
3004 -232266.1000000000
3021 -231825.1000000000
3125 -230716.1000000000
3165 -229250.1000000000
3188 -228313.1000000000
3441 -227296.1000000000
4029 -225430.1000000000
4482 -224102.1000000000
4578 -223822.1000000000
4614 -223202.1000000000
4665 -222090.1000000000
4775 -221982.1000000000
5271 -221834.1000000000
5426 -220920.1000000000
5728 -220219.1000000000
5954 -219920.1000000000
6567 -218871.1000000000
6575 -218771.1000000000
6689 -217234.1000000000
7007 -216275.1000000000
7082 -215814.1000000000
7168 -214092.1000000000
7230 -212325.1000000000
7541 -211602.1000000000
7558 -210779.1000000000
8103 -210529.1000000000
8184 -210077.1000000000
8317 -209513.1000000000
8330 -207259.1000000000
8674 -207022.1000000000
8996 -207013.1000000000
9260 -206005.1000000000
9903 -205567.1000000000
9911 -203903.1000000000
9955 -203764.1000000000
9990 -203481.1000000000
10000 -293895.1000000000
evaluations raw_y
1 -260013.1000000000
6 -258723.1000000000
10 -257468.1000000000
19 -256779.1000000000
20 -256679.1000000000
34 -256191.1000000000
40 -254162.1000000000
47 -253212.1000000000
61 -250456.1000000000
64 -250064.1000000000
76 -249499.1000000000
77 -249437.1000000000
79 -248966.1000000000
112 -247859.1000000000
124 -247215.1000000000
127 -247093.1000000000
129 -246768.1000000000
143 -246734.1000000000
166 -246523.1000000000
170 -244840.1000000000
195 -244546.1000000000
201 -243562.1000000000
208 -242994.1000000000
211 -240339.1000000000
323 -239859.1000000000
345 -237051.1000000000
360 -236563.1000000000
434 -236114.1000000000
451 -235950.1000000000
485 -235076.1000000000
501 -233896.1000000000
658 -232608.1000000000
769 -232496.1000000000
890 -230120.1000000000
1150 -229806.1000000000
1157 -228463.1000000000
1170 -228166.1000000000
1188 -227707.1000000000
1207 -227499.1000000000
1284 -227042.1000000000
1307 -224805.1000000000
1321 -223730.1000000000
1323 -223359.1000000000
1366 -222542.1000000000
1403 -221570.1000000000
1429 -221178.1000000000
1510 -221147.1000000000
1528 -220276.1000000000
1533 -218727.1000000000
1632 -218139.1000000000
1668 -215303.1000000000
1705 -215224.1000000000
1889 -212644.1000000000
1968 -212440.1000000000
2016 -211024.1000000000
2055 -210851.1000000000
2082 -209129.1000000000
2508 -209007.1000000000
2542 -207359.1000000000
2889 -206797.1000000000
2903 -206346.1000000000
3196 -204423.1000000000
3320 -203596.1000000000
3589 -202700.1000000000
3790 -198564.1000000000
3836 -198208.1000000000
3935 -195756.1000000000
4121 -195634.1000000000
4180 -195263.1000000000
4347 -195075.1000000000
4435 -194971.1000000000
4568 -194936.1000000000
4612 -194237.1000000000
4623 -193875.1000000000
4765 -192457.1000000000
4924 -191734.1000000000
5182 -188195.1000000000
5507 -186171.1000000000
5925 -185609.1000000000
5931 -184002.1000000000
6064 -183861.1000000000
6140 -183650.1000000000
6179 -183531.1000000000
6709 -183525.1000000000
6997 -183069.1000000000
7113 -182730.1000000000
7209 -182355.1000000000
7258 -182045.1000000000
7492 -181740.1000000000
7606 -180732.1000000000
7715 -180256.1000000000
8094 -179643.1000000000
8180 -178362.1000000000
8882 -177587.1000000000
9192 -177426.1000000000
9210 -176612.1000000000
9344 -176562.1000000000
9599 -176336.1000000000
9619 -174800.1000000000
9662 -173422.1000000000
9951 -173085.1000000000
10000 -218139.1000000000
evaluations raw_y
1 -269160.1000000000
2 -268547.1000000000
3 -268199.1000000000
13 -267612.1000000000
15 -261343.1000000000
51 -261191.1000000000
68 -261051.1000000000
87 -260695.1000000000
93 -258951.1000000000
150 -257939.1000000000
209 -257117.1000000000
236 -255739.1000000000
238 -254449.1000000000
260 -252727.1000000000
328 -249441.1000000000
329 -248666.1000000000
362 -248587.1000000000
387 -248292.1000000000
390 -247037.1000000000
396 -246645.1000000000
552 -245603.1000000000
620 -245456.1000000000
649 -245094.1000000000
681 -244233.1000000000
698 -242973.1000000000
738 -242792.1000000000
741 -240340.1000000000
916 -239483.1000000000
936 -237236.1000000000
1009 -236586.1000000000
1061 -235632.1000000000
1087 -235384.1000000000
1122 -234560.1000000000
1156 -232724.1000000000
1170 -228976.1000000000
1309 -226084.1000000000
1594 -225255.1000000000
1641 -225172.1000000000
1684 -224742.1000000000
1709 -224312.1000000000
1825 -222444.1000000000
1889 -219992.1000000000
1993 -218440.1000000000
2141 -216996.1000000000
2184 -216521.1000000000
2273 -216080.1000000000
2351 -216031.1000000000
2375 -215272.1000000000
2510 -214549.1000000000
2694 -212769.1000000000
2784 -211797.1000000000
2876 -210633.1000000000
2969 -208466.1000000000
3065 -207970.1000000000
3073 -207548.1000000000
3269 -206719.1000000000
3354 -206322.1000000000
3389 -206046.1000000000
3421 -204851.1000000000
3490 -203827.1000000000
3714 -200383.1000000000
4231 -198007.1000000000
4293 -197284.1000000000
4399 -197232.1000000000
4496 -196006.1000000000
4571 -195373.1000000000
4615 -194522.1000000000
4654 -194208.1000000000
4965 -192873.1000000000
5266 -192700.1000000000
5286 -191685.1000000000
5333 -191324.1000000000
5354 -190205.1000000000
5772 -189618.1000000000
5859 -188737.1000000000
6224 -188568.1000000000
6937 -187797.1000000000
7005 -187024.1000000000
7380 -186454.1000000000
7932 -186234.1000000000
8396 -185649.1000000000
8435 -185316.1000000000
8458 -183857.1000000000
8644 -182512.1000000000
8779 -182041.1000000000
9328 -181044.1000000000
9347 -178452.1000000000
9354 -178096.1000000000
9768 -178090.1000000000
9819 -177750.1000000000
9894 -177633.1000000000
9931 -177583.1000000000
10000 -268956.1000000000
evaluations raw_y
1 -272159.1000000000
4 -272154.1000000000
6 -271541.1000000000
7 -270361.1000000000
14 -270135.1000000000
16 -270034.1000000000
20 -267235.1000000000
21 -267033.1000000000
84 -266930.1000000000
107 -263803.1000000000
156 -263316.1000000000
233 -262857.1000000000
257 -262016.1000000000
295 -261935.1000000000
349 -261237.1000000000
359 -260624.1000000000
365 -260376.1000000000
370 -259404.1000000000
380 -258024.1000000000
422 -255960.1000000000
485 -255959.1000000000
505 -255676.1000000000
512 -253149.1000000000
531 -252398.1000000000
562 -250218.1000000000
575 -250095.1000000000
593 -249581.1000000000
603 -249104.1000000000
610 -248856.1000000000
671 -247638.1000000000
687 -245937.1000000000
703 -244469.1000000000
750 -244002.1000000000
756 -242429.1000000000
1062 -240379.1000000000
1109 -239391.1000000000
1115 -238213.1000000000
1121 -238207.1000000000
1163 -237438.1000000000
1230 -237399.1000000000
1248 -236709.1000000000
1264 -236420.1000000000
1369 -235739.1000000000
1427 -233074.1000000000
1504 -230186.1000000000
1603 -229551.1000000000
1661 -229270.1000000000
1720 -227431.1000000000
1726 -226795.1000000000
1793 -226656.1000000000
1838 -226233.1000000000
1972 -225094.1000000000
2036 -223757.1000000000
2122 -222467.1000000000
2336 -221716.1000000000
2433 -221213.1000000000
2564 -221211.1000000000
2617 -221009.1000000000
2663 -220544.1000000000
2735 -219634.1000000000
2756 -219297.1000000000
3003 -219242.1000000000
3028 -218389.1000000000
3066 -217294.1000000000
3385 -216992.1000000000
3438 -215104.1000000000
3680 -214510.1000000000
3689 -214230.1000000000
3701 -213878.1000000000
3779 -213199.1000000000
3864 -212699.1000000000
4177 -212211.1000000000
4526 -211960.1000000000
4564 -209843.1000000000
4708 -209545.1000000000
4821 -208077.1000000000
4896 -206034.1000000000
5142 -204705.1000000000
5719 -204198.1000000000
6165 -203508.1000000000
6655 -201321.1000000000
7210 -199045.1000000000
7349 -197171.1000000000
7353 -196271.1000000000
7923 -196236.1000000000
8133 -194588.1000000000
8282 -194101.1000000000
8529 -192181.1000000000
8711 -191981.1000000000
9100 -189089.1000000000
9700 -188502.1000000000
9706 -188245.1000000000
9807 -188106.1000000000
9871 -187792.1000000000
10000 -217047.1000000000
evaluations raw_y
1 -291405.1000000000
14 -289515.1000000000
15 -288337.1000000000
18 -286545.1000000000
32 -283838.1000000000
90 -283665.1000000000
115 -282725.1000000000
120 -282692.1000000000
124 -281941.1000000000
127 -280925.1000000000
144 -280388.1000000000
162 -277632.1000000000
233 -277490.1000000000
289 -274562.1000000000
360 -272182.1000000000
383 -271366.1000000000
461 -268856.1000000000
477 -264546.1000000000
838 -264433.1000000000
864 -262881.1000000000
886 -261781.1000000000
890 -260260.1000000000
933 -256357.1000000000
937 -255179.1000000000
1046 -254823.1000000000
1073 -254014.1000000000
1105 -253153.1000000000
1171 -251581.1000000000
1412 -251450.1000000000
1445 -250409.1000000000
1523 -250281.1000000000
1686 -248565.1000000000
1801 -248198.1000000000
1851 -247581.1000000000
1900 -247304.1000000000
1915 -246484.1000000000
1947 -245249.1000000000
2052 -244309.1000000000
2214 -242286.1000000000
2344 -241995.1000000000
2440 -235718.1000000000
2622 -235068.1000000000
2741 -235006.1000000000
2759 -233948.1000000000
2989 -232511.1000000000
3043 -231211.1000000000
3133 -230865.1000000000
3209 -230582.1000000000
3288 -230436.1000000000
3425 -227305.1000000000
3669 -226444.1000000000
3725 -225950.1000000000
3917 -225830.1000000000
3951 -225628.1000000000
4303 -224599.1000000000
4377 -224300.1000000000
4822 -223956.1000000000
4826 -223748.1000000000
4867 -223652.1000000000
5006 -222962.1000000000
5014 -222801.1000000000
5043 -221854.1000000000
5229 -221446.1000000000
5641 -217302.1000000000
5652 -217055.1000000000
5660 -215134.1000000000
6082 -214752.1000000000
6136 -211916.1000000000
6763 -209962.1000000000
6995 -209869.1000000000
7558 -208523.1000000000
7568 -207056.1000000000
8035 -206160.1000000000
8053 -206079.1000000000
8177 -205438.1000000000
8320 -202763.1000000000
8994 -201473.1000000000
9385 -197543.1000000000
9413 -197128.1000000000
9622 -196761.1000000000
9736 -196415.1000000000
10000 -227305.1000000000
evaluations raw_y
1 -290297.1000000000
2 -288453.1000000000
11 -287840.1000000000
14 -287555.1000000000
15 -286145.1000000000
22 -282282.1000000000
34 -281819.1000000000
67 -280288.1000000000
70 -279488.1000000000
77 -278553.1000000000
140 -278057.1000000000
150 -277990.1000000000
153 -277900.1000000000
158 -276344.1000000000
173 -276017.1000000000
178 -274772.1000000000
211 -273696.1000000000
241 -271742.1000000000
250 -271737.1000000000
259 -270408.1000000000
301 -269819.1000000000
318 -269697.1000000000
333 -264682.1000000000
439 -264544.1000000000
520 -264079.1000000000
559 -262065.1000000000
605 -260621.1000000000
702 -259309.1000000000
715 -257612.1000000000
761 -257141.1000000000
789 -255922.1000000000
795 -254478.1000000000
841 -253713.1000000000
852 -252772.1000000000
869 -252501.1000000000
935 -250652.1000000000
1048 -248717.1000000000
1121 -248097.1000000000
1185 -247573.1000000000
1289 -245298.1000000000
1300 -243936.1000000000
1329 -241438.1000000000
1357 -240710.1000000000
1385 -239601.1000000000
1532 -238825.1000000000
1533 -238396.1000000000
1540 -235323.1000000000
1611 -231629.1000000000
1657 -230555.1000000000
1785 -228924.1000000000
2072 -228190.1000000000
2116 -227440.1000000000
2131 -225718.1000000000
2257 -224996.1000000000
2266 -224781.1000000000
2348 -223023.1000000000
2419 -222971.1000000000
2486 -221568.1000000000
3066 -221366.1000000000
3191 -218388.1000000000
3202 -218233.1000000000
3237 -217451.1000000000
3375 -216731.1000000000
3664 -216134.1000000000
3681 -215209.1000000000
3685 -215054.1000000000
3738 -213255.1000000000
3847 -212281.1000000000
3951 -211359.1000000000
4092 -211334.1000000000
4137 -210969.1000000000
4376 -210938.1000000000
4449 -210355.1000000000
4458 -209499.1000000000
4495 -208251.1000000000
4609 -206929.1000000000
4637 -206189.1000000000
4807 -204637.1000000000
5276 -204606.1000000000
5389 -203687.1000000000
5672 -203150.1000000000
5820 -202798.1000000000
6416 -202117.1000000000
6464 -199258.1000000000
6635 -198425.1000000000
6648 -198111.1000000000
6862 -197282.1000000000
7160 -196796.1000000000
7587 -195992.1000000000
8601 -195572.1000000000
8697 -194810.1000000000
8831 -194068.1000000000
8851 -193433.1000000000
9071 -192665.1000000000
9476 -190711.1000000000
9590 -190611.1000000000
9885 -189894.1000000000
10000 -275053.1000000000
evaluations raw_y
1 -275023.1000000000
4 -274395.1000000000
8 -273017.1000000000
11 -272077.1000000000
14 -271710.1000000000
20 -270977.1000000000
33 -269420.1000000000
77 -268890.1000000000
88 -268456.1000000000
94 -266214.1000000000
128 -265844.1000000000
137 -265342.1000000000
168 -264940.1000000000
175 -262884.1000000000
196 -260555.1000000000
211 -260353.1000000000
241 -259611.1000000000
255 -257846.1000000000
256 -257112.1000000000
281 -256344.1000000000
304 -254093.1000000000
322 -251201.1000000000
338 -250247.1000000000
429 -248325.1000000000
433 -247853.1000000000
476 -244198.1000000000
598 -243888.1000000000
668 -243668.1000000000
693 -243248.1000000000
734 -243017.1000000000
778 -242236.1000000000
786 -238948.1000000000
839 -237614.1000000000
876 -235778.1000000000
921 -233697.1000000000
1001 -233101.1000000000
1046 -232504.1000000000
1067 -230820.1000000000
1113 -227984.1000000000
1133 -227980.1000000000
1225 -227500.1000000000
1257 -226724.1000000000
1306 -225590.1000000000
1604 -224867.1000000000
1635 -223218.1000000000
1637 -222400.1000000000
1738 -222150.1000000000
1786 -221162.1000000000
1790 -219654.1000000000
1795 -219191.1000000000
1873 -216299.1000000000
2469 -215352.1000000000
2620 -214762.1000000000
2626 -213858.1000000000
2677 -212486.1000000000
2890 -212298.1000000000
2900 -210934.1000000000
2902 -210141.1000000000
3000 -209636.1000000000
3220 -209630.1000000000
3408 -208187.1000000000
3488 -207067.1000000000
3867 -204891.1000000000
4173 -204397.1000000000
4239 -203103.1000000000
4305 -203101.1000000000
4393 -201599.1000000000
4524 -201397.1000000000
4558 -198941.1000000000
4737 -198379.1000000000
4805 -198012.1000000000
5092 -197323.1000000000
5278 -196905.1000000000
5400 -196717.1000000000
5519 -196678.1000000000
6030 -196659.1000000000
6034 -196323.1000000000
6159 -195249.1000000000
6406 -194995.1000000000
6615 -194638.1000000000
6677 -193766.1000000000
7121 -193092.1000000000
7145 -192415.1000000000
7311 -192012.1000000000
7360 -191553.1000000000
7555 -190650.1000000000
7941 -188068.1000000000
8239 -186947.1000000000
8312 -186880.1000000000
8585 -185820.1000000000
9250 -185578.1000000000
9258 -185326.1000000000
9290 -185138.1000000000
9425 -184986.1000000000
9680 -184698.1000000000
9909 -184398.1000000000
10000 -239913.1000000000
evaluations raw_y
1 -266251.1000000000
11 -266143.1000000000
12 -265314.1000000000
15 -262972.1000000000
29 -262450.1000000000
31 -259158.1000000000
33 -258723.1000000000
71 -257735.1000000000
85 -255861.1000000000
86 -254189.1000000000
120 -253601.1000000000
151 -252655.1000000000
173 -251861.1000000000
175 -249987.1000000000
219 -249876.1000000000
229 -249413.1000000000
237 -248032.1000000000
270 -247686.1000000000
297 -243938.1000000000
322 -243803.1000000000
324 -242997.1000000000
333 -242323.1000000000
406 -240951.1000000000
441 -240771.1000000000
444 -239413.1000000000
489 -236272.1000000000
498 -236025.1000000000
509 -233697.1000000000
542 -233297.1000000000
566 -233293.1000000000
613 -233211.1000000000
628 -232233.1000000000
641 -231779.1000000000
767 -230135.1000000000
770 -229656.1000000000
802 -226889.1000000000
828 -225877.1000000000
874 -223066.1000000000
1093 -222555.1000000000
1110 -220655.1000000000
1172 -220245.1000000000
1303 -219832.1000000000
1338 -218952.1000000000
1450 -217981.1000000000
1479 -217803.1000000000
1480 -217323.1000000000
1595 -215427.1000000000
1759 -213893.1000000000
2037 -213212.1000000000
2056 -212918.1000000000
2170 -211184.1000000000
2236 -210877.1000000000
2300 -210699.1000000000
2426 -210217.1000000000
2854 -209597.1000000000
3176 -209126.1000000000
3222 -208069.1000000000
3239 -207946.1000000000
3292 -207579.1000000000
3415 -207353.1000000000
3640 -206646.1000000000
3846 -205957.1000000000
3930 -204983.1000000000
4262 -204908.1000000000
4302 -204591.1000000000
4321 -204128.1000000000
4327 -203387.1000000000
4510 -203156.1000000000
5227 -201040.1000000000
5427 -198955.1000000000
6235 -198622.1000000000
6422 -198339.1000000000
6474 -198277.1000000000
6882 -197825.1000000000
6955 -197752.1000000000
7118 -197008.1000000000
7305 -196727.1000000000
7384 -196500.1000000000
7950 -196233.1000000000
8202 -196185.1000000000
8344 -196092.1000000000
8554 -195749.1000000000
8574 -194853.1000000000
8877 -194033.1000000000
9026 -193619.1000000000
9071 -193579.1000000000
9376 -192457.1000000000
9624 -191994.1000000000
9985 -191992.1000000000
10000 -218952.1000000000
evaluations raw_y
1 -281768.1000000000
2 -281627.1000000000
9 -280992.1000000000
20 -280795.1000000000
22 -279498.1000000000
25 -279148.1000000000
32 -278286.1000000000
48 -274514.1000000000
49 -274158.1000000000
67 -270866.1000000000
71 -267689.1000000000
90 -267451.1000000000
133 -265204.1000000000
164 -263758.1000000000
186 -261382.1000000000
194 -260445.1000000000
253 -259385.1000000000
256 -258723.1000000000
269 -256950.1000000000
305 -254996.1000000000
371 -252105.1000000000
374 -251047.1000000000
379 -249294.1000000000
391 -249004.1000000000
442 -248984.1000000000
443 -246073.1000000000
446 -245833.1000000000
471 -245829.1000000000
476 -243822.1000000000
567 -243760.1000000000
576 -243241.1000000000
615 -240788.1000000000
735 -240544.1000000000
753 -239454.1000000000
755 -238280.1000000000
849 -238207.1000000000
892 -234207.1000000000
953 -233533.1000000000
1058 -233024.1000000000
1112 -230225.1000000000
1341 -230055.1000000000
1429 -226307.1000000000
1453 -225600.1000000000
1500 -225214.1000000000
1566 -224593.1000000000
1576 -222541.1000000000
1758 -221913.1000000000
1987 -220151.1000000000
2082 -219266.1000000000
2376 -218292.1000000000
2670 -217902.1000000000
2986 -217457.1000000000
3172 -216791.1000000000
3212 -215816.1000000000
3215 -215066.1000000000
3321 -213732.1000000000
3660 -213653.1000000000
3732 -210817.1000000000
3809 -209643.1000000000
3884 -209155.1000000000
3946 -206766.1000000000
4038 -206566.1000000000
4331 -205199.1000000000
4433 -205026.1000000000
4467 -203752.1000000000
4859 -202932.1000000000
4955 -198911.1000000000
5163 -198088.1000000000
5166 -197443.1000000000
5256 -196319.1000000000
5824 -195978.1000000000
5937 -194315.1000000000
6281 -194067.1000000000
6287 -193980.1000000000
6390 -193867.1000000000
6440 -193637.1000000000
6496 -193518.1000000000
6685 -193400.1000000000
7040 -193235.1000000000
7215 -192503.1000000000
7430 -191873.1000000000
7521 -191199.1000000000
7583 -190610.1000000000
7758 -189109.1000000000
7887 -188372.1000000000
8442 -187556.1000000000
8663 -186805.1000000000
8763 -185285.1000000000
8789 -184961.1000000000
9648 -184372.1000000000
9766 -184275.1000000000
10000 -209403.1000000000
evaluations raw_y
1 -281459.1000000000
5 -279364.1000000000
10 -275309.1000000000
12 -274489.1000000000
27 -274412.1000000000
50 -274300.1000000000
51 -274238.1000000000
61 -273850.1000000000
64 -272069.1000000000
77 -271665.1000000000
78 -270163.1000000000
116 -268222.1000000000
186 -268102.1000000000
190 -264570.1000000000
233 -264564.1000000000
252 -264415.1000000000
310 -262282.1000000000
321 -259226.1000000000
366 -258515.1000000000
437 -255706.1000000000
549 -253826.1000000000
588 -252380.1000000000
683 -251436.1000000000
711 -251304.1000000000
756 -251203.1000000000
760 -250836.1000000000
765 -250254.1000000000
847 -249776.1000000000
857 -248850.1000000000
993 -248350.1000000000
994 -247887.1000000000
1026 -243667.1000000000
1042 -240868.1000000000
1228 -238560.1000000000
1288 -238050.1000000000
1426 -236796.1000000000
1619 -236337.1000000000
1693 -236086.1000000000
1786 -235412.1000000000
1830 -234316.1000000000
1834 -234315.1000000000
1925 -232848.1000000000
2114 -232024.1000000000
2145 -231120.1000000000
2176 -229376.1000000000
2227 -229297.1000000000
2327 -228839.1000000000
2642 -228242.1000000000
2675 -227942.1000000000
2680 -227741.1000000000
2740 -227330.1000000000
2876 -226463.1000000000
3020 -225867.1000000000
3414 -225703.1000000000
3498 -225008.1000000000
3632 -223605.1000000000
3852 -219758.1000000000
4041 -217638.1000000000
4523 -216550.1000000000
4713 -214839.1000000000
5005 -211962.1000000000
5279 -211850.1000000000
5650 -210995.1000000000
5726 -210774.1000000000
6028 -210403.1000000000
6047 -209681.1000000000
6163 -209453.1000000000
6340 -208713.1000000000
6744 -207467.1000000000
6860 -207185.1000000000
6885 -206510.1000000000
7435 -205922.1000000000
8157 -204302.1000000000
8605 -202912.1000000000
8627 -202710.1000000000
8953 -201466.1000000000
9003 -201262.1000000000
9071 -200552.1000000000
9077 -199334.1000000000
9129 -198511.1000000000
9637 -196754.1000000000
9846 -194860.1000000000
10000 -251076.1000000000
evaluations raw_y
1 -265994.1000000000
4 -261784.1000000000
12 -261082.1000000000
13 -260777.1000000000
24 -260766.1000000000
30 -258182.1000000000
35 -257971.1000000000
51 -257005.1000000000
53 -253705.1000000000
62 -250949.1000000000
79 -250099.1000000000
103 -247742.1000000000
106 -245290.1000000000
146 -245117.1000000000
170 -244736.1000000000
198 -244409.1000000000
222 -240661.1000000000
228 -240251.1000000000
270 -239109.1000000000
354 -238492.1000000000
363 -237515.1000000000
466 -236692.1000000000
467 -230777.1000000000
566 -230373.1000000000
588 -229589.1000000000
653 -227753.1000000000
657 -227635.1000000000
738 -226998.1000000000
804 -225781.1000000000
870 -225301.1000000000
884 -225083.1000000000
929 -224366.1000000000
1084 -223959.1000000000
1189 -223821.1000000000
1224 -222727.1000000000
1254 -221484.1000000000
1295 -220633.1000000000
1382 -220254.1000000000
1391 -219635.1000000000
1412 -218661.1000000000
1414 -218630.1000000000
1456 -218475.1000000000
1488 -217949.1000000000
1521 -217205.1000000000
1633 -217027.1000000000
1977 -216495.1000000000
1982 -215853.1000000000
1987 -215307.1000000000
2146 -215294.1000000000
2178 -213651.1000000000
2270 -212776.1000000000
2391 -212368.1000000000
2469 -211507.1000000000
2494 -210763.1000000000
2630 -210641.1000000000
2645 -208208.1000000000
2680 -207829.1000000000
2987 -207581.1000000000
3071 -206361.1000000000
3126 -206072.1000000000
3187 -204139.1000000000
3454 -202257.1000000000
3618 -201822.1000000000
3707 -201054.1000000000
3772 -200642.1000000000
3854 -199311.1000000000
3878 -198311.1000000000
3989 -197142.1000000000
4354 -195484.1000000000
4450 -195040.1000000000
4478 -194924.1000000000
4572 -191500.1000000000
4607 -191289.1000000000
4735 -190819.1000000000
4768 -190220.1000000000
4772 -189380.1000000000
4780 -188002.1000000000
5310 -187580.1000000000
5368 -186748.1000000000
6134 -186381.1000000000
6413 -186229.1000000000
6589 -183744.1000000000
6835 -181206.1000000000
7521 -180593.1000000000
7730 -179508.1000000000
7865 -178971.1000000000
7949 -177745.1000000000
8022 -177491.1000000000
8193 -176547.1000000000
8324 -176541.1000000000
8711 -174599.1000000000
8845 -174487.1000000000
9044 -174097.1000000000
9492 -173816.1000000000
9921 -173810.1000000000
10000 -177491.1000000000
evaluations raw_y
1 -269490.1000000000
2 -267337.1000000000
3 -264456.1000000000
5 -262286.1000000000
21 -262204.1000000000
22 -260950.1000000000
34 -256820.1000000000
43 -254758.1000000000
80 -254017.1000000000
97 -253592.1000000000
101 -252603.1000000000
125 -251911.1000000000
139 -251057.1000000000
148 -249848.1000000000
150 -248686.1000000000
154 -245690.1000000000
286 -243884.1000000000
299 -243291.1000000000
325 -240455.1000000000
413 -240054.1000000000
448 -239854.1000000000
453 -238805.1000000000
473 -238758.1000000000
494 -236884.1000000000
624 -236719.1000000000
685 -235862.1000000000
746 -233600.1000000000
897 -232835.1000000000
965 -232244.1000000000
1002 -232231.1000000000
1079 -231618.1000000000
1093 -231201.1000000000
1102 -230619.1000000000
1107 -229790.1000000000
1137 -229786.1000000000
1148 -229234.1000000000
1158 -228291.1000000000
1262 -227633.1000000000
1497 -227013.1000000000
1552 -224341.1000000000
1629 -223472.1000000000
1670 -221388.1000000000
2017 -217525.1000000000
2033 -217425.1000000000
2041 -216488.1000000000
2129 -216055.1000000000
2182 -214609.1000000000
2616 -213288.1000000000
2624 -212968.1000000000
2626 -212929.1000000000
3096 -212725.1000000000
3151 -212317.1000000000
3188 -211434.1000000000
3273 -211428.1000000000
3363 -211252.1000000000
3523 -209637.1000000000
3671 -209433.1000000000
3715 -208017.1000000000
3737 -207188.1000000000
3857 -206305.1000000000
3960 -205805.1000000000
4059 -204774.1000000000
4094 -204184.1000000000
4111 -204043.1000000000
4195 -204031.1000000000
4226 -203564.1000000000
4497 -199717.1000000000
6387 -199385.1000000000
6550 -196385.1000000000
7324 -195993.1000000000
7590 -194681.1000000000
7764 -194093.1000000000
7771 -193757.1000000000
7939 -192989.1000000000
8001 -192395.1000000000
8007 -192341.1000000000
8031 -191995.1000000000
8092 -191728.1000000000
8309 -191600.1000000000
8485 -190955.1000000000
9015 -189337.1000000000
9827 -189145.1000000000
9864 -189039.1000000000
10000 -225299.1000000000
evaluations raw_y
1 -279579.1000000000
3 -279577.1000000000
5 -277457.1000000000
10 -276837.1000000000
20 -276660.1000000000
21 -275133.1000000000
24 -272379.1000000000
55 -272043.1000000000
58 -271649.1000000000
64 -268575.1000000000
66 -261462.1000000000
125 -261260.1000000000
145 -260407.1000000000
170 -259227.1000000000
192 -258899.1000000000
207 -257755.1000000000
211 -253220.1000000000
293 -248976.1000000000
430 -248529.1000000000
460 -246495.1000000000
463 -244298.1000000000
693 -243833.1000000000
867 -243804.1000000000
875 -243081.1000000000
901 -242734.1000000000
918 -241048.1000000000
941 -239807.1000000000
951 -238819.1000000000
1014 -238463.1000000000
1165 -237716.1000000000
1201 -237209.1000000000
1224 -237109.1000000000
1315 -236863.1000000000
1328 -234344.1000000000
1501 -233785.1000000000
1506 -232464.1000000000
1586 -232127.1000000000
1595 -230984.1000000000
1770 -229933.1000000000
1775 -229274.1000000000
1814 -228655.1000000000
1842 -226761.1000000000
1922 -226280.1000000000
1952 -225590.1000000000
2073 -224815.1000000000
2082 -224321.1000000000
2115 -224228.1000000000
2122 -222358.1000000000
2176 -221649.1000000000
2272 -219282.1000000000
2543 -218832.1000000000
2624 -218408.1000000000
2673 -217912.1000000000
2738 -216896.1000000000
2874 -216306.1000000000
2905 -215483.1000000000
2909 -214863.1000000000
2961 -212280.1000000000
3960 -209592.1000000000
4272 -209096.1000000000
4280 -208996.1000000000
4427 -207096.1000000000
4548 -206974.1000000000
4809 -206816.1000000000
4815 -205642.1000000000
5099 -203768.1000000000
5196 -203345.1000000000
5617 -202406.1000000000
5907 -200760.1000000000
6146 -200000.1000000000
6367 -199987.1000000000
6743 -199063.1000000000
6937 -198696.1000000000
7029 -198335.1000000000
7114 -197770.1000000000
7243 -197663.1000000000
7715 -196483.1000000000
7877 -195977.1000000000
7977 -195766.1000000000
8138 -195192.1000000000
8281 -194532.1000000000
8531 -193832.1000000000
9223 -193476.1000000000
9311 -191078.1000000000
9479 -190688.1000000000
9696 -190515.1000000000
10000 -218030.1000000000
evaluations raw_y
1 -283136.1000000000
5 -282449.1000000000
7 -281077.1000000000
9 -280336.1000000000
10 -279714.1000000000
11 -279667.1000000000
28 -279181.1000000000
31 -275597.1000000000
36 -274377.1000000000
43 -273290.1000000000
60 -272477.1000000000
67 -271378.1000000000
98 -270904.1000000000
101 -267680.1000000000
102 -267501.1000000000
111 -266527.1000000000
130 -265527.1000000000
137 -264924.1000000000
142 -264548.1000000000
170 -263028.1000000000
283 -262389.1000000000
319 -261409.1000000000
329 -259293.1000000000
440 -258464.1000000000
485 -257620.1000000000
510 -257284.1000000000
547 -249470.1000000000
636 -247918.1000000000
731 -247288.1000000000
760 -245706.1000000000
838 -245526.1000000000
842 -244028.1000000000
932 -243283.1000000000
1061 -243029.1000000000
1069 -242548.1000000000
1104 -241259.1000000000
1225 -241029.1000000000
1309 -240724.1000000000
1357 -240622.1000000000
1597 -240168.1000000000
1631 -239468.1000000000
1818 -238931.1000000000
1927 -237948.1000000000
1984 -237869.1000000000
2072 -237303.1000000000
2107 -235385.1000000000
2353 -234723.1000000000
2369 -233542.1000000000
2409 -232203.1000000000
2424 -232074.1000000000
2465 -230481.1000000000
2477 -230370.1000000000
2531 -228863.1000000000
2563 -228694.1000000000
2601 -227514.1000000000
2819 -226385.1000000000
2955 -225641.1000000000
3001 -223493.1000000000
3212 -222521.1000000000
3268 -220751.1000000000
3604 -220551.1000000000
3609 -218647.1000000000
3693 -217167.1000000000
3916 -216247.1000000000
4425 -215619.1000000000
4619 -212499.1000000000
4771 -210660.1000000000
4853 -210216.1000000000
5035 -210188.1000000000
5262 -209479.1000000000
5312 -206548.1000000000
5456 -205601.1000000000
5931 -205379.1000000000
6198 -203064.1000000000
6437 -202235.1000000000
7004 -201845.1000000000
7309 -201298.1000000000
7673 -200633.1000000000
7750 -199997.1000000000
9093 -199951.1000000000
9422 -199421.1000000000
9445 -198863.1000000000
9515 -198857.1000000000
9804 -198410.1000000000
9936 -198122.1000000000
10000 -217665.1000000000
evaluations raw_y
1 -261256.1000000000
2 -261052.1000000000
11 -260643.1000000000
12 -259969.1000000000
17 -259748.1000000000
20 -258876.1000000000
21 -257858.1000000000
32 -257740.1000000000
40 -257448.1000000000
45 -257025.1000000000
46 -256861.1000000000
64 -253899.1000000000
74 -252988.1000000000
110 -252501.1000000000
114 -252366.1000000000
121 -252148.1000000000
140 -251182.1000000000
143 -249962.1000000000
173 -249720.1000000000
174 -249320.1000000000
177 -247238.1000000000
197 -246792.1000000000
199 -246230.1000000000
230 -246026.1000000000
265 -245079.1000000000
328 -244130.1000000000
398 -243317.1000000000
426 -243044.1000000000
481 -243032.1000000000
485 -240199.1000000000
573 -239869.1000000000
594 -238615.1000000000
738 -238248.1000000000
803 -238246.1000000000
829 -237413.1000000000
871 -236441.1000000000
890 -236197.1000000000
917 -235453.1000000000
963 -234826.1000000000
1032 -234823.1000000000
1034 -234364.1000000000
1043 -233554.1000000000
1076 -230910.1000000000
1084 -230908.1000000000
1105 -229732.1000000000
1199 -228957.1000000000
1245 -225287.1000000000
1287 -225065.1000000000
1348 -223885.1000000000
1500 -223634.1000000000
1520 -222333.1000000000
1552 -221911.1000000000
1575 -219441.1000000000
2023 -219104.1000000000
2026 -218467.1000000000
2095 -217579.1000000000
2254 -216289.1000000000
2273 -215111.1000000000
2277 -213852.1000000000
2372 -212325.1000000000
2456 -210685.1000000000
3092 -210156.1000000000
3273 -208008.1000000000
3415 -207134.1000000000
3483 -206213.1000000000
3525 -205620.1000000000
3562 -203974.1000000000
3693 -203863.1000000000
3858 -201820.1000000000
3966 -199677.1000000000
3996 -196143.1000000000
4189 -195266.1000000000
4341 -195264.1000000000
4372 -194530.1000000000
4476 -194290.1000000000
4493 -194189.1000000000
4528 -193968.1000000000
5041 -193917.1000000000
5084 -193163.1000000000
5179 -193063.1000000000
5245 -192396.1000000000
5268 -191515.1000000000
5722 -190619.1000000000
5762 -190493.1000000000
6082 -189206.1000000000
6377 -189200.1000000000
6972 -187830.1000000000
7454 -184095.1000000000
7770 -183199.1000000000
7954 -182391.1000000000
8234 -181610.1000000000
8254 -180437.1000000000
8665 -180298.1000000000
9420 -178055.1000000000
10000 -235948.1000000000
evaluations raw_y
1 -273421.1000000000
12 -272812.1000000000
13 -269785.1000000000
16 -266967.1000000000
29 -264170.1000000000
40 -263196.1000000000
42 -262915.1000000000
58 -261639.1000000000
102 -260701.1000000000
123 -257097.1000000000
141 -254312.1000000000
174 -253724.1000000000
184 -253162.1000000000
218 -252798.1000000000
239 -251800.1000000000
260 -251134.1000000000
280 -247594.1000000000
325 -245708.1000000000
366 -245495.1000000000
401 -244573.1000000000
432 -241066.1000000000
487 -240211.1000000000
540 -240089.1000000000
579 -237402.1000000000
625 -237155.1000000000
671 -234049.1000000000
682 -232279.1000000000
771 -230727.1000000000
790 -230633.1000000000
795 -227839.1000000000
942 -226134.1000000000
989 -223976.1000000000
1040 -223153.1000000000
1140 -222430.1000000000
1385 -222232.1000000000
1458 -221374.1000000000
1701 -221351.1000000000
1949 -220872.1000000000
2044 -220760.1000000000
2138 -220019.1000000000
2279 -218657.1000000000
2286 -218264.1000000000
2392 -217164.1000000000
2468 -215394.1000000000
2485 -215366.1000000000
2652 -214394.1000000000
2679 -214233.1000000000
2693 -214231.1000000000
2736 -213658.1000000000
2868 -212261.1000000000
3029 -209379.1000000000
3135 -207210.1000000000
3301 -204772.1000000000
3425 -203400.1000000000
3468 -200170.1000000000
3560 -199833.1000000000
3588 -199147.1000000000
3678 -199089.1000000000
4150 -198215.1000000000
4279 -197041.1000000000
4322 -194408.1000000000
4679 -193483.1000000000
5040 -192624.1000000000
5118 -190978.1000000000
5569 -190802.1000000000
6358 -189032.1000000000
6369 -189001.1000000000
6837 -188957.1000000000
7075 -187121.1000000000
8982 -186508.1000000000
9042 -186118.1000000000
9717 -184674.1000000000
10000 -232279.1000000000
evaluations raw_y
1 -277662.1000000000
2 -277270.1000000000
3 -276976.1000000000
12 -276586.1000000000
25 -276479.1000000000
27 -275413.1000000000
36 -272614.1000000000
40 -272128.1000000000
45 -271742.1000000000
47 -271267.1000000000
54 -269007.1000000000
63 -267523.1000000000
68 -265605.1000000000
105 -265282.1000000000
115 -263948.1000000000
162 -261678.1000000000
214 -260498.1000000000
253 -259670.1000000000
255 -258737.1000000000
296 -258666.1000000000
298 -256864.1000000000
302 -256808.1000000000
306 -256746.1000000000
325 -255072.1000000000
360 -254478.1000000000
368 -252832.1000000000
377 -251574.1000000000
385 -251550.1000000000
412 -251302.1000000000
438 -250993.1000000000
525 -250370.1000000000
552 -248606.1000000000
556 -246230.1000000000
617 -245931.1000000000
671 -244504.1000000000
682 -243558.1000000000
724 -243158.1000000000
841 -242925.1000000000
865 -239269.1000000000
888 -239112.1000000000
910 -238624.1000000000
983 -237507.1000000000
1030 -236875.1000000000
1167 -232819.1000000000
1257 -232514.1000000000
1284 -232124.1000000000
1401 -232120.1000000000
1416 -230944.1000000000
1430 -227664.1000000000
1701 -226447.1000000000
1807 -225144.1000000000
1912 -224071.1000000000
2139 -224045.1000000000
2301 -221584.1000000000
2518 -220612.1000000000
2589 -219166.1000000000
2661 -218092.1000000000
3166 -217635.1000000000
3178 -217590.1000000000
3408 -216868.1000000000
3509 -216235.1000000000
3604 -215850.1000000000
3712 -215550.1000000000
3839 -213706.1000000000
3920 -212774.1000000000
3967 -212176.1000000000
3972 -211950.1000000000
4344 -211270.1000000000
4357 -209068.1000000000
4534 -208554.1000000000
4673 -208183.1000000000
4761 -206964.1000000000
4838 -206314.1000000000
4952 -204812.1000000000
5392 -204324.1000000000
5446 -203916.1000000000
5711 -203691.1000000000
5840 -202223.1000000000
6336 -202050.1000000000
6474 -199218.1000000000
6793 -197765.1000000000
7156 -197680.1000000000
7559 -196380.1000000000
7924 -195462.1000000000
8282 -192651.1000000000
8292 -192261.1000000000
8323 -192138.1000000000
8387 -191913.1000000000
8400 -191704.1000000000
8583 -190252.1000000000
8987 -189535.1000000000
9330 -189348.1000000000
10000 -205346.1000000000
evaluations raw_y
1 -284265.1000000000
4 -283988.1000000000
9 -282741.1000000000
16 -281662.1000000000
23 -280024.1000000000
25 -276682.1000000000
37 -276292.1000000000
38 -275431.1000000000
41 -274177.1000000000
49 -273496.1000000000
55 -272635.1000000000
68 -272539.1000000000
70 -270785.1000000000
79 -270471.1000000000
81 -269744.1000000000
85 -269233.1000000000
107 -268348.1000000000
119 -268183.1000000000
128 -266892.1000000000
130 -265485.1000000000
143 -263557.1000000000
223 -261737.1000000000
227 -260771.1000000000
231 -259949.1000000000
305 -258447.1000000000
307 -258399.1000000000
322 -258231.1000000000
351 -257018.1000000000
419 -256250.1000000000
427 -251912.1000000000
474 -251604.1000000000
489 -251520.1000000000
527 -250739.1000000000
546 -250058.1000000000
648 -247666.1000000000
742 -247516.1000000000
781 -246631.1000000000
789 -246022.1000000000
822 -245898.1000000000
885 -245676.1000000000
886 -243491.1000000000
895 -242311.1000000000
1123 -240908.1000000000
1171 -240518.1000000000
1310 -238465.1000000000
1340 -238119.1000000000
1403 -237499.1000000000
1502 -234743.1000000000
1549 -234382.1000000000
1554 -233895.1000000000
1633 -233555.1000000000
1645 -232738.1000000000
1724 -232163.1000000000
1741 -232034.1000000000
1806 -231669.1000000000
1850 -231535.1000000000
1869 -231067.1000000000
1907 -230841.1000000000
1918 -228268.1000000000
1946 -227088.1000000000
2219 -226906.1000000000
2241 -223902.1000000000
2302 -223154.1000000000
2335 -222177.1000000000
2396 -221773.1000000000
2465 -221160.1000000000
2561 -220091.1000000000
2856 -219317.1000000000
2938 -218683.1000000000
2941 -215610.1000000000
3054 -214662.1000000000
3500 -214254.1000000000
3600 -213724.1000000000
3628 -212880.1000000000
3793 -212308.1000000000
3976 -211695.1000000000
4084 -211325.1000000000
4136 -210777.1000000000
4497 -209674.1000000000
4528 -209264.1000000000
4637 -206330.1000000000
4723 -204321.1000000000
4976 -204290.1000000000
5036 -203343.1000000000
5186 -201466.1000000000
5247 -201056.1000000000
5361 -200280.1000000000
5374 -199457.1000000000
5543 -198510.1000000000
5658 -197030.1000000000
6066 -195957.1000000000
6195 -195731.1000000000
6346 -194541.1000000000
6663 -193669.1000000000
7394 -192518.1000000000
8023 -192128.1000000000
8218 -191156.1000000000
9149 -191013.1000000000
9169 -190228.1000000000
9188 -189578.1000000000
9209 -188936.1000000000
9364 -187320.1000000000
9940 -186595.1000000000
10000 -258793.1000000000
evaluations raw_y
1 -289801.1000000000
6 -288572.1000000000
11 -288109.1000000000
16 -287139.1000000000
26 -286602.1000000000
27 -286211.1000000000
39 -284722.1000000000
42 -284022.1000000000
64 -283766.1000000000
66 -282466.1000000000
91 -279697.1000000000
97 -279135.1000000000
128 -277921.1000000000
164 -275188.1000000000
187 -274856.1000000000
231 -274679.1000000000
240 -274049.1000000000
251 -273317.1000000000
308 -273003.1000000000
320 -272281.1000000000
336 -272031.1000000000
339 -271776.1000000000
355 -269984.1000000000
484 -268066.1000000000
493 -266620.1000000000
663 -266122.1000000000
677 -265931.1000000000
707 -265621.1000000000
858 -265189.1000000000
930 -264367.1000000000
933 -262523.1000000000
939 -261781.1000000000
951 -260894.1000000000
1051 -258442.1000000000
1199 -254407.1000000000
1287 -254351.1000000000
1304 -253235.1000000000
1308 -249487.1000000000
1361 -248765.1000000000
1512 -245050.1000000000
1638 -244642.1000000000
1665 -243080.1000000000
1681 -242661.1000000000
1719 -240008.1000000000
1991 -239976.1000000000
2002 -239026.1000000000
2070 -238238.1000000000
2229 -236668.1000000000
2498 -234788.1000000000
2999 -232694.1000000000
3129 -232406.1000000000
3188 -231230.1000000000
3212 -230042.1000000000
3315 -230011.1000000000
3387 -229530.1000000000
3410 -229197.1000000000
3505 -228153.1000000000
3634 -226819.1000000000
3653 -226573.1000000000
3813 -226128.1000000000
3866 -224821.1000000000
4021 -223633.1000000000
4070 -223306.1000000000
4147 -222250.1000000000
4466 -219375.1000000000
4640 -218838.1000000000
4695 -216386.1000000000
5374 -214940.1000000000
5615 -214180.1000000000
5951 -213753.1000000000
6312 -212307.1000000000
6520 -211713.1000000000
6530 -209713.1000000000
6570 -206902.1000000000
6772 -206871.1000000000
7139 -206380.1000000000
7147 -202632.1000000000
7160 -200973.1000000000
7908 -200510.1000000000
8119 -200023.1000000000
8184 -198769.1000000000
8400 -197940.1000000000
8444 -197918.1000000000
8807 -195245.1000000000
8859 -192893.1000000000
9162 -192455.1000000000
10000 -202453.1000000000
