evaluations raw_y
1 -1981.0000000000
2 -1980.0000000000
17 -1978.0000000000
89 -1977.0000000000
306 -1976.0000000000
10001 -1981.0000000000
evaluations raw_y
1 -2045.0000000000
3 -2044.0000000000
11 -2043.0000000000
25 -2042.0000000000
460 -2041.0000000000
7937 -2039.0000000000
10001 -2044.0000000000
evaluations raw_y
1 -2047.0000000000
7 -2046.0000000000
34 -2044.0000000000
1889 -2043.0000000000
10001 -2047.0000000000
evaluations raw_y
1 -1987.0000000000
7 -1986.0000000000
11 -1985.0000000000
17 -1984.0000000000
1765 -1983.0000000000
10001 -1986.0000000000
evaluations raw_y
1 -1991.0000000000
9 -1990.0000000000
24 -1989.0000000000
547 -1988.0000000000
710 -1987.0000000000
4337 -1986.0000000000
10001 -1989.0000000000
evaluations raw_y
1 -1967.0000000000
2 -1966.0000000000
13 -1964.0000000000
90 -1962.0000000000
10001 -1966.0000000000
evaluations raw_y
1 -1999.0000000000
2 -1998.0000000000
14 -1997.0000000000
183 -1995.0000000000
576 -1994.0000000000
10001 -1999.0000000000
evaluations raw_y
1 -1987.0000000000
4 -1986.0000000000
34 -1984.0000000000
556 -1983.0000000000
10001 -1988.0000000000
evaluations raw_y
1 -2049.0000000000
5 -2048.0000000000
17 -2047.0000000000
82 -2046.0000000000
360 -2045.0000000000
3946 -2044.0000000000
10001 -2049.0000000000
evaluations raw_y
1 -2050.0000000000
2 -2048.0000000000
156 -2047.0000000000
1132 -2046.0000000000
10001 -2049.0000000000
evaluations raw_y
1 -1994.0000000000
4 -1993.0000000000
9 -1992.0000000000
68 -1991.0000000000
79 -1989.0000000000
10001 -1993.0000000000
evaluations raw_y
1 -1957.0000000000
17 -1956.0000000000
28 -1955.0000000000
252 -1954.0000000000
1585 -1953.0000000000
3653 -1952.0000000000
10001 -1956.0000000000
evaluations raw_y
1 -2040.0000000000
3 -2036.0000000000
7073 -2035.0000000000
10001 -2040.0000000000
evaluations raw_y
1 -2064.0000000000
4 -2062.0000000000
11 -2061.0000000000
365 -2060.0000000000
10001 -2063.0000000000
evaluations raw_y
1 -2009.0000000000
2 -2008.0000000000
21 -2007.0000000000
171 -2006.0000000000
978 -2005.0000000000
4602 -2004.0000000000
10001 -2011.0000000000
evaluations raw_y
1 -1975.0000000000
6 -1974.0000000000
8 -1971.0000000000
3680 -1970.0000000000
10001 -1973.0000000000
evaluations raw_y
1 -1964.0000000000
4 -1963.0000000000
5 -1962.0000000000
215 -1961.0000000000
1197 -1960.0000000000
2381 -1959.0000000000
10001 -1964.0000000000
evaluations raw_y
1 -1952.0000000000
13 -1951.0000000000
15 -1950.0000000000
135 -1949.0000000000
1056 -1948.0000000000
7915 -1947.0000000000
10001 -1950.0000000000
evaluations raw_y
1 -2055.0000000000
3 -2054.0000000000
10 -2053.0000000000
106 -2052.0000000000
682 -2051.0000000000
10001 -2055.0000000000
evaluations raw_y
1 -1998.0000000000
4 -1997.0000000000
95 -1996.0000000000
291 -1995.0000000000
1700 -1994.0000000000
2274 -1993.0000000000
10001 -1999.0000000000
evaluations raw_y
1 -1992.0000000000
6 -1991.0000000000
25 -1990.0000000000
101 -1989.0000000000
425 -1988.0000000000
10001 -1993.0000000000
evaluations raw_y
1 -2050.0000000000
12 -2049.0000000000
43 -2048.0000000000
117 -2046.0000000000
9559 -2045.0000000000
10001 -2049.0000000000
evaluations raw_y
1 -2021.0000000000
4 -2020.0000000000
19 -2019.0000000000
65 -2018.0000000000
79 -2016.0000000000
10001 -2021.0000000000
evaluations raw_y
1 -2042.0000000000
2 -2041.0000000000
32 -2040.0000000000
61 -2039.0000000000
247 -2037.0000000000
10001 -2042.0000000000
evaluations raw_y
1 -1993.0000000000
10 -1992.0000000000
16 -1989.0000000000
1920 -1988.0000000000
10001 -1992.0000000000
evaluations raw_y
1 -2013.0000000000
11 -2012.0000000000
15 -2011.0000000000
18 -2010.0000000000
1309 -2009.0000000000
2733 -2008.0000000000
10001 -2013.0000000000
evaluations raw_y
1 -2012.0000000000
5 -2010.0000000000
164 -2008.0000000000
1203 -2007.0000000000
10001 -2012.0000000000
evaluations raw_y
1 -2020.0000000000
3 -2019.0000000000
5 -2018.0000000000
39 -2017.0000000000
634 -2016.0000000000
3284 -2015.0000000000
10001 -2021.0000000000
evaluations raw_y
1 -1998.0000000000
3 -1997.0000000000
5 -1996.0000000000
81 -1995.0000000000
367 -1994.0000000000
10001 -1998.0000000000
evaluations raw_y
1 -2028.0000000000
3 -2027.0000000000
18 -2026.0000000000
67 -2025.0000000000
182 -2024.0000000000
5518 -2023.0000000000
10001 -2026.0000000000
